timestamp,open,high,low,close,volume
1639069200000.0,0.3299,0.3299,0.2992,0.3002,2031421.5
1639072800000.0,0.299,0.3013,0.292,0.2961,894340.8
1639076400000.0,0.2966,0.3,0.2882,0.2908,1640677.8
1639080000000.0,0.2908,0.2945,0.288,0.2915,312469.0
1639083600000.0,0.292,0.2968,0.2891,0.2965,1054593.9
1639087200000.0,0.2969,0.301,0.2885,0.2943,1967221.1
1639090800000.0,0.294,0.306,0.2898,0.2899,1086550.9
1639094400000.0,0.291,0.2998,0.285,0.2965,851599.3
1639098000000.0,0.2962,0.3012,0.2917,0.2993,1709965.8
1639101600000.0,0.2993,0.3006,0.2952,0.2982,755335.6
1639105200000.0,0.2975,0.2987,0.2929,0.2959,902595.9
1639108800000.0,0.2959,0.3031,0.2892,0.2912,1375502.4
1639112400000.0,0.2914,0.2964,0.2763,0.285,1889646.9
1639116000000.0,0.2848,0.2875,0.2796,0.2799,476249.8
1639119600000.0,0.2802,0.2927,0.2727,0.2757,869068.7
1639123200000.0,0.2751,0.2788,0.2742,0.2782,367934.2
1639126800000.0,0.2783,0.2799,0.2739,0.2791,184164.2
1639130400000.0,0.2796,0.281,0.2755,0.2763,243709.9
1639134000000.0,0.2753,0.2827,0.2753,0.28,252228.2
1639137600000.0,0.2802,0.2832,0.2792,0.2814,418204.8
1639141200000.0,0.2811,0.2851,0.277,0.2837,428656.8
1639144800000.0,0.2829,0.2859,0.2725,0.2726,515803.7
1639148400000.0,0.2728,0.2796,0.2696,0.2717,909726.9
1639152000000.0,0.2708,0.2726,0.2656,0.2688,834072.5
1639155600000.0,0.2688,0.2704,0.2657,0.2683,351903.6
1639159200000.0,0.2682,0.2741,0.2667,0.2667,640383.2
1639162800000.0,0.2667,0.2741,0.2623,0.2691,745528.1
1639166400000.0,0.2692,0.277,0.2683,0.2723,936543.5
1639170000000.0,0.2723,0.2723,0.2646,0.2663,1034829.5
1639173600000.0,0.2669,0.2944,0.2657,0.2847,3511946.1
1639177200000.0,0.2806,0.3544,0.2805,0.2862,9108728.0
1639180800000.0,0.2858,0.2871,0.2721,0.2781,2890506.4
1639184400000.0,0.2782,0.2904,0.2779,0.2888,1757554.3
1639188000000.0,0.2895,0.2906,0.2861,0.2872,1195562.2
1639191600000.0,0.2872,0.288,0.2778,0.279,1274066.0
1639195200000.0,0.2788,0.2789,0.2732,0.2777,526276.6
1639198800000.0,0.2777,0.2779,0.2716,0.2725,604520.2
1639202400000.0,0.2724,0.2981,0.2711,0.2887,1328782.4
1639206000000.0,0.2888,0.2931,0.2721,0.2839,787358.8
1639209600000.0,0.2834,0.297,0.2764,0.2882,748981.1
1639213200000.0,0.2894,0.2973,0.2848,0.2918,1314628.2
1639216800000.0,0.2925,0.3,0.2852,0.2852,444307.5
1639220400000.0,0.2853,0.2891,0.281,0.289,702994.4
1639224000000.0,0.2892,0.2956,0.2868,0.2876,730359.4
1639227600000.0,0.2885,0.2896,0.2743,0.2806,1738258.9
1639231200000.0,0.2798,0.2884,0.2782,0.2884,870422.3
1639234800000.0,0.2885,0.2916,0.2824,0.2863,1556722.3
1639238400000.0,0.2865,0.2895,0.2839,0.2841,1016715.5
1639242000000.0,0.2841,0.2865,0.2818,0.2824,745472.1
1639245600000.0,0.2828,0.283,0.28,0.281,483012.0
1639249200000.0,0.2816,0.282,0.2714,0.2754,1143925.8
1639252800000.0,0.2753,0.2786,0.2684,0.273,3067995.6
1639256400000.0,0.273,0.2735,0.2683,0.2711,561809.3
1639260000000.0,0.2713,0.2726,0.2683,0.2699,373668.3
1639263600000.0,0.2699,0.2743,0.269,0.2728,314673.7
1639267200000.0,0.2728,0.2732,0.2681,0.2703,688396.8
1639270800000.0,0.2702,0.2706,0.2653,0.2655,561272.6
1639274400000.0,0.2657,0.2658,0.2637,0.265,375128.6
1639278000000.0,0.2646,0.2663,0.2646,0.265,253085.0
1639281600000.0,0.2658,0.2658,0.26,0.2618,295955.3
1639285200000.0,0.2625,0.2648,0.2615,0.2624,217474.2
1639288800000.0,0.263,0.2654,0.2624,0.2647,208142.0
1639292400000.0,0.2652,0.266,0.2631,0.265,97816.4
1639296000000.0,0.264,0.2648,0.2599,0.2613,159973.1
1639299600000.0,0.2618,0.2631,0.2589,0.2596,78789.3
1639303200000.0,0.2598,0.2611,0.2577,0.2611,130385.5
1639306800000.0,0.2612,0.2633,0.2596,0.2622,102617.2
1639310400000.0,0.2617,0.2659,0.2617,0.2638,182289.3
1639314000000.0,0.2637,0.2664,0.2628,0.2641,273892.4
1639317600000.0,0.2646,0.2646,0.2614,0.263,133117.2
1639321200000.0,0.263,0.2638,0.2606,0.2606,414906.9
1639324800000.0,0.2608,0.2625,0.2591,0.2625,306176.2
1639328400000.0,0.2625,0.2656,0.2621,0.2651,250644.3
1639332000000.0,0.2656,0.2679,0.2642,0.2653,158231.2
1639335600000.0,0.2653,0.2674,0.2651,0.2662,159865.1
1639339200000.0,0.266,0.2688,0.2656,0.2668,375193.5
1639342800000.0,0.2668,0.2668,0.2618,0.262,228517.5
1639346400000.0,0.2621,0.2632,0.2609,0.2629,102098.2
1639350000000.0,0.263,0.2633,0.26,0.261,333466.1
1639353600000.0,0.2615,0.2624,0.2544,0.2554,421738.4
1639357200000.0,0.2547,0.2549,0.2488,0.249,1025159.0
1639360800000.0,0.2496,0.2506,0.2474,0.2486,282710.9
1639364400000.0,0.2486,0.2513,0.247,0.2501,551395.5
1639368000000.0,0.2496,0.2504,0.2468,0.2499,395000.6
1639371600000.0,0.2499,0.2506,0.2466,0.2498,358722.0
1639375200000.0,0.2496,0.2499,0.2422,0.2437,338014.4
1639378800000.0,0.2437,0.2452,0.2418,0.2439,113020.4
1639382400000.0,0.2439,0.2474,0.2418,0.2468,115610.8
1639386000000.0,0.2469,0.247,0.2439,0.2462,148945.3
1639389600000.0,0.247,0.2488,0.245,0.2457,26856.0
1639393200000.0,0.2463,0.2489,0.2457,0.2487,146698.2
1639396800000.0,0.2487,0.249,0.2432,0.2438,138300.8
1639400400000.0,0.2437,0.2447,0.2392,0.2422,202158.4
1639404000000.0,0.242,0.2423,0.2351,0.2362,788294.1
1639407600000.0,0.2362,0.2362,0.2266,0.2286,416350.7
1639411200000.0,0.2286,0.2314,0.2263,0.2294,421957.1
1639414800000.0,0.2285,0.2336,0.2275,0.2315,504499.8
1639418400000.0,0.2307,0.2326,0.2291,0.2298,227150.2
1639422000000.0,0.2295,0.2316,0.221,0.2241,962350.1
1639425600000.0,0.2246,0.2272,0.2224,0.2252,195523.4
1639429200000.0,0.2253,0.2276,0.2221,0.2267,245589.1
1639432800000.0,0.2261,0.2299,0.2254,0.228,172855.2
1639436400000.0,0.2287,0.2287,0.225,0.2255,279824.1
1639440000000.0,0.2256,0.2298,0.2227,0.2281,124681.6
1639443600000.0,0.2285,0.2289,0.2245,0.2286,321544.2
1639447200000.0,0.2279,0.2293,0.2254,0.2289,239908.8
1639450800000.0,0.229,0.2346,0.2269,0.2306,759690.6
1639454400000.0,0.2296,0.2355,0.2292,0.2314,316990.3
1639458000000.0,0.2316,0.2333,0.2288,0.2288,158914.7
1639461600000.0,0.2288,0.2317,0.2251,0.2317,321139.0
1639465200000.0,0.2317,0.237,0.2317,0.2355,294801.0
1639468800000.0,0.2349,0.2393,0.2339,0.2393,238808.0
1639472400000.0,0.2389,0.2398,0.2319,0.2321,140922.1
1639476000000.0,0.2323,0.2375,0.2323,0.2373,177619.9
1639479600000.0,0.2367,0.2367,0.2314,0.2343,364536.3
1639483200000.0,0.2343,0.238,0.2335,0.2347,173018.8
1639486800000.0,0.2345,0.2362,0.2297,0.2321,404607.4
1639490400000.0,0.2316,0.2347,0.2301,0.2347,143709.8
1639494000000.0,0.2347,0.2361,0.2301,0.2312,1239222.2
1639497600000.0,0.2322,0.2371,0.2306,0.2325,811120.4
1639501200000.0,0.2319,0.2366,0.2317,0.232,734122.9
1639504800000.0,0.2321,0.2404,0.2259,0.2265,1390954.1
1639508400000.0,0.2266,0.2359,0.2264,0.2318,262046.9
1639512000000.0,0.2312,0.2423,0.2312,0.24,642493.1
1639515600000.0,0.2388,0.2458,0.2387,0.2412,1234086.8
1639519200000.0,0.2413,0.2445,0.2352,0.237,1129382.4
1639522800000.0,0.237,0.2372,0.2334,0.234,420541.5
1639526400000.0,0.234,0.2353,0.2316,0.2321,537753.2
1639530000000.0,0.2321,0.2337,0.2316,0.2325,568174.4
1639533600000.0,0.2329,0.2336,0.23,0.2336,645304.7
1639537200000.0,0.2336,0.2365,0.232,0.2365,262424.8
1639540800000.0,0.2368,0.2368,0.2299,0.2327,394288.7
1639544400000.0,0.2326,0.2332,0.2308,0.2314,192565.3
1639548000000.0,0.231,0.2333,0.231,0.2316,87203.4
1639551600000.0,0.2315,0.2321,0.2289,0.2318,92832.4
1639555200000.0,0.2315,0.2343,0.2315,0.2341,84353.4
1639558800000.0,0.234,0.2357,0.2329,0.2344,86057.2
1639562400000.0,0.2345,0.2365,0.2322,0.2332,185067.7
1639566000000.0,0.2332,0.2334,0.231,0.2317,42518.5
1639569600000.0,0.232,0.2328,0.2255,0.2261,107463.7
1639573200000.0,0.2259,0.2279,0.2256,0.2266,112756.5
1639576800000.0,0.2271,0.2281,0.2227,0.2241,212936.8
1639580400000.0,0.2236,0.2243,0.216,0.216,607244.1
1639584000000.0,0.2165,0.22,0.2156,0.22,237511.6
1639587600000.0,0.22,0.2216,0.2185,0.2206,158458.6
1639591200000.0,0.2206,0.2289,0.2196,0.2256,241815.5
1639594800000.0,0.2249,0.237,0.2228,0.2345,618039.4
1639598400000.0,0.2342,0.2418,0.2338,0.2394,435912.0
1639602000000.0,0.2402,0.2403,0.2369,0.2376,199638.1
1639605600000.0,0.2382,0.2382,0.2332,0.2335,102315.0
1639609200000.0,0.234,0.2379,0.2339,0.2379,566814.1
1639612800000.0,0.2377,0.2415,0.2359,0.2406,217323.5
1639616400000.0,0.2409,0.2446,0.2389,0.2444,305537.4
1639620000000.0,0.2442,0.245,0.241,0.2434,320706.8
1639623600000.0,0.2434,0.2435,0.2409,0.2419,330914.0
1639627200000.0,0.2413,0.2423,0.2389,0.2412,361984.8
1639630800000.0,0.2415,0.2426,0.2375,0.238,272694.9
1639634400000.0,0.238,0.2411,0.2374,0.241,145831.4
1639638000000.0,0.2407,0.2445,0.2402,0.2421,144164.3
1639641600000.0,0.2422,0.2491,0.2403,0.2459,270248.0
1639645200000.0,0.2459,0.2487,0.2447,0.2487,247570.5
1639648800000.0,0.2487,0.2497,0.2449,0.2461,46629.7
1639652400000.0,0.246,0.2471,0.2437,0.2464,242325.0
1639656000000.0,0.2462,0.2464,0.2421,0.2426,103479.1
1639659600000.0,0.2435,0.2468,0.2415,0.2449,74716.8
1639663200000.0,0.2455,0.2456,0.2432,0.2438,117736.1
1639666800000.0,0.2437,0.2458,0.2413,0.245,298143.2
1639670400000.0,0.2446,0.246,0.2438,0.2445,121250.4
1639674000000.0,0.2443,0.2443,0.2417,0.2424,142002.8
1639677600000.0,0.2426,0.244,0.24,0.2409,329558.2
1639681200000.0,0.2414,0.2465,0.2407,0.2417,918595.1
1639684800000.0,0.2419,0.2488,0.2418,0.2433,1416106.8
1639688400000.0,0.2431,0.2456,0.2415,0.2428,328136.7
1639692000000.0,0.2431,0.2431,0.2348,0.2356,330557.7
1639695600000.0,0.2356,0.2357,0.232,0.2324,170953.7
1639699200000.0,0.2325,0.2371,0.2317,0.2367,281164.8
1639702800000.0,0.2366,0.2399,0.2361,0.2391,123426.1
1639706400000.0,0.2384,0.2388,0.236,0.238,336465.5
1639710000000.0,0.2376,0.2394,0.2364,0.2386,81061.5
1639713600000.0,0.2393,0.2402,0.238,0.2385,78399.9
1639717200000.0,0.2385,0.2385,0.2352,0.2361,38415.4
1639720800000.0,0.2364,0.2367,0.2336,0.2336,41999.4
1639724400000.0,0.2335,0.2338,0.2283,0.2302,148238.4
1639728000000.0,0.2306,0.2331,0.2293,0.2326,53224.5
1639731600000.0,0.2326,0.2333,0.2312,0.2319,54759.7
1639735200000.0,0.2317,0.232,0.2274,0.2283,61163.9
1639738800000.0,0.2292,0.2306,0.2282,0.2289,174729.3
1639742400000.0,0.2289,0.2308,0.2269,0.2295,108654.1
1639746000000.0,0.2297,0.2315,0.2286,0.2288,103358.9
1639749600000.0,0.229,0.2294,0.2199,0.2228,748319.3
1639753200000.0,0.2227,0.2305,0.2211,0.2292,669229.1
1639756800000.0,0.2294,0.2371,0.2294,0.2364,159714.9
1639760400000.0,0.2359,0.2359,0.2281,0.2288,143917.7
1639764000000.0,0.2289,0.2299,0.2274,0.2298,95698.4
1639767600000.0,0.2299,0.232,0.229,0.2294,134045.1
1639771200000.0,0.2294,0.2295,0.2253,0.2276,203280.0
1639774800000.0,0.2276,0.2331,0.2276,0.2308,121919.5
1639778400000.0,0.2305,0.2341,0.2244,0.234,176168.7
1639782000000.0,0.2341,0.2341,0.2299,0.23,70539.3
1639785600000.0,0.2305,0.2329,0.2268,0.2329,176441.1
1639789200000.0,0.2325,0.2326,0.2242,0.2259,142776.5
1639792800000.0,0.2261,0.2287,0.2245,0.2262,95155.4
1639796400000.0,0.2264,0.2331,0.2264,0.2312,140083.6
1639800000000.0,0.2314,0.2335,0.2291,0.2323,76842.9
1639803600000.0,0.2325,0.2383,0.2325,0.2366,344323.4
1639807200000.0,0.2371,0.2393,0.2328,0.2335,351308.4
1639810800000.0,0.2337,0.2352,0.233,0.2339,188209.2
1639814400000.0,0.2339,0.2366,0.2339,0.2363,108321.4
1639818000000.0,0.2364,0.242,0.2359,0.242,179792.1
1639821600000.0,0.242,0.2423,0.2386,0.2414,190664.9
1639825200000.0,0.2414,0.242,0.2373,0.2382,123529.8
1639828800000.0,0.2383,0.2389,0.2368,0.2376,100551.3
1639832400000.0,0.2375,0.2375,0.2336,0.2339,524335.6
1639836000000.0,0.2339,0.2377,0.2336,0.2377,127884.2
1639839600000.0,0.2377,0.239,0.237,0.2377,215558.8
1639843200000.0,0.2377,0.2396,0.237,0.2384,159350.6
1639846800000.0,0.2383,0.2392,0.2368,0.2375,159481.9
1639850400000.0,0.2373,0.24,0.2372,0.2389,205659.8
1639854000000.0,0.2392,0.2448,0.2359,0.2402,1011859.1
1639857600000.0,0.2409,0.2411,0.2358,0.2367,342536.6
1639861200000.0,0.237,0.2393,0.2366,0.2393,393171.4
1639864800000.0,0.2393,0.2426,0.2381,0.2399,338870.8
1639868400000.0,0.2398,0.2402,0.2375,0.2387,320958.4
1639872000000.0,0.2386,0.2438,0.2371,0.2377,495319.7
1639875600000.0,0.2378,0.2408,0.2365,0.2385,236145.6
1639879200000.0,0.2389,0.2431,0.2389,0.2428,283615.7
1639882800000.0,0.2428,0.244,0.2422,0.243,188077.1
1639886400000.0,0.2424,0.2434,0.2417,0.2424,134065.5
1639890000000.0,0.242,0.2423,0.2396,0.24,110304.6
1639893600000.0,0.24,0.2403,0.2393,0.2397,140679.6
1639897200000.0,0.2397,0.2431,0.2395,0.2409,341526.5
1639900800000.0,0.2411,0.2427,0.2397,0.2404,167299.6
1639904400000.0,0.2403,0.2404,0.2369,0.2372,115665.0
1639908000000.0,0.2369,0.237,0.2338,0.2362,169271.3
1639911600000.0,0.2361,0.2367,0.2343,0.2365,226017.1
1639915200000.0,0.2365,0.2385,0.2357,0.2382,95331.6
1639918800000.0,0.2382,0.2406,0.2354,0.2398,152699.9
1639922400000.0,0.2399,0.2415,0.2366,0.2389,338203.6
1639926000000.0,0.2389,0.2395,0.2375,0.2379,130283.9
1639929600000.0,0.2377,0.2399,0.2375,0.2383,263790.1
1639933200000.0,0.2382,0.2388,0.2366,0.2366,82067.0
1639936800000.0,0.2371,0.2375,0.2347,0.2373,251805.8
1639940400000.0,0.2371,0.238,0.2336,0.2346,212778.4
1639944000000.0,0.2343,0.2359,0.2339,0.2356,570561.3
1639947600000.0,0.2352,0.2417,0.2346,0.2376,939642.3
1639951200000.0,0.238,0.2401,0.2363,0.2388,235550.5
1639954800000.0,0.2392,0.2392,0.2322,0.2327,1456387.4
1639958400000.0,0.2325,0.2326,0.2277,0.2313,593653.9
1639962000000.0,0.2314,0.2324,0.2281,0.2306,166922.8
1639965600000.0,0.2306,0.2307,0.2282,0.2288,133212.4
1639969200000.0,0.2293,0.2307,0.2282,0.2298,319694.0
1639972800000.0,0.2296,0.2317,0.2294,0.2313,320311.1
1639976400000.0,0.2309,0.2316,0.2244,0.2249,86994.7
1639980000000.0,0.2244,0.2258,0.2226,0.2237,249832.1
1639983600000.0,0.2236,0.2252,0.2222,0.2252,114924.2
1639987200000.0,0.225,0.2257,0.223,0.2237,41931.0
1639990800000.0,0.2233,0.2234,0.2193,0.22,73099.9
1639994400000.0,0.2201,0.2228,0.2199,0.2199,100220.1
1639998000000.0,0.2198,0.2215,0.2198,0.2207,103136.9
1640001600000.0,0.2207,0.2207,0.2167,0.2175,99890.7
1640005200000.0,0.2175,0.2179,0.2156,0.2158,110394.8
1640008800000.0,0.2165,0.2191,0.2139,0.2191,209731.7
1640012400000.0,0.2193,0.2193,0.2145,0.215,135042.2
1640016000000.0,0.2149,0.2191,0.2144,0.2191,155065.0
1640019600000.0,0.2187,0.2202,0.217,0.217,149974.3
1640023200000.0,0.2169,0.2196,0.2168,0.2192,223085.0
1640026800000.0,0.2197,0.2222,0.2197,0.222,260316.8
1640030400000.0,0.222,0.2245,0.2217,0.2237,229591.3
1640034000000.0,0.2243,0.2261,0.2226,0.2226,116193.9
1640037600000.0,0.2233,0.2236,0.2202,0.2202,73320.7
1640041200000.0,0.2203,0.2228,0.2202,0.2211,289044.8
1640044800000.0,0.2215,0.2225,0.2202,0.2208,74524.2
1640048400000.0,0.2208,0.2226,0.2204,0.2218,419458.1
1640052000000.0,0.2221,0.2232,0.2217,0.2221,359121.5
1640055600000.0,0.2224,0.2279,0.2221,0.2276,103385.4
1640059200000.0,0.2272,0.2316,0.2272,0.2294,583557.8
1640062800000.0,0.2294,0.2296,0.2286,0.2292,143834.8
1640066400000.0,0.229,0.2304,0.2284,0.2299,138439.4
1640070000000.0,0.2295,0.2311,0.2289,0.2311,171565.5
1640073600000.0,0.2308,0.2332,0.2305,0.2316,374827.7
1640077200000.0,0.2316,0.2318,0.23,0.2317,298019.1
1640080800000.0,0.2317,0.2334,0.2311,0.2326,397954.2
1640084400000.0,0.2328,0.2348,0.2321,0.2327,213154.1
1640088000000.0,0.2327,0.2349,0.2321,0.2349,528213.0
1640091600000.0,0.235,0.2367,0.2342,0.2343,275963.9
1640095200000.0,0.2343,0.2352,0.2313,0.2323,371715.2
1640098800000.0,0.2323,0.2336,0.2287,0.2308,238871.3
1640102400000.0,0.2308,0.2327,0.2304,0.2322,151000.2
1640106000000.0,0.2321,0.2322,0.23,0.2305,480154.3
1640109600000.0,0.2305,0.2313,0.2295,0.2305,331149.6
1640113200000.0,0.2302,0.2364,0.2302,0.2354,796625.8
1640116800000.0,0.2354,0.237,0.2321,0.2331,635711.3
1640120400000.0,0.2331,0.2364,0.2325,0.2364,206077.3
1640124000000.0,0.236,0.2376,0.2355,0.2376,142238.9
1640127600000.0,0.2372,0.2389,0.2364,0.2369,595099.1
1640131200000.0,0.2369,0.2392,0.2339,0.2339,287686.8
1640134800000.0,0.2343,0.2371,0.234,0.2364,517578.2
1640138400000.0,0.2364,0.2402,0.2361,0.2396,344217.8
1640142000000.0,0.2396,0.2402,0.2373,0.2385,284139.8
1640145600000.0,0.2375,0.2399,0.2367,0.2396,186604.8
1640149200000.0,0.2392,0.2445,0.2373,0.241,432596.3
1640152800000.0,0.2409,0.2416,0.2358,0.2376,371289.1
1640156400000.0,0.2377,0.2418,0.2373,0.2418,121448.9
1640160000000.0,0.2421,0.2432,0.2408,0.2423,134215.1
1640163600000.0,0.242,0.2428,0.2375,0.2402,200072.4
1640167200000.0,0.2404,0.2425,0.2402,0.2413,844461.7
1640170800000.0,0.241,0.2428,0.2385,0.2402,218738.2
1640174400000.0,0.2407,0.2414,0.232,0.2333,200872.1
1640178000000.0,0.2332,0.2378,0.2332,0.2375,573087.1
1640181600000.0,0.2377,0.2395,0.2366,0.2389,252488.5
1640185200000.0,0.2395,0.2426,0.2384,0.2411,444673.4
1640188800000.0,0.2417,0.2454,0.2406,0.2414,233902.8
1640192400000.0,0.2416,0.2423,0.2361,0.2376,485580.9
1640196000000.0,0.2375,0.2454,0.237,0.2395,407079.9
1640199600000.0,0.2396,0.2402,0.238,0.2397,215313.1
1640203200000.0,0.2401,0.241,0.2394,0.2402,133064.2
1640206800000.0,0.2402,0.2456,0.2395,0.2439,1214439.6
1640210400000.0,0.2436,0.2466,0.2412,0.2439,529155.3
1640214000000.0,0.2438,0.244,0.2375,0.2388,1050475.8
1640217600000.0,0.2388,0.2399,0.2328,0.2372,352932.8
1640221200000.0,0.2368,0.241,0.2358,0.241,167475.6
1640224800000.0,0.2407,0.2435,0.2397,0.2397,528509.1
1640228400000.0,0.2405,0.2445,0.2376,0.2444,252246.8
1640232000000.0,0.2438,0.246,0.239,0.239,344319.3
1640235600000.0,0.2392,0.2403,0.2373,0.2386,221592.0
1640239200000.0,0.2383,0.2418,0.2383,0.2417,129728.2
1640242800000.0,0.2419,0.2464,0.2414,0.242,1185876.5
1640246400000.0,0.242,0.2434,0.2392,0.2403,828699.6
1640250000000.0,0.24,0.24,0.2359,0.239,346993.8
1640253600000.0,0.2392,0.2418,0.2385,0.2418,111893.0
1640257200000.0,0.2418,0.2428,0.2376,0.2413,305655.0
1640260800000.0,0.2414,0.2431,0.2393,0.2431,177171.5
1640264400000.0,0.2431,0.2436,0.2414,0.2421,216032.0
1640268000000.0,0.2421,0.2491,0.242,0.2459,465548.3
1640271600000.0,0.2454,0.25,0.244,0.2461,642826.8
1640275200000.0,0.2461,0.2522,0.2461,0.2495,1164016.7
1640278800000.0,0.2494,0.2601,0.2489,0.2541,2537045.5
1640282400000.0,0.2544,0.2583,0.2515,0.2541,1545195.4
1640286000000.0,0.2539,0.2594,0.2535,0.2578,1298040.6
1640289600000.0,0.2576,0.2589,0.254,0.2574,1043437.6
1640293200000.0,0.257,0.2624,0.2546,0.2607,1284681.1
1640296800000.0,0.2613,0.2638,0.2568,0.261,1030095.9
1640300400000.0,0.2604,0.2617,0.2594,0.2604,1243784.4
1640304000000.0,0.2604,0.2608,0.2566,0.258,626723.4
1640307600000.0,0.258,0.2623,0.2579,0.2583,679566.5
1640311200000.0,0.2583,0.2592,0.2567,0.2576,524636.8
1640314800000.0,0.2575,0.2575,0.2521,0.2546,797423.7
1640318400000.0,0.2546,0.2554,0.2534,0.2539,227913.0
1640322000000.0,0.2535,0.2535,0.2506,0.2517,403313.3
1640325600000.0,0.2517,0.2522,0.2492,0.2517,138821.7
1640329200000.0,0.2512,0.2548,0.2505,0.2544,278980.0
1640332800000.0,0.2544,0.2589,0.2544,0.2567,372524.6
1640336400000.0,0.2568,0.258,0.2559,0.2566,276211.0
1640340000000.0,0.2561,0.2574,0.2559,0.256,46282.1
1640343600000.0,0.2555,0.2572,0.2526,0.2531,153203.9
1640347200000.0,0.2536,0.2555,0.2515,0.2549,169127.9
1640350800000.0,0.2549,0.2565,0.2538,0.256,116552.5
1640354400000.0,0.2559,0.2595,0.2529,0.2529,222799.7
1640358000000.0,0.2522,0.2569,0.2465,0.2569,352899.9
1640361600000.0,0.2565,0.2577,0.2517,0.2533,205432.4
1640365200000.0,0.2534,0.2546,0.2515,0.2543,295405.7
1640368800000.0,0.2537,0.2544,0.2516,0.2527,677100.9
1640372400000.0,0.2523,0.2527,0.2466,0.2471,452065.0
1640376000000.0,0.2466,0.2486,0.2442,0.2486,978090.1
1640379600000.0,0.248,0.2524,0.2478,0.2482,1109980.1
1640383200000.0,0.2476,0.2476,0.2405,0.2421,723843.9
1640386800000.0,0.2421,0.2428,0.2392,0.2421,1100333.9
1640390400000.0,0.2423,0.2461,0.2402,0.2452,199796.7
1640394000000.0,0.2446,0.2447,0.2413,0.2424,101043.7
1640397600000.0,0.2425,0.2441,0.242,0.242,205341.6
1640401200000.0,0.242,0.2435,0.2412,0.2422,502287.6
1640404800000.0,0.2422,0.2433,0.2412,0.2417,213439.6
1640408400000.0,0.2422,0.2437,0.2414,0.2435,214514.7
1640412000000.0,0.243,0.2436,0.2407,0.2432,309789.6
1640415600000.0,0.2436,0.2451,0.2429,0.2434,382266.3
1640419200000.0,0.2435,0.2448,0.2427,0.2448,14229.7
1640422800000.0,0.2453,0.2466,0.2443,0.2448,94306.4
1640426400000.0,0.2442,0.2452,0.2415,0.2415,121687.4
1640430000000.0,0.2418,0.2436,0.2417,0.2434,263625.5
1640433600000.0,0.244,0.2457,0.2427,0.2449,77117.9
1640437200000.0,0.2445,0.2461,0.2442,0.2452,332196.2
1640440800000.0,0.2451,0.2462,0.244,0.2462,82096.6
1640444400000.0,0.2462,0.2469,0.245,0.2462,160856.5
1640448000000.0,0.2465,0.261,0.2455,0.2513,1391256.8
1640451600000.0,0.2518,0.2526,0.246,0.2494,333862.6
1640455200000.0,0.25,0.2511,0.2476,0.2491,328349.4
1640458800000.0,0.2494,0.2525,0.249,0.2525,378321.2
1640462400000.0,0.2523,0.2536,0.2504,0.2534,190753.7
1640466000000.0,0.2535,0.2552,0.2528,0.2534,126208.7
1640469600000.0,0.2543,0.2545,0.2501,0.2514,161482.2
1640473200000.0,0.2518,0.2524,0.2506,0.2506,106991.3
1640476800000.0,0.2504,0.2519,0.2492,0.2498,171021.8
1640480400000.0,0.2498,0.2512,0.2496,0.25,317275.1
1640484000000.0,0.25,0.2506,0.2447,0.2459,429075.6
1640487600000.0,0.2459,0.246,0.2399,0.2411,1250408.7
1640491200000.0,0.2408,0.2408,0.2369,0.2379,832042.6
1640494800000.0,0.2375,0.2394,0.2364,0.2366,255394.3
1640498400000.0,0.2371,0.2379,0.2364,0.2376,107864.4
1640502000000.0,0.2376,0.2387,0.2364,0.2386,14613.4
1640505600000.0,0.2386,0.241,0.2386,0.2404,107628.8
1640509200000.0,0.2403,0.2418,0.2403,0.2416,14211.7
1640512800000.0,0.2414,0.2422,0.2396,0.2422,42999.4
1640516400000.0,0.2422,0.2443,0.2387,0.2396,634285.1
1640520000000.0,0.2394,0.2426,0.2394,0.2414,73293.5
1640523600000.0,0.2412,0.2418,0.2401,0.2412,60636.3
1640527200000.0,0.241,0.241,0.2396,0.2406,20293.6
1640530800000.0,0.2411,0.2427,0.2407,0.2423,85108.9
1640534400000.0,0.2423,0.244,0.2415,0.2431,163977.0
1640538000000.0,0.2432,0.2473,0.2429,0.2473,735904.9
1640541600000.0,0.2466,0.2469,0.2448,0.2452,129892.8
1640545200000.0,0.2458,0.2461,0.2436,0.2445,296259.7
1640548800000.0,0.2445,0.2447,0.2431,0.2432,204398.3
1640552400000.0,0.2426,0.2455,0.2403,0.2455,276850.1
1640556000000.0,0.2449,0.2464,0.2447,0.245,108437.5
1640559600000.0,0.2456,0.2457,0.2433,0.2442,82009.1
1640563200000.0,0.2442,0.2465,0.2432,0.2437,814029.5
1640566800000.0,0.2433,0.2452,0.2421,0.2445,378991.1
1640570400000.0,0.244,0.2482,0.244,0.2468,237721.9
1640574000000.0,0.2468,0.248,0.2454,0.2459,198440.5
1640577600000.0,0.2454,0.2492,0.245,0.2486,289911.5
1640581200000.0,0.2481,0.253,0.2474,0.2521,617815.5
1640584800000.0,0.2522,0.2535,0.2503,0.2534,614933.3
1640588400000.0,0.2533,0.2587,0.2516,0.255,1227603.4
1640592000000.0,0.2554,0.2574,0.2519,0.2522,573554.7
1640595600000.0,0.2519,0.2533,0.2482,0.2515,187488.0
1640599200000.0,0.2513,0.253,0.2501,0.2523,223204.3
1640602800000.0,0.2522,0.2522,0.2505,0.2513,97246.6
1640606400000.0,0.2513,0.2538,0.2505,0.2525,77513.6
1640610000000.0,0.2529,0.255,0.2522,0.2538,503411.0
1640613600000.0,0.2543,0.2552,0.2535,0.2545,198786.3
1640617200000.0,0.2545,0.2549,0.2529,0.2543,107715.0
1640620800000.0,0.2542,0.2548,0.2512,0.2542,150926.7
1640624400000.0,0.2544,0.2594,0.2544,0.2579,387952.8
1640628000000.0,0.2584,0.2586,0.2559,0.2567,404207.7
1640631600000.0,0.257,0.2584,0.2545,0.2557,197001.5
1640635200000.0,0.2561,0.2572,0.2513,0.2544,243699.8
1640638800000.0,0.2545,0.2547,0.2499,0.2513,202410.6
1640642400000.0,0.2514,0.2526,0.2457,0.2486,383155.1
1640646000000.0,0.2479,0.2484,0.2451,0.2451,515951.2
1640649600000.0,0.2451,0.2451,0.238,0.2408,638617.4
1640653200000.0,0.2404,0.2411,0.2365,0.2374,286118.7
1640656800000.0,0.2371,0.2382,0.2342,0.236,1255569.3
1640660400000.0,0.2358,0.2358,0.2317,0.2342,337636.4
1640664000000.0,0.2333,0.2336,0.2262,0.2289,535350.2
1640667600000.0,0.2289,0.2314,0.228,0.2311,586627.6
1640671200000.0,0.2311,0.2328,0.23,0.2313,394784.3
1640674800000.0,0.2309,0.2324,0.2302,0.2308,615907.3
1640678400000.0,0.2307,0.2336,0.2295,0.2328,757298.1
1640682000000.0,0.2328,0.2334,0.2304,0.2309,72918.4
1640685600000.0,0.231,0.2325,0.2291,0.2317,529225.1
1640689200000.0,0.2314,0.2347,0.2308,0.234,333770.0
1640692800000.0,0.2337,0.2384,0.2333,0.2366,715738.1
1640696400000.0,0.2376,0.2394,0.2357,0.2369,385958.5
1640700000000.0,0.236,0.2382,0.232,0.2375,255825.2
1640703600000.0,0.2375,0.2375,0.2338,0.2345,342764.5
1640707200000.0,0.2343,0.2349,0.2268,0.233,327013.7
1640710800000.0,0.2335,0.2349,0.2222,0.2258,318533.2
1640714400000.0,0.2255,0.2272,0.223,0.2257,111528.5
1640718000000.0,0.2252,0.2258,0.2215,0.2251,389894.5
1640721600000.0,0.225,0.2311,0.2242,0.2249,384843.6
1640725200000.0,0.2246,0.2254,0.2219,0.2226,169896.3
1640728800000.0,0.2225,0.2252,0.2209,0.2252,207745.6
1640732400000.0,0.2248,0.2257,0.2227,0.2232,30740.2
1640736000000.0,0.2235,0.2271,0.2223,0.2268,78060.4
1640739600000.0,0.2268,0.2282,0.225,0.226,66708.0
1640743200000.0,0.226,0.2278,0.226,0.2273,176713.6
1640746800000.0,0.2275,0.2286,0.2262,0.2268,275575.6
1640750400000.0,0.2269,0.2269,0.2234,0.2238,96103.5
1640754000000.0,0.2238,0.2245,0.2208,0.223,506186.5
1640757600000.0,0.2226,0.2244,0.2225,0.2244,93632.3
1640761200000.0,0.2248,0.2257,0.2235,0.2251,86187.1
1640764800000.0,0.2256,0.2282,0.2255,0.2275,35652.7
1640768400000.0,0.2278,0.2283,0.2225,0.2266,102233.1
1640772000000.0,0.2264,0.2264,0.2224,0.2234,108115.1
1640775600000.0,0.224,0.2244,0.222,0.2237,175309.8
1640779200000.0,0.2241,0.2241,0.2159,0.2168,1064589.1
1640782800000.0,0.2169,0.2261,0.2127,0.2247,1060535.3
1640786400000.0,0.2248,0.2255,0.2203,0.2236,188055.5
1640790000000.0,0.2242,0.2253,0.2224,0.2248,629983.9
1640793600000.0,0.2249,0.2249,0.2214,0.2225,524592.4
1640797200000.0,0.2223,0.2228,0.2194,0.2207,76090.8
1640800800000.0,0.2213,0.223,0.2196,0.2201,143304.5
1640804400000.0,0.2202,0.2204,0.2161,0.2162,89230.6
1640808000000.0,0.2162,0.2216,0.2162,0.2187,603426.2
1640811600000.0,0.2181,0.2181,0.2156,0.2164,114346.5
1640815200000.0,0.217,0.2196,0.2168,0.2184,71755.0
1640818800000.0,0.2184,0.2185,0.2098,0.2132,454016.9
1640822400000.0,0.2128,0.2135,0.2068,0.2123,166737.8
1640826000000.0,0.2118,0.2119,0.2093,0.2099,400730.2
1640829600000.0,0.2102,0.2103,0.207,0.2098,306678.2
1640833200000.0,0.2099,0.2104,0.207,0.2077,170167.5
1640836800000.0,0.2078,0.2104,0.2076,0.2094,50927.8
1640840400000.0,0.2102,0.2134,0.2095,0.2132,175438.3
1640844000000.0,0.2137,0.2151,0.2126,0.2143,90972.7
1640847600000.0,0.2143,0.2169,0.2143,0.2168,11997.6
1640851200000.0,0.2171,0.219,0.2151,0.2154,80052.8
1640854800000.0,0.2157,0.2182,0.2157,0.217,72157.9
1640858400000.0,0.2175,0.2181,0.2165,0.2165,18600.8
1640862000000.0,0.2161,0.2186,0.2158,0.2183,24699.2
1640865600000.0,0.2183,0.2232,0.2171,0.2225,257065.2
1640869200000.0,0.2225,0.2225,0.2178,0.2184,191451.3
1640872800000.0,0.2186,0.22,0.2177,0.219,625885.3
1640876400000.0,0.219,0.2208,0.2172,0.2183,165135.4
1640880000000.0,0.218,0.2198,0.2174,0.2197,102857.3
1640883600000.0,0.2191,0.2196,0.2183,0.2193,335837.8
1640887200000.0,0.2189,0.219,0.2174,0.2185,146627.5
1640890800000.0,0.2185,0.2198,0.218,0.2182,216746.7
1640894400000.0,0.2182,0.2199,0.2147,0.2156,126095.6
1640898000000.0,0.2151,0.2187,0.2151,0.2178,54203.7
1640901600000.0,0.2181,0.2198,0.215,0.2164,141856.1
1640905200000.0,0.2169,0.2219,0.2161,0.2177,420178.6
1640908800000.0,0.2185,0.2187,0.2122,0.215,195375.3
1640912400000.0,0.2148,0.2151,0.2122,0.214,158520.7
1640916000000.0,0.2139,0.215,0.2129,0.2146,126584.1
1640919600000.0,0.2144,0.2174,0.2138,0.2174,49307.0
1640923200000.0,0.2166,0.2251,0.2163,0.2186,909841.5
1640926800000.0,0.2189,0.2189,0.2167,0.2179,516987.3
1640930400000.0,0.2179,0.2221,0.2152,0.2204,1345559.6
1640934000000.0,0.2208,0.2234,0.2188,0.2232,1322482.3
1640937600000.0,0.2234,0.2277,0.2215,0.2274,184410.9
1640941200000.0,0.2263,0.2291,0.2259,0.2277,212896.8
1640944800000.0,0.2281,0.2296,0.2267,0.2276,66666.0
1640948400000.0,0.2286,0.2289,0.2271,0.2277,30395.7
1640952000000.0,0.2275,0.2277,0.2253,0.2261,42316.2
1640955600000.0,0.2264,0.2264,0.2243,0.2247,25386.9
1640959200000.0,0.2247,0.2329,0.224,0.2308,502098.1
1640962800000.0,0.2307,0.2308,0.2269,0.2274,218246.7
1640966400000.0,0.2272,0.2286,0.2231,0.2241,297388.9
1640970000000.0,0.2242,0.2294,0.2188,0.2266,867614.1
1640973600000.0,0.2266,0.2306,0.2232,0.2238,516006.9
1640977200000.0,0.2233,0.2238,0.2169,0.2171,297442.3
1640980800000.0,0.2172,0.2197,0.2126,0.2127,741201.2
1640984400000.0,0.2127,0.216,0.212,0.216,387834.3
1640988000000.0,0.216,0.2214,0.216,0.219,208963.9
1640991600000.0,0.2197,0.2227,0.2191,0.2202,108195.7
1640995200000.0,0.2204,0.2241,0.2201,0.2237,73998.1
1640998800000.0,0.224,0.2245,0.2227,0.2234,134185.1
1641002400000.0,0.2234,0.2237,0.2224,0.2227,126664.0
1641006000000.0,0.2227,0.2232,0.2221,0.2224,27724.4
1641009600000.0,0.2224,0.2225,0.2194,0.2208,83959.4
1641013200000.0,0.221,0.2221,0.2187,0.2204,258545.7
1641016800000.0,0.2207,0.2208,0.2186,0.2186,213606.2
1641020400000.0,0.2191,0.2203,0.2181,0.2203,50955.9
1641024000000.0,0.2202,0.2211,0.2198,0.2198,7410.6
1641027600000.0,0.2198,0.2204,0.2174,0.2197,59077.8
1641031200000.0,0.2207,0.2207,0.2175,0.2182,17609.8
1641034800000.0,0.2183,0.2194,0.2175,0.2175,25105.0
1641038400000.0,0.218,0.2194,0.2179,0.2194,26158.1
1641042000000.0,0.2193,0.2195,0.2183,0.2187,39476.6
1641045600000.0,0.219,0.2195,0.2182,0.2187,227741.8
1641049200000.0,0.2188,0.221,0.2188,0.22,49736.6
1641052800000.0,0.2201,0.2222,0.22,0.2208,496237.1
1641056400000.0,0.2206,0.2219,0.2199,0.2215,97306.1
1641060000000.0,0.2215,0.2216,0.2204,0.2213,95762.8
1641063600000.0,0.2215,0.2218,0.2205,0.2216,116584.4
1641067200000.0,0.221,0.2232,0.2209,0.2221,83913.9
1641070800000.0,0.2221,0.2222,0.2205,0.2211,185042.1
1641074400000.0,0.2214,0.2222,0.2205,0.222,186233.3
1641078000000.0,0.222,0.2224,0.2192,0.2205,2615956.7
1641081600000.0,0.2207,0.222,0.2198,0.2216,205168.0
1641085200000.0,0.2216,0.2216,0.2198,0.2199,125642.0
1641088800000.0,0.2198,0.2203,0.2182,0.219,321105.2
1641092400000.0,0.2191,0.2269,0.2182,0.2251,1050828.9
1641096000000.0,0.2251,0.2267,0.221,0.2234,2440367.9
1641099600000.0,0.224,0.2293,0.2237,0.2271,884514.7
1641103200000.0,0.227,0.2344,0.227,0.2298,2087874.4
1641106800000.0,0.2305,0.2307,0.2277,0.2281,843906.0
1641110400000.0,0.2281,0.2342,0.2275,0.2337,418266.8
1641114000000.0,0.2338,0.2354,0.2283,0.2296,604221.9
1641117600000.0,0.2294,0.2367,0.2277,0.2301,1143197.9
1641121200000.0,0.2301,0.2311,0.2278,0.2283,177546.7
1641124800000.0,0.2283,0.2283,0.2243,0.2265,91624.7
1641128400000.0,0.226,0.2273,0.2256,0.2267,67673.2
1641132000000.0,0.2267,0.2287,0.226,0.228,275401.8
1641135600000.0,0.2278,0.2289,0.2263,0.2268,225027.8
1641139200000.0,0.2272,0.2296,0.2272,0.2296,131985.3
1641142800000.0,0.2296,0.232,0.228,0.2287,143808.4
1641146400000.0,0.2286,0.2289,0.2231,0.2272,307338.8
1641150000000.0,0.2267,0.2285,0.2259,0.2275,60512.8
1641153600000.0,0.2272,0.2279,0.2259,0.2265,29452.2
1641157200000.0,0.2263,0.2274,0.2256,0.2274,77790.9
1641160800000.0,0.2271,0.2293,0.2271,0.2281,233076.3
1641164400000.0,0.2279,0.2281,0.2258,0.2259,28360.3
1641168000000.0,0.2257,0.2262,0.2244,0.2246,226973.2
1641171600000.0,0.2243,0.2272,0.2243,0.2268,174355.5
1641175200000.0,0.2265,0.2265,0.2247,0.2259,133874.9
1641178800000.0,0.2259,0.226,0.2237,0.2245,113111.1
1641182400000.0,0.225,0.2265,0.2248,0.2249,117414.5
1641186000000.0,0.2249,0.2275,0.224,0.2268,208171.5
1641189600000.0,0.2268,0.227,0.2249,0.2249,287135.6
1641193200000.0,0.2249,0.2266,0.224,0.2262,363885.0
1641196800000.0,0.2262,0.2266,0.2252,0.2256,162191.5
1641200400000.0,0.2256,0.2262,0.2242,0.2258,26037.5
1641204000000.0,0.2264,0.2277,0.2262,0.2277,113031.6
1641207600000.0,0.2279,0.2302,0.227,0.2295,419635.1
1641211200000.0,0.2299,0.2302,0.2287,0.2292,82903.7
1641214800000.0,0.2294,0.2299,0.2286,0.2293,47496.7
1641218400000.0,0.229,0.2299,0.2266,0.2274,86618.3
1641222000000.0,0.2277,0.229,0.2256,0.227,67617.5
1641225600000.0,0.2269,0.2279,0.221,0.2267,564923.2
1641229200000.0,0.2263,0.2322,0.2255,0.2274,615576.9
1641232800000.0,0.2279,0.2302,0.2264,0.2264,536828.2
1641236400000.0,0.2261,0.2289,0.2247,0.2247,110998.1
1641240000000.0,0.225,0.2251,0.2191,0.2214,166473.2
1641243600000.0,0.2228,0.2291,0.2226,0.2283,524817.0
1641247200000.0,0.2284,0.2297,0.2258,0.2283,151260.4
1641250800000.0,0.2292,0.2292,0.2261,0.2282,62357.2
1641254400000.0,0.2273,0.2275,0.2233,0.2241,110867.5
1641258000000.0,0.2236,0.2256,0.2214,0.222,381463.8
1641261600000.0,0.2224,0.223,0.2199,0.2205,254682.3
1641265200000.0,0.2205,0.2259,0.2202,0.2227,270698.7
1641268800000.0,0.2227,0.2245,0.2221,0.2221,151255.0
1641272400000.0,0.2221,0.227,0.2221,0.227,1123634.3
1641276000000.0,0.2268,0.227,0.2263,0.2269,376409.0
1641279600000.0,0.2269,0.227,0.2263,0.227,440051.1
1641283200000.0,0.227,0.227,0.2259,0.227,704635.8
1641286800000.0,0.227,0.227,0.2243,0.2252,361269.2
1641290400000.0,0.2253,0.227,0.2251,0.2269,804365.5
1641294000000.0,0.227,0.227,0.2263,0.227,665583.3
1641297600000.0,0.2269,0.227,0.2258,0.2267,352058.0
1641301200000.0,0.227,0.2286,0.226,0.2284,399749.7
1641304800000.0,0.2283,0.2308,0.2271,0.23,532139.1
1641308400000.0,0.2304,0.2304,0.2269,0.2285,210129.8
1641312000000.0,0.2287,0.2311,0.2272,0.2303,793707.1
1641315600000.0,0.2305,0.2346,0.2293,0.2305,746380.5
1641319200000.0,0.2306,0.2322,0.2226,0.2239,432744.7
1641322800000.0,0.2238,0.2288,0.2222,0.2259,768380.1
1641326400000.0,0.2262,0.2279,0.2255,0.2265,98759.9
1641330000000.0,0.2268,0.2273,0.2252,0.2262,52734.6
1641333600000.0,0.2262,0.2265,0.224,0.2248,265375.9
1641337200000.0,0.2245,0.2245,0.2213,0.2219,240571.7
1641340800000.0,0.2212,0.2247,0.2204,0.2242,77619.3
1641344400000.0,0.2246,0.2258,0.2238,0.2249,324801.0
1641348000000.0,0.2248,0.227,0.2248,0.2263,185226.9
1641351600000.0,0.2261,0.2297,0.226,0.2297,29771.6
1641355200000.0,0.2297,0.2304,0.228,0.2301,110559.4
1641358800000.0,0.2299,0.2304,0.2282,0.2291,21341.0
1641362400000.0,0.2291,0.2332,0.2289,0.2329,168160.5
1641366000000.0,0.2329,0.2348,0.232,0.2327,141467.8
1641369600000.0,0.2331,0.235,0.2324,0.2348,105858.5
1641373200000.0,0.2343,0.2356,0.233,0.2346,150799.0
1641376800000.0,0.2346,0.2353,0.2334,0.2342,186607.0
1641380400000.0,0.2344,0.2346,0.2304,0.2343,129331.3
1641384000000.0,0.2348,0.2351,0.2308,0.2345,89045.4
1641387600000.0,0.2349,0.2352,0.232,0.2338,79641.5
1641391200000.0,0.234,0.2373,0.2313,0.2363,798869.9
1641394800000.0,0.2368,0.2394,0.2353,0.2386,384892.6
1641398400000.0,0.2382,0.2389,0.2354,0.2359,647438.3
1641402000000.0,0.2359,0.2375,0.2337,0.2337,209974.9
1641405600000.0,0.2334,0.242,0.232,0.2378,1036188.1
1641409200000.0,0.2375,0.2379,0.2179,0.2188,913223.8
1641412800000.0,0.2191,0.2226,0.2111,0.2134,1508208.0
1641416400000.0,0.2141,0.2165,0.2091,0.2095,317170.6
1641420000000.0,0.2102,0.2112,0.1973,0.2077,619105.6
1641423600000.0,0.2079,0.2097,0.2059,0.2061,371584.1
1641427200000.0,0.206,0.2077,0.2042,0.2054,189239.6
1641430800000.0,0.2057,0.2057,0.2,0.2013,212776.9
1641434400000.0,0.2009,0.2019,0.1994,0.2001,217228.7
1641438000000.0,0.1996,0.2006,0.1965,0.1965,53460.8
1641441600000.0,0.1971,0.2004,0.1961,0.1996,54934.0
1641445200000.0,0.1997,0.2012,0.1983,0.1992,98214.7
1641448800000.0,0.1988,0.2014,0.1981,0.1993,411717.8
1641452400000.0,0.1992,0.2017,0.1992,0.2011,237663.4
1641456000000.0,0.2008,0.201,0.1955,0.1982,120960.2
1641459600000.0,0.1978,0.1978,0.1928,0.1941,95801.7
1641463200000.0,0.195,0.2013,0.1943,0.1983,244246.7
1641466800000.0,0.1987,0.1997,0.1976,0.1988,45575.7
1641470400000.0,0.1982,0.2006,0.1967,0.2006,93234.4
1641474000000.0,0.2008,0.2037,0.1993,0.2028,560953.3
1641477600000.0,0.2029,0.2047,0.2013,0.2022,43978.3
1641481200000.0,0.2017,0.2041,0.1989,0.2034,664042.5
1641484800000.0,0.2038,0.2051,0.2012,0.2029,102782.7
1641488400000.0,0.2031,0.2039,0.2021,0.2033,24240.1
1641492000000.0,0.203,0.2071,0.203,0.2069,487942.7
1641495600000.0,0.2071,0.2074,0.2055,0.2063,129944.0
1641499200000.0,0.2062,0.2072,0.2037,0.2041,816303.5
1641502800000.0,0.2041,0.2055,0.2033,0.205,423737.3
1641506400000.0,0.2052,0.2063,0.2046,0.2062,100988.9
1641510000000.0,0.2058,0.2071,0.2039,0.2049,109532.1
1641513600000.0,0.2049,0.2057,0.2018,0.2037,40566.7
1641517200000.0,0.2036,0.2047,0.2015,0.2039,530069.4
1641520800000.0,0.2039,0.2042,0.2015,0.2015,151383.2
1641524400000.0,0.2014,0.2017,0.1893,0.1903,1743271.8
1641528000000.0,0.1898,0.1918,0.184,0.1896,1832922.5
1641531600000.0,0.1896,0.1924,0.1883,0.1898,288190.2
1641535200000.0,0.19,0.1902,0.1863,0.1875,243446.1
1641538800000.0,0.187,0.19,0.1856,0.1895,178693.0
1641542400000.0,0.1891,0.1943,0.1891,0.1925,157838.1
1641546000000.0,0.1926,0.1946,0.1925,0.193,42439.8
1641549600000.0,0.1934,0.194,0.1914,0.1914,13456.4
1641553200000.0,0.191,0.1926,0.191,0.1918,9077.0
1641556800000.0,0.192,0.1937,0.1912,0.1917,39999.6
1641560400000.0,0.1922,0.1937,0.1853,0.1892,412298.2
1641564000000.0,0.1897,0.1935,0.1887,0.1922,420682.4
1641567600000.0,0.1921,0.1924,0.1875,0.1894,640664.2
1641571200000.0,0.1902,0.194,0.1882,0.1937,570212.5
1641574800000.0,0.1936,0.1937,0.1915,0.1925,208626.2
1641578400000.0,0.1923,0.1923,0.1892,0.19,94197.6
1641582000000.0,0.1901,0.1913,0.1885,0.1905,51898.2
1641585600000.0,0.1914,0.1926,0.1886,0.191,299204.5
1641589200000.0,0.1908,0.1913,0.1897,0.1897,150547.6
1641592800000.0,0.1897,0.1897,0.1858,0.1868,61773.0
1641596400000.0,0.1867,0.1878,0.1853,0.1869,259872.1
1641600000000.0,0.1874,0.1906,0.1869,0.1905,81752.2
1641603600000.0,0.1904,0.1915,0.1903,0.1903,34136.6
1641607200000.0,0.1896,0.1904,0.188,0.1899,19245.4
1641610800000.0,0.19,0.1909,0.1885,0.1902,440683.6
1641614400000.0,0.1906,0.1921,0.1904,0.1915,191153.1
1641618000000.0,0.1911,0.1916,0.1907,0.1913,89615.1
1641621600000.0,0.191,0.192,0.1896,0.192,30217.6
1641625200000.0,0.1923,0.1923,0.1914,0.1915,164167.4
1641628800000.0,0.1918,0.1929,0.1913,0.1922,62356.0
1641632400000.0,0.1922,0.1926,0.1918,0.1925,10291.7
1641636000000.0,0.1925,0.194,0.1911,0.1912,916278.0
1641639600000.0,0.1913,0.1923,0.1906,0.1921,26652.9
1641643200000.0,0.1923,0.1928,0.1915,0.1918,38035.0
1641646800000.0,0.1923,0.1948,0.1906,0.193,159300.3
1641650400000.0,0.1924,0.1931,0.1906,0.1906,89698.7
1641654000000.0,0.1907,0.1913,0.1882,0.189,243382.7
1641657600000.0,0.1888,0.19,0.1842,0.1843,131065.7
1641661200000.0,0.1841,0.1858,0.1808,0.1808,1117512.1
1641664800000.0,0.1814,0.1824,0.1754,0.1754,174690.2
1641668400000.0,0.1761,0.1789,0.1752,0.1777,781942.9
1641672000000.0,0.1776,0.18,0.1764,0.1768,696564.8
1641675600000.0,0.1771,0.1838,0.177,0.1832,448950.2
1641679200000.0,0.1835,0.1894,0.183,0.1871,163332.9
1641682800000.0,0.1867,0.1873,0.185,0.1855,193740.1
1641686400000.0,0.1855,0.1855,0.1804,0.185,1291424.5
1641690000000.0,0.1849,0.1857,0.1828,0.1843,64045.5
1641693600000.0,0.1849,0.1882,0.1844,0.1879,61400.1
1641697200000.0,0.1876,0.1876,0.1845,0.185,597641.5
1641700800000.0,0.1851,0.1876,0.1851,0.1876,148676.3
1641704400000.0,0.1874,0.1874,0.1848,0.1856,59944.6
1641708000000.0,0.1857,0.1868,0.1854,0.1868,55831.7
1641711600000.0,0.187,0.187,0.1849,0.1858,22931.8
1641715200000.0,0.1859,0.1865,0.1839,0.1849,14768.0
1641718800000.0,0.1848,0.1849,0.1826,0.1834,17674.8
1641722400000.0,0.1837,0.1849,0.1821,0.1844,39336.0
1641726000000.0,0.1846,0.1868,0.1846,0.1864,32112.2
1641729600000.0,0.1866,0.1866,0.185,0.1853,24480.3
1641733200000.0,0.1857,0.1871,0.1835,0.1842,83832.1
1641736800000.0,0.1843,0.1858,0.1836,0.1845,62913.0
1641740400000.0,0.185,0.1856,0.1833,0.1845,173971.4
1641744000000.0,0.185,0.1892,0.185,0.1892,31754.6
1641747600000.0,0.1892,0.19,0.188,0.1891,93210.6
1641751200000.0,0.1893,0.1902,0.1881,0.1883,79459.5
1641754800000.0,0.1883,0.1927,0.1881,0.1919,499901.7
1641758400000.0,0.1919,0.1921,0.1907,0.1915,108274.1
1641762000000.0,0.1911,0.1915,0.1899,0.19,56887.4
1641765600000.0,0.19,0.1908,0.1879,0.1888,30373.7
1641769200000.0,0.1887,0.1891,0.1866,0.188,149272.9
1641772800000.0,0.1883,0.1915,0.1878,0.1878,53322.3
1641776400000.0,0.1878,0.1903,0.1877,0.19,87730.2
1641780000000.0,0.1901,0.1901,0.1881,0.1888,107119.5
1641783600000.0,0.1887,0.1893,0.1881,0.1887,101076.2
1641787200000.0,0.1888,0.1908,0.1881,0.1903,29723.3
1641790800000.0,0.1903,0.1906,0.1894,0.1897,30843.5
1641794400000.0,0.1896,0.1897,0.1878,0.1895,591787.5
1641798000000.0,0.1896,0.1898,0.1886,0.1894,117128.0
1641801600000.0,0.1896,0.1896,0.1865,0.1867,19646.4
1641805200000.0,0.1867,0.1867,0.1853,0.1857,10370.3
1641808800000.0,0.1855,0.187,0.1849,0.1849,108669.5
1641812400000.0,0.1849,0.1849,0.1818,0.1821,58980.7
1641816000000.0,0.182,0.1822,0.1783,0.1787,86434.1
1641819600000.0,0.1789,0.1797,0.1767,0.1767,68150.1
1641823200000.0,0.1767,0.1772,0.1694,0.1749,218959.0
1641826800000.0,0.175,0.175,0.1705,0.1723,263570.2
1641830400000.0,0.172,0.1774,0.1719,0.1774,89355.9
1641834000000.0,0.1775,0.1777,0.1699,0.1724,146937.2
1641837600000.0,0.1722,0.1738,0.1712,0.1727,50980.1
1641841200000.0,0.1723,0.1737,0.1712,0.1717,32924.2
1641844800000.0,0.1722,0.175,0.1711,0.1749,82898.6
1641848400000.0,0.1749,0.1753,0.1738,0.1742,19785.5
1641852000000.0,0.1749,0.1751,0.173,0.173,90866.2
1641855600000.0,0.1727,0.1747,0.1713,0.1742,321937.9
1641859200000.0,0.1738,0.1749,0.1727,0.1736,31169.3
1641862800000.0,0.1736,0.1759,0.1734,0.1759,82135.4
1641866400000.0,0.176,0.1784,0.1755,0.1777,54092.8
1641870000000.0,0.1775,0.1786,0.177,0.1785,43880.2
1641873600000.0,0.1785,0.1787,0.177,0.178,55991.3
1641877200000.0,0.1778,0.1778,0.1765,0.1774,98852.6
1641880800000.0,0.1778,0.178,0.1762,0.1768,203923.8
1641884400000.0,0.177,0.1777,0.1755,0.1771,144886.9
1641888000000.0,0.1776,0.1805,0.1776,0.1777,55801.9
1641891600000.0,0.1778,0.1783,0.1767,0.1772,25217.6
1641895200000.0,0.1771,0.1776,0.1739,0.1744,48075.6
1641898800000.0,0.1748,0.176,0.1747,0.1756,29811.5
1641902400000.0,0.1757,0.1777,0.1755,0.177,48585.6
1641906000000.0,0.1777,0.1779,0.1753,0.1763,127567.8
1641909600000.0,0.1762,0.1771,0.1721,0.1744,217318.6
1641913200000.0,0.1753,0.1766,0.1737,0.1762,25417.6
1641916800000.0,0.1768,0.1824,0.1768,0.1815,177785.2
1641920400000.0,0.1817,0.1835,0.1799,0.1809,108074.1
1641924000000.0,0.1807,0.1828,0.1805,0.1816,42999.4
1641927600000.0,0.1813,0.1827,0.1796,0.182,378375.8
1641931200000.0,0.1822,0.1829,0.1815,0.1819,96743.1
1641934800000.0,0.1821,0.1826,0.1814,0.1822,75760.1
1641938400000.0,0.1823,0.1829,0.1819,0.1826,20021.2
1641942000000.0,0.1824,0.1835,0.1822,0.1835,33486.2
1641945600000.0,0.1836,0.1845,0.1835,0.1839,50937.3
1641949200000.0,0.1839,0.1852,0.1837,0.185,18219.9
1641952800000.0,0.1849,0.1857,0.1843,0.1857,344525.2
1641956400000.0,0.1858,0.1862,0.1852,0.1861,71716.0
1641960000000.0,0.1861,0.1871,0.1847,0.1857,26211.0
1641963600000.0,0.1855,0.1861,0.185,0.1857,120643.2
1641967200000.0,0.186,0.1887,0.186,0.1876,30983.6
1641970800000.0,0.1877,0.1877,0.1853,0.187,32029.8
1641974400000.0,0.1867,0.1874,0.1864,0.1874,68438.6
1641978000000.0,0.1876,0.1894,0.1865,0.1891,89313.6
1641981600000.0,0.1889,0.1894,0.1882,0.1882,45258.2
1641985200000.0,0.1884,0.1911,0.1884,0.189,66811.5
1641988800000.0,0.189,0.191,0.189,0.1909,60085.1
1641992400000.0,0.1905,0.1947,0.19,0.1937,195799.4
1641996000000.0,0.1935,0.1935,0.1912,0.1926,583918.6
1641999600000.0,0.1924,0.1926,0.19,0.1916,556940.3
1642003200000.0,0.1913,0.1925,0.1896,0.1917,87400.6
1642006800000.0,0.1918,0.1926,0.1912,0.1921,274845.6
1642010400000.0,0.1917,0.1922,0.1911,0.1916,134724.2
1642014000000.0,0.1914,0.194,0.1912,0.1936,213322.6
1642017600000.0,0.1934,0.195,0.1921,0.1927,177684.6
1642021200000.0,0.1928,0.1977,0.1927,0.1938,305587.3
1642024800000.0,0.1939,0.1949,0.1938,0.1943,170268.6
1642028400000.0,0.1943,0.1959,0.1932,0.1958,154134.0
1642032000000.0,0.1953,0.1968,0.1946,0.1957,31504.9
1642035600000.0,0.1957,0.1963,0.1935,0.1961,127024.9
1642039200000.0,0.1961,0.1966,0.1952,0.1955,127605.9
1642042800000.0,0.1957,0.198,0.1941,0.1967,374818.2
1642046400000.0,0.1971,0.1975,0.1958,0.1962,41979.7
1642050000000.0,0.1962,0.1971,0.1952,0.1952,336325.7
1642053600000.0,0.1955,0.1982,0.1955,0.1976,111237.6
1642057200000.0,0.1977,0.1981,0.1962,0.1968,21949.2
1642060800000.0,0.1966,0.1996,0.1966,0.1993,127808.0
1642064400000.0,0.1992,0.1992,0.1978,0.1985,35596.9
1642068000000.0,0.1982,0.1984,0.1971,0.1971,20318.3
1642071600000.0,0.1967,0.1967,0.1938,0.1945,16052.4
1642075200000.0,0.1951,0.2001,0.1949,0.1991,240030.7
1642078800000.0,0.1988,0.2065,0.1977,0.2,450751.6
1642082400000.0,0.1996,0.2,0.1979,0.1986,231570.9
1642086000000.0,0.1979,0.198,0.1886,0.1921,277156.8
1642089600000.0,0.1917,0.1948,0.1916,0.192,133993.6
1642093200000.0,0.1922,0.1922,0.1886,0.1911,66414.3
1642096800000.0,0.1911,0.1919,0.19,0.1905,67672.7
1642100400000.0,0.1909,0.1918,0.1884,0.1899,63408.6
1642104000000.0,0.1889,0.19,0.1871,0.19,140101.1
1642107600000.0,0.1903,0.1903,0.189,0.1891,18026.2
1642111200000.0,0.189,0.1893,0.1866,0.1868,72255.9
1642114800000.0,0.1868,0.1876,0.1854,0.1854,46582.0
1642118400000.0,0.1854,0.1865,0.1837,0.1861,63729.6
1642122000000.0,0.1857,0.1863,0.1855,0.1859,13902.8
1642125600000.0,0.1859,0.1861,0.1844,0.1858,65231.5
1642129200000.0,0.186,0.1862,0.1846,0.1852,377456.3
1642132800000.0,0.1854,0.1866,0.1852,0.1855,139253.5
1642136400000.0,0.1857,0.1884,0.1853,0.1884,44438.0
1642140000000.0,0.1883,0.1893,0.1877,0.1879,26337.0
1642143600000.0,0.188,0.1893,0.1862,0.1865,17641.7
1642147200000.0,0.1865,0.1865,0.1835,0.1852,80125.3
1642150800000.0,0.1851,0.1857,0.1844,0.1844,9450.3
1642154400000.0,0.1843,0.1843,0.1799,0.1803,56023.4
1642158000000.0,0.1803,0.1808,0.1792,0.1807,29523.6
1642161600000.0,0.1808,0.1827,0.1802,0.1814,20265.9
1642165200000.0,0.1812,0.1827,0.1811,0.1812,103581.0
1642168800000.0,0.1814,0.1842,0.1811,0.1842,181423.4
1642172400000.0,0.1842,0.1858,0.1827,0.185,163217.3
1642176000000.0,0.1847,0.1847,0.1829,0.1841,283991.5
1642179600000.0,0.1841,0.1845,0.183,0.183,302706.5
1642183200000.0,0.183,0.1839,0.1822,0.1839,88784.5
1642186800000.0,0.1839,0.1846,0.1833,0.1839,72580.3
1642190400000.0,0.1839,0.1845,0.1836,0.1841,58525.7
1642194000000.0,0.1844,0.1853,0.1842,0.1853,30898.8
1642197600000.0,0.1853,0.1853,0.1839,0.1844,34632.0
1642201200000.0,0.1845,0.1851,0.1833,0.1851,110885.7
1642204800000.0,0.1849,0.1866,0.1838,0.1864,88199.8
1642208400000.0,0.1862,0.1868,0.1849,0.1855,43737.3
1642212000000.0,0.1852,0.1856,0.1849,0.1853,39533.1
1642215600000.0,0.1854,0.1861,0.1854,0.1856,43626.8
1642219200000.0,0.1856,0.186,0.1842,0.1843,25654.7
1642222800000.0,0.1844,0.1846,0.1834,0.1834,18736.8
1642226400000.0,0.1833,0.1848,0.1831,0.1845,7518.2
1642230000000.0,0.185,0.185,0.1837,0.1845,5850.2
1642233600000.0,0.1844,0.1848,0.1841,0.1842,27510.7
1642237200000.0,0.1846,0.1857,0.1841,0.1857,16578.4
1642240800000.0,0.1857,0.1867,0.1855,0.1864,13967.1
1642244400000.0,0.1867,0.1873,0.1855,0.1866,28655.2
1642248000000.0,0.1863,0.187,0.1836,0.1847,90983.5
1642251600000.0,0.1849,0.1874,0.1847,0.1872,19911.6
1642255200000.0,0.1872,0.1892,0.1865,0.1883,31925.6
1642258800000.0,0.1883,0.1914,0.188,0.1893,32305.6
1642262400000.0,0.1897,0.1901,0.1889,0.1892,21294.8
1642266000000.0,0.1895,0.1895,0.188,0.1881,13786.0
1642269600000.0,0.1881,0.1885,0.1876,0.1876,17014.7
1642273200000.0,0.1879,0.1885,0.1874,0.1885,31337.4
1642276800000.0,0.1886,0.1913,0.1883,0.1885,224976.1
1642280400000.0,0.1884,0.1887,0.1866,0.1872,52170.6
1642284000000.0,0.1876,0.1886,0.1875,0.1877,29331.4
1642287600000.0,0.1881,0.1887,0.1855,0.1855,116538.6
1642291200000.0,0.1855,0.1868,0.1852,0.1867,34501.6
1642294800000.0,0.1873,0.1873,0.1858,0.1858,18829.8
1642298400000.0,0.1858,0.1868,0.1836,0.1841,69312.7
1642302000000.0,0.1841,0.1843,0.1832,0.1834,22585.6
1642305600000.0,0.1837,0.1841,0.1827,0.1841,24755.6
1642309200000.0,0.184,0.1845,0.1834,0.1837,40062.3
1642312800000.0,0.1838,0.1857,0.1837,0.1857,50133.2
1642316400000.0,0.1854,0.1862,0.1849,0.186,14108.8
1642320000000.0,0.1862,0.1865,0.185,0.1858,23873.3
1642323600000.0,0.1856,0.1861,0.1856,0.186,7550.9
1642327200000.0,0.186,0.1866,0.1833,0.1833,9145.7
1642330800000.0,0.1835,0.1842,0.1828,0.1839,24293.6
1642334400000.0,0.184,0.1856,0.184,0.1848,11850.6
1642338000000.0,0.1848,0.1852,0.1818,0.1852,84141.6
1642341600000.0,0.1854,0.1864,0.1844,0.1853,9973.5
1642345200000.0,0.1856,0.1866,0.1852,0.1865,18998.3
1642348800000.0,0.1866,0.1885,0.1863,0.1885,79965.2
1642352400000.0,0.1879,0.1881,0.1863,0.1868,52192.5
1642356000000.0,0.1863,0.1867,0.1859,0.1861,14293.2
1642359600000.0,0.1858,0.1861,0.1842,0.1842,108792.3
1642363200000.0,0.1844,0.1854,0.184,0.185,50438.4
1642366800000.0,0.1851,0.1854,0.1844,0.1849,16149.6
1642370400000.0,0.1851,0.1859,0.1851,0.1854,30687.5
1642374000000.0,0.1851,0.1862,0.1851,0.1857,38784.4
1642377600000.0,0.1858,0.1861,0.1838,0.1838,22044.4
1642381200000.0,0.1837,0.1841,0.1828,0.1836,30698.1
1642384800000.0,0.1826,0.1829,0.1819,0.1826,41186.5
1642388400000.0,0.1831,0.1832,0.1789,0.1789,41672.5
1642392000000.0,0.1787,0.1798,0.1783,0.1783,26025.2
1642395600000.0,0.1782,0.1786,0.177,0.1786,23296.4
1642399200000.0,0.1787,0.1796,0.1785,0.1785,46909.3
1642402800000.0,0.1788,0.1797,0.1787,0.1787,56759.2
1642406400000.0,0.1786,0.1794,0.1784,0.179,1066.9
1642410000000.0,0.1795,0.1801,0.179,0.1801,6080.6
1642413600000.0,0.18,0.1803,0.1789,0.1798,10017.9
1642417200000.0,0.1799,0.1801,0.1787,0.1789,4135.9
1642420800000.0,0.1779,0.1786,0.1767,0.1774,22544.2
1642424400000.0,0.1776,0.1799,0.1771,0.1781,203134.4
1642428000000.0,0.1786,0.1789,0.1774,0.1774,54211.6
1642431600000.0,0.1776,0.178,0.176,0.1767,49119.8
1642435200000.0,0.1773,0.1779,0.1749,0.1761,106029.1
1642438800000.0,0.1758,0.1767,0.1751,0.1762,34488.8
1642442400000.0,0.1758,0.1782,0.1752,0.1782,78834.9
1642446000000.0,0.1775,0.1777,0.1769,0.1772,48565.8
1642449600000.0,0.1772,0.1779,0.1768,0.1768,39778.2
1642453200000.0,0.1768,0.1771,0.1745,0.175,108925.1
1642456800000.0,0.1746,0.1771,0.1746,0.1756,26714.7
1642460400000.0,0.1765,0.1812,0.1756,0.1769,708019.2
1642464000000.0,0.1769,0.1787,0.1762,0.1786,77235.8
1642467600000.0,0.1788,0.1792,0.1784,0.179,13218.8
1642471200000.0,0.1786,0.1791,0.1782,0.1791,13008.8
1642474800000.0,0.1791,0.1795,0.1763,0.1776,33440.2
1642478400000.0,0.1776,0.1779,0.1754,0.1762,30322.5
1642482000000.0,0.1757,0.1777,0.1757,0.1777,17211.6
1642485600000.0,0.1777,0.1813,0.1772,0.1803,44619.7
1642489200000.0,0.1804,0.1804,0.1765,0.1765,88980.7
1642492800000.0,0.1765,0.1767,0.1732,0.1738,36418.6
1642496400000.0,0.1736,0.1736,0.1714,0.1729,30246.8
1642500000000.0,0.1729,0.1744,0.1729,0.1733,2334.5
1642503600000.0,0.1735,0.1754,0.1735,0.1754,32795.0
1642507200000.0,0.175,0.1751,0.1728,0.1744,6781.2
1642510800000.0,0.174,0.1743,0.1726,0.1741,22013.3
1642514400000.0,0.1736,0.1736,0.172,0.1722,17200.4
1642518000000.0,0.1728,0.1742,0.1726,0.1734,45406.7
1642521600000.0,0.173,0.1778,0.1721,0.1741,420971.4
1642525200000.0,0.174,0.1741,0.1722,0.1722,64520.3
1642528800000.0,0.1722,0.1732,0.1714,0.1732,20116.5
1642532400000.0,0.173,0.1743,0.1727,0.174,43136.5
1642536000000.0,0.1742,0.1745,0.1732,0.1743,5643.1
1642539600000.0,0.1744,0.1787,0.1744,0.1785,28647.8
1642543200000.0,0.1787,0.1818,0.1781,0.1803,163302.6
1642546800000.0,0.1803,0.1807,0.1791,0.1794,49076.0
1642550400000.0,0.1796,0.1796,0.1771,0.1774,146697.4
1642554000000.0,0.1774,0.1784,0.1771,0.1776,88593.1
1642557600000.0,0.1775,0.1779,0.177,0.1772,43772.4
1642561200000.0,0.1773,0.1774,0.1728,0.1739,76595.6
1642564800000.0,0.1741,0.1746,0.1734,0.1744,23128.7
1642568400000.0,0.1744,0.1747,0.1739,0.1744,29404.0
1642572000000.0,0.1741,0.1747,0.1731,0.1731,7480.0
1642575600000.0,0.1731,0.1731,0.1672,0.1675,362746.0
1642579200000.0,0.1675,0.1677,0.1661,0.1665,25167.5
1642582800000.0,0.1667,0.1678,0.1664,0.1677,2991.2
1642586400000.0,0.1677,0.1677,0.166,0.1677,37938.8
1642590000000.0,0.1679,0.1704,0.1679,0.1698,15594.0
1642593600000.0,0.17,0.1706,0.1695,0.1702,36533.0
1642597200000.0,0.1709,0.1718,0.1708,0.1714,73038.7
1642600800000.0,0.1708,0.1732,0.1708,0.1732,16252.5
1642604400000.0,0.1732,0.1733,0.1707,0.1717,52451.8
1642608000000.0,0.1717,0.172,0.17,0.1716,220193.1
1642611600000.0,0.1717,0.1725,0.1707,0.1722,22007.7
1642615200000.0,0.1714,0.172,0.1708,0.1713,19388.1
1642618800000.0,0.1708,0.1713,0.1704,0.1711,45331.5
1642622400000.0,0.1703,0.1709,0.1701,0.1704,286393.3
1642626000000.0,0.1705,0.171,0.1702,0.1702,26456.4
1642629600000.0,0.1701,0.171,0.1692,0.171,36837.0
1642633200000.0,0.1709,0.171,0.1686,0.1694,18652.3
1642636800000.0,0.169,0.1698,0.1689,0.1695,12143.3
1642640400000.0,0.1695,0.1696,0.1681,0.1693,23854.2
1642644000000.0,0.1693,0.1706,0.1692,0.1702,96106.1
1642647600000.0,0.1699,0.1714,0.1699,0.1713,58536.5
1642651200000.0,0.1713,0.1718,0.1709,0.1713,10398.6
1642654800000.0,0.1716,0.1718,0.1708,0.1714,17489.0
1642658400000.0,0.1715,0.1727,0.1715,0.1723,15369.2
1642662000000.0,0.1724,0.1735,0.1724,0.1734,5119.8
1642665600000.0,0.1732,0.1735,0.1725,0.1731,15770.5
1642669200000.0,0.1727,0.1737,0.1726,0.1735,20799.1
1642672800000.0,0.1734,0.1737,0.1723,0.1729,25070.2
1642676400000.0,0.1729,0.1731,0.1721,0.1721,5808.9
1642680000000.0,0.1724,0.1742,0.1717,0.1734,112793.2
1642683600000.0,0.1732,0.1745,0.1726,0.1745,23700.1
1642687200000.0,0.1745,0.1772,0.1745,0.1769,35148.8
1642690800000.0,0.1765,0.1781,0.1765,0.1779,97385.2
1642694400000.0,0.178,0.1784,0.1772,0.1776,46941.2
1642698000000.0,0.1779,0.1779,0.177,0.1771,42007.9
1642701600000.0,0.1768,0.1768,0.1757,0.176,67461.0
1642705200000.0,0.1757,0.1767,0.1752,0.1763,29473.0
1642708800000.0,0.1764,0.1833,0.175,0.1791,388108.2
1642712400000.0,0.179,0.1818,0.1719,0.1719,905609.0
1642716000000.0,0.172,0.1737,0.1693,0.1716,154686.5
1642719600000.0,0.1721,0.1721,0.1683,0.169,97883.4
1642723200000.0,0.1689,0.1728,0.1671,0.1719,139074.5
1642726800000.0,0.1718,0.1721,0.1629,0.1629,181633.1
1642730400000.0,0.1629,0.1678,0.1627,0.1678,260818.8
1642734000000.0,0.1667,0.1667,0.1562,0.1578,583880.2
1642737600000.0,0.1582,0.1593,0.1574,0.1579,160115.2
1642741200000.0,0.1577,0.1591,0.157,0.1586,52428.5
1642744800000.0,0.1584,0.1605,0.1562,0.157,425396.3
1642748400000.0,0.1571,0.1591,0.1568,0.159,215249.5
1642752000000.0,0.1593,0.1594,0.1576,0.158,44693.1
1642755600000.0,0.1579,0.1579,0.1567,0.1573,17257.1
1642759200000.0,0.1576,0.1579,0.1559,0.1565,52507.6
1642762800000.0,0.1566,0.1566,0.1545,0.1558,28120.0
1642766400000.0,0.156,0.1565,0.1488,0.1525,237844.0
1642770000000.0,0.1525,0.1535,0.1506,0.1527,171394.2
1642773600000.0,0.1524,0.1533,0.1496,0.1506,412885.5
1642777200000.0,0.1503,0.154,0.1503,0.1533,81966.9
1642780800000.0,0.1529,0.1543,0.1512,0.1524,104954.3
1642784400000.0,0.1523,0.1525,0.15,0.1508,59347.8
1642788000000.0,0.1507,0.1521,0.1488,0.1501,133678.4
1642791600000.0,0.1499,0.1513,0.1491,0.1491,276122.1
1642795200000.0,0.1493,0.1501,0.1462,0.1496,718659.1
1642798800000.0,0.1496,0.1507,0.1375,0.1407,856136.6
1642802400000.0,0.1411,0.1424,0.1348,0.1379,211244.2
1642806000000.0,0.1381,0.1403,0.1353,0.1382,125882.3
1642809600000.0,0.1382,0.1403,0.1367,0.1385,84139.9
1642813200000.0,0.1379,0.1405,0.1375,0.1402,120651.3
1642816800000.0,0.1403,0.1405,0.1385,0.1397,29117.8
1642820400000.0,0.1397,0.141,0.1361,0.1378,395114.0
1642824000000.0,0.1381,0.1385,0.1357,0.1363,97169.5
1642827600000.0,0.1361,0.1367,0.1286,0.13,272777.0
1642831200000.0,0.1299,0.1316,0.1241,0.1282,767064.1
1642834800000.0,0.1277,0.129,0.1212,0.1238,377320.2
1642838400000.0,0.1234,0.1267,0.1234,0.1241,123137.0
1642842000000.0,0.124,0.1258,0.1181,0.1196,196305.9
1642845600000.0,0.1204,0.1243,0.1121,0.1228,796666.3
1642849200000.0,0.1228,0.124,0.1205,0.1239,93999.4
1642852800000.0,0.1239,0.1278,0.123,0.1276,169237.1
1642856400000.0,0.127,0.1295,0.1258,0.1261,99742.8
1642860000000.0,0.1258,0.1259,0.1221,0.1221,60975.6
1642863600000.0,0.1222,0.123,0.1189,0.1189,72382.7
1642867200000.0,0.1189,0.124,0.1172,0.1215,142619.7
1642870800000.0,0.1222,0.1229,0.1185,0.1185,101760.7
1642874400000.0,0.1185,0.1205,0.1171,0.1184,67621.9
1642878000000.0,0.1181,0.1206,0.1163,0.1181,376248.3
1642881600000.0,0.1178,0.1243,0.1177,0.1234,260930.0
1642885200000.0,0.1229,0.1245,0.1217,0.1233,138974.9
1642888800000.0,0.1234,0.1234,0.1193,0.1197,102524.7
1642892400000.0,0.1197,0.1213,0.1189,0.1209,62782.7
1642896000000.0,0.1208,0.125,0.1202,0.1243,36192.8
1642899600000.0,0.1243,0.1252,0.1236,0.1236,22189.3
1642903200000.0,0.1237,0.1237,0.1188,0.1193,84309.7
1642906800000.0,0.1193,0.1205,0.1183,0.1203,88917.4
1642910400000.0,0.12,0.1226,0.1198,0.1218,102933.1
1642914000000.0,0.122,0.1247,0.1204,0.1246,78994.6
1642917600000.0,0.1248,0.1248,0.1233,0.1236,117047.2
1642921200000.0,0.1242,0.1256,0.1241,0.1254,101875.8
1642924800000.0,0.1251,0.1276,0.1247,0.1276,114152.6
1642928400000.0,0.1274,0.1292,0.1266,0.1284,177813.5
1642932000000.0,0.1288,0.1291,0.1276,0.1289,65139.6
1642935600000.0,0.1289,0.1294,0.1269,0.1276,27002.5
1642939200000.0,0.1273,0.1278,0.1257,0.1265,32163.5
1642942800000.0,0.1267,0.1301,0.1261,0.128,361667.7
1642946400000.0,0.1282,0.1282,0.1211,0.1242,186426.9
1642950000000.0,0.124,0.1278,0.1234,0.1244,669055.8
1642953600000.0,0.125,0.1258,0.123,0.1233,113361.1
1642957200000.0,0.124,0.127,0.1236,0.124,208605.2
1642960800000.0,0.124,0.1244,0.1198,0.1212,249864.5
1642964400000.0,0.1212,0.1215,0.1179,0.119,232423.1
1642968000000.0,0.1185,0.1206,0.1183,0.1194,30929.9
1642971600000.0,0.1193,0.1233,0.1182,0.1199,711705.0
1642975200000.0,0.1196,0.1204,0.1191,0.1204,81330.2
1642978800000.0,0.1205,0.1252,0.1205,0.1245,133697.7
1642982400000.0,0.1244,0.1251,0.1231,0.1236,78410.4
1642986000000.0,0.1235,0.1236,0.1209,0.1212,308387.9
1642989600000.0,0.1212,0.1212,0.1186,0.1186,102851.1
1642993200000.0,0.1185,0.1209,0.1184,0.1193,1101453.5
1642996800000.0,0.1197,0.1199,0.1173,0.1173,258942.0
1643000400000.0,0.1173,0.1173,0.1156,0.1162,218466.1
1643004000000.0,0.1165,0.1173,0.1158,0.1158,153428.6
1643007600000.0,0.1157,0.1159,0.1142,0.1151,97540.8
1643011200000.0,0.1155,0.1167,0.1128,0.1141,217303.0
1643014800000.0,0.114,0.1143,0.1109,0.1115,499486.1
1643018400000.0,0.1116,0.1116,0.1069,0.1073,430231.3
1643022000000.0,0.108,0.1112,0.1069,0.1084,193941.8
1643025600000.0,0.1084,0.1089,0.1052,0.1064,508514.4
1643029200000.0,0.1061,0.1089,0.1061,0.1072,255697.6
1643032800000.0,0.1068,0.1116,0.106,0.1091,738786.1
1643036400000.0,0.1095,0.1142,0.1062,0.1137,270031.0
1643040000000.0,0.1134,0.1147,0.1109,0.1139,95665.8
1643043600000.0,0.1138,0.1176,0.1111,0.1161,112974.5
1643047200000.0,0.1163,0.1202,0.1159,0.1186,354229.5
1643050800000.0,0.1186,0.1196,0.1161,0.118,235049.8
1643054400000.0,0.118,0.1221,0.1172,0.1213,279077.0
1643058000000.0,0.1211,0.1211,0.1195,0.1201,221622.5
1643061600000.0,0.1196,0.1207,0.1186,0.1194,53237.0
1643065200000.0,0.1196,0.1202,0.1185,0.1193,10874.6
1643068800000.0,0.119,0.1203,0.1171,0.1182,75840.7
1643072400000.0,0.1184,0.1188,0.1174,0.1182,30650.5
1643076000000.0,0.118,0.1203,0.1176,0.1197,25009.8
1643079600000.0,0.1192,0.1213,0.1181,0.1207,103398.9
1643083200000.0,0.1202,0.1218,0.1183,0.1187,286139.3
1643086800000.0,0.1186,0.1206,0.1185,0.1206,38004.7
1643090400000.0,0.1204,0.1215,0.1181,0.1192,422041.1
1643094000000.0,0.1195,0.122,0.1186,0.1213,254036.8
1643097600000.0,0.1216,0.1236,0.1206,0.1231,151372.7
1643101200000.0,0.1233,0.1237,0.1206,0.1227,291799.7
1643104800000.0,0.1222,0.1239,0.1209,0.1216,57714.8
1643108400000.0,0.1218,0.1224,0.1207,0.1212,44814.7
1643112000000.0,0.1213,0.1228,0.1203,0.1216,72080.3
1643115600000.0,0.1214,0.1217,0.1189,0.1202,287213.8
1643119200000.0,0.1204,0.1224,0.1191,0.1191,421587.6
1643122800000.0,0.1193,0.121,0.1176,0.1201,142289.6
1643126400000.0,0.12,0.1214,0.1198,0.1201,40481.8
1643130000000.0,0.12,0.1226,0.12,0.122,151601.2
1643133600000.0,0.122,0.123,0.1212,0.123,61456.5
1643137200000.0,0.1227,0.1229,0.1208,0.1217,58673.3
1643140800000.0,0.1215,0.122,0.1201,0.1206,242814.1
1643144400000.0,0.1206,0.1206,0.1186,0.1194,197524.6
1643148000000.0,0.1196,0.1205,0.1195,0.1202,186877.0
1643151600000.0,0.1204,0.1218,0.12,0.1209,269682.2
1643155200000.0,0.1208,0.1213,0.1197,0.1205,131740.3
1643158800000.0,0.1202,0.1225,0.1202,0.1223,50715.4
1643162400000.0,0.1222,0.1235,0.1221,0.1221,158223.5
1643166000000.0,0.1233,0.1242,0.1228,0.1239,22980.8
1643169600000.0,0.1236,0.1251,0.1233,0.1249,21599.7
1643173200000.0,0.1251,0.1255,0.124,0.125,186464.2
1643176800000.0,0.1251,0.1255,0.1235,0.1239,43883.5
1643180400000.0,0.124,0.1257,0.1234,0.1255,47531.2
1643184000000.0,0.1256,0.1263,0.1251,0.126,26952.0
1643187600000.0,0.1262,0.1267,0.1247,0.1253,182761.6
1643191200000.0,0.1253,0.1273,0.125,0.1267,143702.2
1643194800000.0,0.127,0.1276,0.126,0.1272,99283.6
1643198400000.0,0.127,0.1272,0.1259,0.1261,28602.2
1643202000000.0,0.1261,0.1294,0.1259,0.1287,73881.9
1643205600000.0,0.1287,0.1303,0.1285,0.13,115732.1
1643209200000.0,0.1303,0.1305,0.1283,0.1293,132924.3
1643212800000.0,0.1291,0.1299,0.1287,0.1296,148551.2
1643216400000.0,0.1293,0.1294,0.1278,0.1278,53971.6
1643220000000.0,0.1278,0.1299,0.1249,0.129,105439.5
1643223600000.0,0.1294,0.1343,0.1277,0.1277,525292.2
1643227200000.0,0.1277,0.1277,0.1231,0.1242,221810.2
1643230800000.0,0.1241,0.1246,0.1197,0.1197,183272.5
1643234400000.0,0.1205,0.121,0.1194,0.1206,48814.4
1643238000000.0,0.1209,0.1261,0.1209,0.1221,387161.8
1643241600000.0,0.1219,0.1237,0.1214,0.123,71852.6
1643245200000.0,0.1227,0.1227,0.1176,0.1176,122906.8
1643248800000.0,0.1176,0.1178,0.1165,0.1171,33913.4
1643252400000.0,0.117,0.1177,0.1158,0.1162,35556.9
1643256000000.0,0.1165,0.1183,0.1161,0.1173,346563.5
1643259600000.0,0.1172,0.118,0.1172,0.1174,8805.9
1643263200000.0,0.117,0.1182,0.117,0.1181,24356.5
1643266800000.0,0.1182,0.1193,0.1177,0.1185,21423.7
1643270400000.0,0.1183,0.1203,0.1173,0.1201,61718.2
1643274000000.0,0.12,0.1208,0.1198,0.1201,8626.3
1643277600000.0,0.1202,0.1206,0.1193,0.1197,11000.9
1643281200000.0,0.12,0.1215,0.12,0.1215,90338.3
1643284800000.0,0.1217,0.123,0.1217,0.1228,114922.8
1643288400000.0,0.1228,0.1237,0.1219,0.1237,473574.8
1643292000000.0,0.1234,0.1255,0.123,0.1245,291945.2
1643295600000.0,0.1244,0.1255,0.1232,0.1238,1324848.8
1643299200000.0,0.124,0.1245,0.1221,0.1231,510441.1
1643302800000.0,0.1232,0.1236,0.1215,0.1229,131713.3
1643306400000.0,0.1232,0.1235,0.1218,0.1233,57202.5
1643310000000.0,0.1236,0.1237,0.1198,0.1214,140578.1
1643313600000.0,0.1218,0.1221,0.1169,0.1169,124540.0
1643317200000.0,0.1168,0.1182,0.116,0.1174,292122.6
1643320800000.0,0.1175,0.1194,0.1161,0.1185,390087.2
1643324400000.0,0.1186,0.1197,0.1178,0.1196,32925.0
1643328000000.0,0.1196,0.1212,0.1192,0.1209,52767.4
1643331600000.0,0.1209,0.1215,0.1181,0.1195,57565.5
1643335200000.0,0.1191,0.1204,0.1177,0.1203,36397.2
1643338800000.0,0.1204,0.1233,0.1204,0.1233,56592.2
1643342400000.0,0.1236,0.1242,0.1214,0.1219,33574.3
1643346000000.0,0.1222,0.1232,0.1218,0.1227,3980.3
1643349600000.0,0.1231,0.1246,0.1222,0.1222,8939.8
1643353200000.0,0.1222,0.1233,0.1219,0.122,26420.2
1643356800000.0,0.1222,0.1227,0.1203,0.1227,35800.8
1643360400000.0,0.1228,0.1239,0.1221,0.1226,76321.1
1643364000000.0,0.1225,0.1239,0.1221,0.1233,17336.8
1643367600000.0,0.1228,0.1231,0.1213,0.1229,22970.0
1643371200000.0,0.1225,0.1235,0.1208,0.1212,38176.7
1643374800000.0,0.1212,0.1233,0.1212,0.1225,33514.9
1643378400000.0,0.1228,0.1233,0.1208,0.1211,83352.3
1643382000000.0,0.1219,0.1239,0.1217,0.1232,26384.3
1643385600000.0,0.1233,0.1255,0.1231,0.1247,116048.0
1643389200000.0,0.1247,0.125,0.1233,0.1237,25883.3
1643392800000.0,0.1237,0.1255,0.1237,0.1246,62906.6
1643396400000.0,0.1244,0.1248,0.1228,0.1247,82848.7
1643400000000.0,0.1246,0.1268,0.1239,0.1264,257553.5
1643403600000.0,0.1266,0.1281,0.1264,0.1265,224930.9
1643407200000.0,0.1268,0.1282,0.1264,0.1267,9401.2
1643410800000.0,0.1267,0.1282,0.1265,0.128,102137.2
1643414400000.0,0.1278,0.1295,0.1272,0.129,69050.3
1643418000000.0,0.1287,0.129,0.1271,0.1275,253985.0
1643421600000.0,0.1276,0.1282,0.1268,0.1277,271782.8
1643425200000.0,0.1277,0.1289,0.1274,0.1285,105609.4
1643428800000.0,0.1286,0.1288,0.1282,0.1285,45380.6
1643432400000.0,0.1283,0.1287,0.1277,0.1281,23308.4
1643436000000.0,0.1282,0.1294,0.1282,0.129,77207.4
1643439600000.0,0.1293,0.1304,0.129,0.1304,253985.4
1643443200000.0,0.1304,0.1308,0.13,0.1302,18092.1
1643446800000.0,0.13,0.1306,0.1289,0.1303,16254.9
1643450400000.0,0.1303,0.1307,0.1298,0.1305,64767.8
1643454000000.0,0.1304,0.1306,0.1296,0.1298,1779.8
1643457600000.0,0.1298,0.1305,0.1289,0.1305,44701.9
1643461200000.0,0.1306,0.1325,0.1306,0.1318,76722.7
1643464800000.0,0.132,0.1322,0.1289,0.129,32233.6
1643468400000.0,0.1287,0.1299,0.1276,0.1283,167113.3
1643472000000.0,0.1283,0.1296,0.1273,0.1296,176461.4
1643475600000.0,0.1292,0.1298,0.1289,0.1295,92747.2
1643479200000.0,0.1297,0.1309,0.1294,0.1305,249261.1
1643482800000.0,0.1304,0.1314,0.1304,0.1306,87269.8
1643486400000.0,0.1306,0.1327,0.1303,0.1314,204378.0
1643490000000.0,0.1315,0.1325,0.1311,0.1313,70861.0
1643493600000.0,0.1309,0.1311,0.1303,0.1303,54858.3
1643497200000.0,0.1303,0.1306,0.1293,0.1306,26741.9
1643500800000.0,0.1308,0.1313,0.1289,0.1298,63931.0
1643504400000.0,0.1297,0.1315,0.1297,0.1315,21219.9
1643508000000.0,0.1313,0.1321,0.1304,0.1321,288906.4
1643511600000.0,0.1322,0.1325,0.1317,0.1319,61581.8
1643515200000.0,0.1318,0.1327,0.1317,0.1324,24405.0
1643518800000.0,0.1326,0.1334,0.1324,0.1324,154055.8
1643522400000.0,0.1327,0.1337,0.1327,0.1337,28067.7
1643526000000.0,0.1338,0.1344,0.1331,0.1344,444044.9
1643529600000.0,0.1341,0.1344,0.1323,0.1324,49565.5
1643533200000.0,0.1326,0.1328,0.1314,0.1317,449369.1
1643536800000.0,0.1318,0.1328,0.1317,0.1327,64529.9
1643540400000.0,0.1325,0.1331,0.1313,0.1323,44091.8
1643544000000.0,0.1324,0.1328,0.1311,0.1315,51583.2
1643547600000.0,0.1313,0.1316,0.1307,0.1311,71163.2
1643551200000.0,0.1311,0.1317,0.1292,0.13,70567.1
1643554800000.0,0.1301,0.1309,0.1295,0.1299,158136.9
1643558400000.0,0.13,0.1309,0.1288,0.1289,174516.2
1643562000000.0,0.1291,0.1305,0.1286,0.1301,87373.0
1643565600000.0,0.1303,0.1304,0.1285,0.1286,179769.5
1643569200000.0,0.129,0.129,0.1261,0.1267,139314.6
1643572800000.0,0.1268,0.1272,0.1257,0.1266,87322.8
1643576400000.0,0.1267,0.1271,0.1257,0.1269,23916.6
1643580000000.0,0.1269,0.127,0.1261,0.127,56041.2
1643583600000.0,0.1273,0.1287,0.1271,0.1275,90913.4
1643587200000.0,0.1274,0.1292,0.123,0.1239,588453.5
1643590800000.0,0.1239,0.1241,0.123,0.123,53756.7
1643594400000.0,0.1229,0.1241,0.1217,0.1229,88893.4
1643598000000.0,0.1232,0.1237,0.1229,0.1229,24480.6
1643601600000.0,0.1228,0.1233,0.1221,0.123,28445.8
1643605200000.0,0.1226,0.1236,0.1226,0.1233,77943.7
1643608800000.0,0.1237,0.1237,0.1226,0.1229,51951.2
1643612400000.0,0.1229,0.1237,0.1225,0.1233,49652.5
1643616000000.0,0.1233,0.1238,0.1231,0.1238,5010.0
1643619600000.0,0.1229,0.1239,0.1229,0.1235,23563.1
1643623200000.0,0.1235,0.124,0.1233,0.124,16004.6
1643626800000.0,0.1242,0.1243,0.1223,0.1243,14778.6
1643630400000.0,0.1245,0.1245,0.1221,0.1226,18774.0
1643634000000.0,0.1226,0.1239,0.1225,0.1235,9151.4
1643637600000.0,0.1238,0.1249,0.1233,0.1248,228523.5
1643641200000.0,0.1249,0.1268,0.1249,0.1262,476230.0
1643644800000.0,0.1265,0.1283,0.1265,0.1277,45230.0
1643648400000.0,0.1279,0.1287,0.1277,0.1284,22064.6
1643652000000.0,0.1284,0.1293,0.1278,0.1289,109767.3
1643655600000.0,0.1291,0.13,0.1287,0.1292,48917.2
1643659200000.0,0.1291,0.1298,0.1283,0.1295,127355.1
1643662800000.0,0.1294,0.1298,0.1292,0.1295,17745.6
1643666400000.0,0.1295,0.1304,0.1295,0.1297,5671.4
1643670000000.0,0.1299,0.131,0.1297,0.1305,24873.1
1643673600000.0,0.1304,0.1314,0.13,0.1309,56853.1
1643677200000.0,0.1307,0.132,0.1307,0.1315,19922.6
1643680800000.0,0.1314,0.1327,0.1314,0.1323,64214.5
1643684400000.0,0.1323,0.1341,0.1321,0.1341,215045.0
1643688000000.0,0.1341,0.1349,0.1335,0.134,419537.7
1643691600000.0,0.1342,0.1348,0.1331,0.1341,519410.0
1643695200000.0,0.1341,0.1354,0.1336,0.135,253092.8
1643698800000.0,0.1349,0.1351,0.1343,0.1351,29710.6
1643702400000.0,0.1349,0.1361,0.1349,0.1361,57234.6
1643706000000.0,0.136,0.1376,0.1351,0.1363,127982.0
1643709600000.0,0.1363,0.1367,0.1347,0.1353,80431.5
1643713200000.0,0.1352,0.1368,0.135,0.1359,117816.9
1643716800000.0,0.136,0.1372,0.1356,0.1366,124761.9
1643720400000.0,0.1365,0.1381,0.1363,0.1368,370718.3
1643724000000.0,0.1365,0.1374,0.1345,0.1347,251343.7
1643727600000.0,0.1345,0.1361,0.1339,0.1361,400221.8
1643731200000.0,0.1362,0.1374,0.1353,0.137,198347.2
1643734800000.0,0.1366,0.1372,0.135,0.1358,119586.0
1643738400000.0,0.1358,0.1368,0.1354,0.1356,78367.2
1643742000000.0,0.1356,0.1356,0.1335,0.1335,90338.7
1643745600000.0,0.1336,0.1355,0.1336,0.1349,236261.8
1643749200000.0,0.135,0.1379,0.1349,0.1378,473627.1
1643752800000.0,0.1377,0.1398,0.134,0.1344,960224.7
1643756400000.0,0.1344,0.1352,0.1339,0.1347,150715.4
1643760000000.0,0.1346,0.1356,0.1336,0.1341,195818.8
1643763600000.0,0.1342,0.1347,0.1333,0.1335,35461.3
1643767200000.0,0.1337,0.1338,0.133,0.1335,213598.8
1643770800000.0,0.1335,0.1341,0.1329,0.1331,241147.3
1643774400000.0,0.1328,0.1335,0.1322,0.1329,430898.2
1643778000000.0,0.1328,0.1332,0.1319,0.1331,90397.7
1643781600000.0,0.1332,0.1336,0.1315,0.1323,66522.2
1643785200000.0,0.1324,0.1326,0.1316,0.132,13141.4
1643788800000.0,0.132,0.1344,0.132,0.1343,45957.9
1643792400000.0,0.1344,0.1353,0.1341,0.1349,39545.7
1643796000000.0,0.1348,0.1349,0.1342,0.1349,4633.5
1643799600000.0,0.135,0.1358,0.1349,0.1355,8638.3
1643803200000.0,0.1358,0.1386,0.1357,0.137,286785.0
1643806800000.0,0.1371,0.1371,0.1358,0.1358,37070.0
1643810400000.0,0.1361,0.1369,0.1302,0.1315,283904.2
1643814000000.0,0.1317,0.1328,0.1311,0.1315,388435.8
1643817600000.0,0.1309,0.131,0.1287,0.1297,280738.7
1643821200000.0,0.1297,0.1311,0.1294,0.1311,94237.2
1643824800000.0,0.1308,0.1319,0.1306,0.1319,277950.5
1643828400000.0,0.1318,0.1328,0.1314,0.1322,48359.3
1643832000000.0,0.1323,0.1338,0.1319,0.1332,136247.4
1643835600000.0,0.1332,0.1333,0.1274,0.1287,137998.5
1643839200000.0,0.1289,0.1299,0.127,0.1285,70099.3
1643842800000.0,0.1288,0.1294,0.1279,0.1291,70346.3
1643846400000.0,0.1291,0.1299,0.1285,0.1299,10011.6
1643850000000.0,0.1299,0.13,0.1267,0.1275,58902.3
1643853600000.0,0.1276,0.1285,0.1265,0.1281,35606.5
1643857200000.0,0.1284,0.1285,0.1273,0.1277,9926.5
1643860800000.0,0.1277,0.1279,0.127,0.1274,55295.1
1643864400000.0,0.1274,0.1293,0.1274,0.1289,277849.5
1643868000000.0,0.129,0.129,0.1286,0.1289,15946.0
1643871600000.0,0.1287,0.1296,0.1287,0.1296,17917.5
1643875200000.0,0.1294,0.1301,0.129,0.129,66431.2
1643878800000.0,0.1291,0.1294,0.1267,0.1267,24745.6
1643882400000.0,0.1268,0.1278,0.1255,0.1269,196553.7
1643886000000.0,0.127,0.1297,0.1268,0.1291,14556.5
1643889600000.0,0.1289,0.1319,0.1273,0.1298,516572.8
1643893200000.0,0.1299,0.1304,0.1289,0.1304,334978.6
1643896800000.0,0.1304,0.1316,0.1287,0.1291,431157.3
1643900400000.0,0.1291,0.1375,0.1291,0.1369,424822.8
1643904000000.0,0.137,0.1411,0.1336,0.1336,1975882.6
1643907600000.0,0.1335,0.134,0.1319,0.1325,1173736.6
1643911200000.0,0.1323,0.1337,0.1314,0.1325,215693.6
1643914800000.0,0.1323,0.1331,0.1306,0.1307,329670.4
1643918400000.0,0.1309,0.1313,0.1299,0.1313,217706.0
1643922000000.0,0.1315,0.1337,0.1315,0.1335,127439.0
1643925600000.0,0.1338,0.135,0.1329,0.1338,482666.0
1643929200000.0,0.1338,0.1362,0.1338,0.1355,182485.3
1643932800000.0,0.1355,0.1361,0.1348,0.1352,427701.2
1643936400000.0,0.1348,0.1352,0.1341,0.1345,70307.1
1643940000000.0,0.1344,0.1377,0.1344,0.1359,656968.8
1643943600000.0,0.1358,0.1377,0.1346,0.1371,983574.0
1643947200000.0,0.1372,0.1397,0.1359,0.1379,1510343.0
1643950800000.0,0.1377,0.1448,0.1374,0.1438,2450107.0
1643954400000.0,0.1437,0.1475,0.1425,0.1473,1137648.1
1643958000000.0,0.1473,0.1492,0.1436,0.1455,1164716.1
1643961600000.0,0.1457,0.1464,0.144,0.1452,482364.4
1643965200000.0,0.1452,0.1454,0.1438,0.1443,410755.9
1643968800000.0,0.1443,0.1462,0.1433,0.1459,413665.3
1643972400000.0,0.1458,0.1459,0.144,0.1447,467343.7
1643976000000.0,0.1445,0.1453,0.1438,0.1438,580684.1
1643979600000.0,0.1441,0.1455,0.1415,0.1432,1570418.0
1643983200000.0,0.1429,0.1448,0.1429,0.1443,491330.1
1643986800000.0,0.1441,0.1506,0.1441,0.1461,1123643.9
1643990400000.0,0.1461,0.1482,0.1456,0.1464,1048387.3
1643994000000.0,0.1465,0.1505,0.1458,0.1489,1030530.1
1643997600000.0,0.1492,0.1523,0.1487,0.1515,622505.4
1644001200000.0,0.1515,0.1685,0.1502,0.1626,7255278.4
1644004800000.0,0.1628,0.1872,0.1599,0.1769,14347632.8
1644008400000.0,0.1776,0.1817,0.1656,0.1664,7571719.9
1644012000000.0,0.1665,0.184,0.1629,0.1759,4635552.6
1644015600000.0,0.1759,0.184,0.167,0.1699,4425777.5
1644019200000.0,0.1702,0.1722,0.1658,0.1687,2816614.0
1644022800000.0,0.169,0.18,0.1684,0.1746,3431316.9
1644026400000.0,0.1741,0.1809,0.1741,0.1771,3476939.2
1644030000000.0,0.1771,0.1773,0.1713,0.1721,2487966.5
1644033600000.0,0.1726,0.1753,0.1714,0.1723,1357137.9
1644037200000.0,0.1726,0.1726,0.1682,0.1708,2579224.5
1644040800000.0,0.1708,0.1736,0.1652,0.1681,2235770.8
1644044400000.0,0.1681,0.169,0.1668,0.1676,597271.1
1644048000000.0,0.1677,0.1713,0.1675,0.1696,497451.6
1644051600000.0,0.1698,0.1728,0.1678,0.1715,505731.4
1644055200000.0,0.1715,0.1716,0.1686,0.1704,261441.6
1644058800000.0,0.1704,0.1744,0.169,0.1709,947860.0
1644062400000.0,0.1713,0.1777,0.1688,0.1732,922732.6
1644066000000.0,0.1728,0.1737,0.1698,0.1702,892379.1
1644069600000.0,0.1701,0.1701,0.165,0.1659,1332236.5
1644073200000.0,0.166,0.1679,0.1652,0.1666,538180.4
1644076800000.0,0.1666,0.1667,0.1624,0.1629,1296520.1
1644080400000.0,0.1628,0.1638,0.1589,0.1619,2350116.1
1644084000000.0,0.162,0.163,0.1609,0.1616,307489.3
1644087600000.0,0.1618,0.1619,0.16,0.1608,375332.5
1644091200000.0,0.1607,0.1635,0.1598,0.1624,743823.4
1644094800000.0,0.1624,0.1625,0.1613,0.1617,434438.0
1644098400000.0,0.1617,0.1661,0.1616,0.1633,980389.1
1644102000000.0,0.1633,0.1638,0.1608,0.1611,483930.1
1644105600000.0,0.1611,0.1631,0.1609,0.163,210725.6
1644109200000.0,0.1632,0.1656,0.1618,0.165,596984.0
1644112800000.0,0.1651,0.1658,0.163,0.1645,377421.0
1644116400000.0,0.1645,0.1652,0.1626,0.1627,506566.4
1644120000000.0,0.163,0.164,0.1582,0.1628,631735.8
1644123600000.0,0.1627,0.1643,0.1622,0.1636,45676.3
1644127200000.0,0.1635,0.1636,0.1602,0.1612,191135.1
1644130800000.0,0.1609,0.1615,0.1601,0.1611,53751.5
1644134400000.0,0.1613,0.1635,0.1607,0.1632,101966.7
1644138000000.0,0.1632,0.166,0.1626,0.1654,128994.9
1644141600000.0,0.1654,0.1661,0.1636,0.1648,127819.1
1644145200000.0,0.1646,0.165,0.1628,0.163,96037.2
1644148800000.0,0.1634,0.1648,0.1627,0.1648,122817.0
1644152400000.0,0.1648,0.1691,0.1637,0.1691,390939.7
1644156000000.0,0.1691,0.1704,0.1609,0.1609,500564.9
1644159600000.0,0.1608,0.1676,0.1602,0.1636,388415.7
1644163200000.0,0.1634,0.1634,0.1605,0.1606,108076.9
1644166800000.0,0.1605,0.1627,0.1586,0.1613,1310535.9
1644170400000.0,0.1613,0.1618,0.1594,0.1597,297513.4
1644174000000.0,0.1598,0.1617,0.1598,0.1606,132009.2
1644177600000.0,0.1606,0.1614,0.159,0.1603,629807.9
1644181200000.0,0.1604,0.1612,0.1584,0.1598,668071.6
1644184800000.0,0.16,0.1614,0.1591,0.1595,404564.6
1644188400000.0,0.1592,0.1641,0.1585,0.1632,898536.8
1644192000000.0,0.1634,0.1642,0.1597,0.1605,192558.4
1644195600000.0,0.16,0.1611,0.1592,0.1602,195630.8
1644199200000.0,0.1605,0.1627,0.1604,0.1612,131025.5
1644202800000.0,0.1615,0.1646,0.1612,0.1646,160851.4
1644206400000.0,0.1647,0.1704,0.1642,0.1703,572758.4
1644210000000.0,0.1703,0.1747,0.1695,0.1722,756330.0
1644213600000.0,0.1725,0.1725,0.1697,0.1717,420016.1
1644217200000.0,0.1718,0.1722,0.1705,0.1705,192965.1
1644220800000.0,0.1705,0.1709,0.1674,0.1674,193034.0
1644224400000.0,0.1679,0.168,0.1646,0.166,88485.0
1644228000000.0,0.1664,0.1668,0.1652,0.1666,28972.0
1644231600000.0,0.1665,0.1671,0.1661,0.1665,10705.8
1644235200000.0,0.1663,0.1665,0.1643,0.1656,40836.6
1644238800000.0,0.1657,0.1671,0.1657,0.1666,83161.6
1644242400000.0,0.1666,0.1691,0.166,0.169,77218.7
1644246000000.0,0.1688,0.1688,0.1648,0.1681,316815.8
1644249600000.0,0.1681,0.1683,0.165,0.1659,387828.9
1644253200000.0,0.1658,0.1676,0.1651,0.1675,329016.8
1644256800000.0,0.1675,0.1679,0.1655,0.1665,385845.2
1644260400000.0,0.1663,0.1687,0.1663,0.1683,174851.0
1644264000000.0,0.168,0.1719,0.1652,0.166,748804.6
1644267600000.0,0.1659,0.1678,0.1656,0.1673,62728.8
1644271200000.0,0.1671,0.1678,0.1666,0.1674,165952.0
1644274800000.0,0.1674,0.1679,0.1664,0.1676,271091.7
1644278400000.0,0.1677,0.1696,0.1655,0.1686,239653.3
1644282000000.0,0.1684,0.1714,0.1679,0.1712,337365.6
1644285600000.0,0.1714,0.174,0.1707,0.1739,225996.4
1644289200000.0,0.1736,0.1797,0.1734,0.1795,874006.7
1644292800000.0,0.1797,0.1873,0.1793,0.1826,1772747.8
1644296400000.0,0.1824,0.1829,0.1806,0.1813,785940.9
1644300000000.0,0.181,0.1853,0.1806,0.1852,666272.4
1644303600000.0,0.1853,0.1866,0.1827,0.1841,521869.8
1644307200000.0,0.1844,0.185,0.1782,0.1834,571801.4
1644310800000.0,0.1834,0.1892,0.1813,0.183,1054582.8
1644314400000.0,0.1831,0.1903,0.1831,0.1846,885443.8
1644318000000.0,0.1847,0.1892,0.183,0.1868,554039.1
1644321600000.0,0.1865,0.1881,0.177,0.1773,670811.9
1644325200000.0,0.177,0.181,0.1757,0.181,468725.0
1644328800000.0,0.1811,0.1816,0.1716,0.1732,2126677.8
1644332400000.0,0.1734,0.1736,0.1709,0.1732,359661.9
1644336000000.0,0.1737,0.1753,0.1721,0.1747,212158.1
1644339600000.0,0.1751,0.1756,0.1692,0.1733,517640.2
1644343200000.0,0.1733,0.1769,0.1725,0.1729,282274.5
1644346800000.0,0.1726,0.1733,0.1703,0.1711,199883.2
1644350400000.0,0.171,0.1763,0.171,0.1761,94828.7
1644354000000.0,0.1763,0.1767,0.1744,0.175,163377.2
1644357600000.0,0.1752,0.1791,0.1735,0.1779,186413.7
1644361200000.0,0.1776,0.1837,0.1762,0.1764,423906.5
1644364800000.0,0.1764,0.1774,0.1744,0.1751,207058.5
1644368400000.0,0.1749,0.1757,0.1732,0.1742,157747.3
1644372000000.0,0.174,0.174,0.1703,0.1712,136928.5
1644375600000.0,0.1714,0.1724,0.1706,0.1721,88556.4
1644379200000.0,0.1727,0.1729,0.1716,0.1719,55562.1
1644382800000.0,0.172,0.1726,0.1696,0.1723,93509.7
1644386400000.0,0.1727,0.173,0.1721,0.173,72724.0
1644390000000.0,0.1731,0.1735,0.1717,0.1735,39304.7
1644393600000.0,0.1736,0.1737,0.1711,0.1726,9818.4
1644397200000.0,0.1728,0.1733,0.1721,0.1724,18434.9
1644400800000.0,0.1725,0.1776,0.1719,0.1772,202967.8
1644404400000.0,0.177,0.1799,0.1767,0.1798,420175.1
1644408000000.0,0.1799,0.1894,0.1799,0.1855,946456.8
1644411600000.0,0.1854,0.1939,0.1854,0.1926,1645499.0
1644415200000.0,0.1923,0.1972,0.1904,0.1942,1802295.2
1644418800000.0,0.1946,0.1988,0.1928,0.1953,776324.3
1644422400000.0,0.1954,0.1996,0.1924,0.1924,953452.9
1644426000000.0,0.1926,0.1968,0.1915,0.1956,696263.6
1644429600000.0,0.1955,0.1997,0.1948,0.1969,911370.7
1644433200000.0,0.1966,0.2028,0.1966,0.1992,1173800.8
1644436800000.0,0.1995,0.2091,0.1995,0.2086,1194741.1
1644440400000.0,0.2086,0.2156,0.2068,0.2081,3025026.8
1644444000000.0,0.2078,0.2089,0.1998,0.2,2000136.2
1644447600000.0,0.1999,0.2019,0.1979,0.2,1115978.9
1644451200000.0,0.2003,0.2028,0.1984,0.2014,528978.7
1644454800000.0,0.2011,0.2028,0.1984,0.2027,468393.4
1644458400000.0,0.2025,0.205,0.1997,0.2023,926653.6
1644462000000.0,0.2024,0.2037,0.197,0.2017,734317.7
1644465600000.0,0.2014,0.2014,0.1946,0.1966,691143.8
1644469200000.0,0.1964,0.1969,0.1937,0.1957,379146.4
1644472800000.0,0.195,0.1955,0.1931,0.195,200900.1
1644476400000.0,0.1952,0.198,0.1937,0.1968,440848.1
1644480000000.0,0.1968,0.2176,0.1968,0.2151,1520315.0
1644483600000.0,0.2149,0.2184,0.213,0.2141,554230.9
1644487200000.0,0.2142,0.2158,0.2111,0.2137,478623.1
1644490800000.0,0.2137,0.2154,0.211,0.2116,404067.9
1644494400000.0,0.2114,0.2114,0.2071,0.2078,367018.2
1644498000000.0,0.2078,0.2079,0.2001,0.2022,596465.2
1644501600000.0,0.2017,0.2038,0.1994,0.2027,534697.2
1644505200000.0,0.2028,0.2087,0.2022,0.2055,530299.2
1644508800000.0,0.2056,0.2065,0.2032,0.2059,319446.9
1644512400000.0,0.2059,0.2084,0.2052,0.2059,456900.9
1644516000000.0,0.2057,0.206,0.2034,0.205,142069.5
1644519600000.0,0.205,0.205,0.2009,0.2021,275759.2
1644523200000.0,0.2018,0.2139,0.2017,0.207,1403310.0
1644526800000.0,0.2073,0.2085,0.2013,0.2037,293718.8
1644530400000.0,0.2038,0.2052,0.2009,0.2013,271982.9
1644534000000.0,0.2016,0.2074,0.2016,0.2048,554748.4
1644537600000.0,0.2051,0.2128,0.204,0.2086,1653666.6
1644541200000.0,0.2086,0.2169,0.2077,0.2115,871078.4
1644544800000.0,0.2115,0.2151,0.2063,0.2143,1059891.7
1644548400000.0,0.2138,0.214,0.2101,0.2116,644850.7
1644552000000.0,0.2118,0.2168,0.2106,0.2137,664782.3
1644555600000.0,0.2135,0.2155,0.2077,0.2085,266216.8
1644559200000.0,0.2084,0.2103,0.2057,0.2061,137795.3
1644562800000.0,0.2066,0.2115,0.2058,0.2114,457355.2
1644566400000.0,0.2113,0.2134,0.2079,0.2081,266859.9
1644570000000.0,0.2082,0.2119,0.2082,0.2119,114041.0
1644573600000.0,0.2119,0.2203,0.2119,0.2186,240497.4
1644577200000.0,0.2193,0.2203,0.2156,0.2157,264938.9
1644580800000.0,0.2161,0.2165,0.2138,0.2143,323665.5
1644584400000.0,0.2137,0.2146,0.2116,0.2144,194921.4
1644588000000.0,0.2146,0.2146,0.2111,0.2122,400900.1
1644591600000.0,0.2127,0.2127,0.2093,0.2094,219758.9
1644595200000.0,0.2093,0.2095,0.2034,0.2039,403446.9
1644598800000.0,0.204,0.2044,0.2018,0.2023,192383.7
1644602400000.0,0.2023,0.2038,0.1974,0.1979,314517.8
1644606000000.0,0.1986,0.1989,0.1937,0.1965,643326.7
1644609600000.0,0.197,0.1973,0.1925,0.1932,299528.6
1644613200000.0,0.1929,0.1941,0.1921,0.1921,125138.6
1644616800000.0,0.1923,0.1928,0.1877,0.1877,200280.4
1644620400000.0,0.1878,0.1905,0.187,0.1899,232458.7
1644624000000.0,0.1897,0.1933,0.1894,0.1931,121807.1
1644627600000.0,0.1929,0.1967,0.1921,0.1958,387684.2
1644631200000.0,0.196,0.2039,0.1959,0.2007,752084.4
1644634800000.0,0.2007,0.2033,0.1956,0.196,440280.1
1644638400000.0,0.1961,0.206,0.1952,0.2047,1171028.6
1644642000000.0,0.2054,0.2054,0.2007,0.2007,159621.4
1644645600000.0,0.2007,0.2011,0.196,0.2007,280959.3
1644649200000.0,0.2004,0.2131,0.2001,0.21,1315209.7
1644652800000.0,0.21,0.212,0.2073,0.2081,587685.8
1644656400000.0,0.2077,0.2088,0.2053,0.2077,444116.4
1644660000000.0,0.2077,0.2125,0.2074,0.2102,620603.5
1644663600000.0,0.2101,0.2162,0.2068,0.2144,1147637.6
1644667200000.0,0.2143,0.2151,0.2088,0.2097,558981.2
1644670800000.0,0.2087,0.2118,0.2062,0.2075,422315.3
1644674400000.0,0.2074,0.208,0.2039,0.2067,329482.7
1644678000000.0,0.207,0.2096,0.2036,0.204,523110.0
1644681600000.0,0.2039,0.2151,0.2036,0.2151,389169.1
1644685200000.0,0.215,0.2182,0.2117,0.2128,991422.8
1644688800000.0,0.2136,0.2194,0.2119,0.2188,810309.4
1644692400000.0,0.2187,0.2239,0.216,0.2199,1387053.2
1644696000000.0,0.2193,0.22,0.2148,0.2154,721064.1
1644699600000.0,0.2155,0.2183,0.2085,0.2105,519018.9
1644703200000.0,0.2106,0.2176,0.2097,0.2145,528351.3
1644706800000.0,0.2147,0.2174,0.2097,0.212,713444.8
1644710400000.0,0.2123,0.217,0.2099,0.2164,476326.8
1644714000000.0,0.2167,0.2193,0.2138,0.2142,573861.5
1644717600000.0,0.2144,0.2156,0.2126,0.213,504125.7
1644721200000.0,0.213,0.2149,0.2114,0.2132,307940.7
1644724800000.0,0.213,0.2161,0.211,0.211,138822.2
1644728400000.0,0.2112,0.2144,0.2099,0.2124,244652.5
1644732000000.0,0.2121,0.2121,0.2092,0.2107,167193.4
1644735600000.0,0.2109,0.2115,0.2075,0.2077,292964.3
1644739200000.0,0.2077,0.2095,0.2067,0.2078,179346.9
1644742800000.0,0.2078,0.2078,0.2048,0.2049,193656.7
1644746400000.0,0.2047,0.208,0.2042,0.2067,185281.7
1644750000000.0,0.2063,0.2081,0.2061,0.2063,101700.5
1644753600000.0,0.2065,0.2081,0.204,0.2048,301126.3
1644757200000.0,0.2046,0.2057,0.2031,0.2047,181785.7
1644760800000.0,0.2048,0.2084,0.2021,0.2084,530238.4
1644764400000.0,0.2083,0.2089,0.2037,0.2037,185991.0
1644768000000.0,0.2038,0.2038,0.2005,0.2009,142840.0
1644771600000.0,0.2005,0.2011,0.198,0.1988,130315.4
1644775200000.0,0.1992,0.2017,0.1963,0.197,338851.4
1644778800000.0,0.1973,0.199,0.1964,0.1979,148985.6
1644782400000.0,0.198,0.2006,0.198,0.1996,409327.4
1644786000000.0,0.1997,0.2007,0.1985,0.1991,52559.1
1644789600000.0,0.199,0.2001,0.1988,0.199,36203.3
1644793200000.0,0.1993,0.1994,0.1961,0.1964,104953.4
1644796800000.0,0.1961,0.1971,0.1933,0.1938,149875.2
1644800400000.0,0.1938,0.194,0.1879,0.1899,340296.5
1644804000000.0,0.1899,0.191,0.1884,0.1892,118702.8
1644807600000.0,0.1885,0.1911,0.1882,0.1905,65449.7
1644811200000.0,0.1904,0.1908,0.1891,0.1905,91245.7
1644814800000.0,0.1909,0.1909,0.1882,0.1886,25686.8
1644818400000.0,0.1882,0.191,0.1873,0.1904,324937.8
1644822000000.0,0.1904,0.191,0.1896,0.191,45662.6
1644825600000.0,0.1911,0.193,0.189,0.189,123163.5
1644829200000.0,0.1891,0.19,0.1881,0.1882,88121.9
1644832800000.0,0.1881,0.1892,0.1879,0.1891,25125.9
1644836400000.0,0.1896,0.1909,0.1886,0.1901,9743.6
1644840000000.0,0.1901,0.1926,0.1894,0.1926,34748.1
1644843600000.0,0.1926,0.1978,0.1922,0.1975,134303.0
1644847200000.0,0.1973,0.2057,0.1972,0.2047,471791.7
1644850800000.0,0.2047,0.2065,0.2021,0.2065,295903.7
1644854400000.0,0.2065,0.2189,0.2054,0.2133,874809.9
1644858000000.0,0.2131,0.214,0.2091,0.2094,915711.3
1644861600000.0,0.21,0.2116,0.2091,0.2103,134015.4
1644865200000.0,0.2101,0.2114,0.205,0.2077,627851.7
1644868800000.0,0.2074,0.211,0.2068,0.2104,175649.6
1644872400000.0,0.21,0.2137,0.2089,0.2103,505754.2
1644876000000.0,0.2098,0.213,0.2086,0.2128,214256.2
1644879600000.0,0.2124,0.2138,0.2105,0.2133,293038.4
1644883200000.0,0.2132,0.2175,0.2114,0.2137,847625.8
1644886800000.0,0.2141,0.2175,0.2128,0.2154,567742.1
1644890400000.0,0.2151,0.2154,0.2126,0.214,268426.3
1644894000000.0,0.2138,0.2143,0.2117,0.2142,204464.4
1644897600000.0,0.2143,0.2202,0.214,0.2182,547899.3
1644901200000.0,0.2181,0.2187,0.215,0.2162,504856.8
1644904800000.0,0.2157,0.2173,0.2153,0.2162,168179.5
1644908400000.0,0.2164,0.2176,0.2154,0.2173,107962.4
1644912000000.0,0.2176,0.2179,0.2155,0.2176,92702.6
1644915600000.0,0.2179,0.2195,0.2163,0.2191,106050.5
1644919200000.0,0.2191,0.2323,0.2191,0.2285,1990323.7
1644922800000.0,0.2284,0.2289,0.2258,0.2273,491067.5
1644926400000.0,0.2273,0.2293,0.2248,0.225,409388.8
1644930000000.0,0.225,0.2262,0.2239,0.2244,485050.2
1644933600000.0,0.2248,0.2285,0.2238,0.2238,449843.2
1644937200000.0,0.224,0.2248,0.2222,0.2227,111181.8
1644940800000.0,0.2232,0.2291,0.2228,0.2272,235968.5
1644944400000.0,0.2269,0.2324,0.2247,0.2286,467512.8
1644948000000.0,0.2283,0.234,0.2276,0.2324,567681.1
1644951600000.0,0.2321,0.2329,0.2269,0.2273,549647.3
1644955200000.0,0.2271,0.2297,0.2263,0.2286,231903.1
1644958800000.0,0.2287,0.2298,0.2263,0.2298,135191.2
1644962400000.0,0.2297,0.231,0.2285,0.2292,146706.7
1644966000000.0,0.2296,0.2303,0.2279,0.2286,170401.3
1644969600000.0,0.2289,0.237,0.2279,0.2358,1158705.5
1644973200000.0,0.236,0.2403,0.2351,0.2375,981726.0
1644976800000.0,0.2375,0.2392,0.2345,0.2355,473143.0
1644980400000.0,0.2353,0.2365,0.2338,0.2345,259300.2
1644984000000.0,0.2351,0.2356,0.231,0.2349,163636.2
1644987600000.0,0.2344,0.2371,0.234,0.2364,285291.7
1644991200000.0,0.2364,0.2383,0.2362,0.2369,107640.1
1644994800000.0,0.237,0.2378,0.2356,0.2369,101335.7
1644998400000.0,0.2369,0.2382,0.2356,0.2369,120361.3
1645002000000.0,0.237,0.2372,0.2329,0.2329,75001.8
1645005600000.0,0.2328,0.2333,0.2302,0.233,158089.3
1645009200000.0,0.2333,0.2335,0.2294,0.23,298871.3
1645012800000.0,0.2297,0.2308,0.2266,0.2275,518669.8
1645016400000.0,0.2278,0.229,0.2257,0.2263,228983.2
1645020000000.0,0.2259,0.2326,0.2257,0.2305,398104.0
1645023600000.0,0.2307,0.2345,0.2306,0.2319,208565.1
1645027200000.0,0.2318,0.2409,0.2316,0.2389,468473.4
1645030800000.0,0.2394,0.2467,0.2351,0.2351,976458.6
1645034400000.0,0.2351,0.241,0.2319,0.2395,618887.4
1645038000000.0,0.24,0.2432,0.2375,0.2379,432808.6
1645041600000.0,0.2382,0.2397,0.2366,0.2389,200023.3
1645045200000.0,0.2397,0.242,0.2362,0.2372,324900.4
1645048800000.0,0.237,0.2392,0.2352,0.2356,318868.5
1645052400000.0,0.2356,0.2403,0.2349,0.24,266355.4
1645056000000.0,0.2404,0.2437,0.2377,0.2397,602726.9
1645059600000.0,0.2397,0.2403,0.237,0.2397,142411.2
1645063200000.0,0.2394,0.2427,0.2381,0.2412,390987.8
1645066800000.0,0.241,0.2432,0.2382,0.2385,1110669.4
1645070400000.0,0.2384,0.2427,0.2363,0.2397,168898.8
1645074000000.0,0.2399,0.2455,0.2399,0.2439,352121.2
1645077600000.0,0.2434,0.2444,0.2417,0.2425,118727.5
1645081200000.0,0.2425,0.2429,0.2379,0.2381,120290.2
1645084800000.0,0.2381,0.2396,0.2346,0.2349,138047.3
1645088400000.0,0.2353,0.2372,0.2325,0.2372,111374.3
1645092000000.0,0.2373,0.2399,0.2366,0.2381,173049.5
1645095600000.0,0.2383,0.2397,0.2372,0.2392,127599.6
1645099200000.0,0.2392,0.2436,0.2381,0.2424,317896.1
1645102800000.0,0.2423,0.2427,0.234,0.2371,738933.2
1645106400000.0,0.2371,0.2392,0.2336,0.2346,284648.0
1645110000000.0,0.2354,0.2372,0.2325,0.2345,241839.7
1645113600000.0,0.2345,0.2352,0.2297,0.2297,222852.5
1645117200000.0,0.2296,0.2297,0.2252,0.2263,240060.1
1645120800000.0,0.2261,0.2271,0.2211,0.2239,312060.8
1645124400000.0,0.2244,0.2244,0.2199,0.2206,399518.9
1645128000000.0,0.2198,0.2198,0.2161,0.217,209395.4
1645131600000.0,0.2165,0.2177,0.2115,0.2171,564916.6
1645135200000.0,0.2166,0.217,0.2133,0.2166,93539.6
1645138800000.0,0.2169,0.2169,0.2135,0.2135,58860.5
1645142400000.0,0.2135,0.2135,0.207,0.2106,225047.9
1645146000000.0,0.2111,0.2119,0.2098,0.2118,138068.7
1645149600000.0,0.2115,0.2121,0.2062,0.2081,209788.6
1645153200000.0,0.2083,0.2112,0.2037,0.2085,374613.9
1645156800000.0,0.2084,0.2096,0.2047,0.205,178955.8
1645160400000.0,0.205,0.2084,0.205,0.2071,173603.5
1645164000000.0,0.2069,0.2099,0.2065,0.2091,129917.4
1645167600000.0,0.2088,0.2098,0.2062,0.2074,44660.9
1645171200000.0,0.2072,0.2093,0.2064,0.2093,159519.3
1645174800000.0,0.2092,0.2092,0.207,0.2078,30432.7
1645178400000.0,0.207,0.2072,0.2038,0.206,167366.2
1645182000000.0,0.2063,0.2063,0.2006,0.2015,196877.7
1645185600000.0,0.2021,0.2047,0.2008,0.2036,193524.0
1645189200000.0,0.2038,0.2041,0.2014,0.2027,212044.0
1645192800000.0,0.2025,0.2033,0.1943,0.1992,371825.0
1645196400000.0,0.1992,0.2005,0.1947,0.1953,374795.4
1645200000000.0,0.1952,0.198,0.1934,0.1945,329290.5
1645203600000.0,0.195,0.1966,0.194,0.1944,141156.8
1645207200000.0,0.1944,0.1962,0.1921,0.1945,502760.7
1645210800000.0,0.1947,0.195,0.193,0.1945,85214.0
1645214400000.0,0.1944,0.1952,0.1915,0.1921,91500.5
1645218000000.0,0.1924,0.1939,0.191,0.191,252817.1
1645221600000.0,0.1909,0.1913,0.1894,0.1904,151640.2
1645225200000.0,0.19,0.1908,0.1888,0.189,71282.4
1645228800000.0,0.1893,0.191,0.1879,0.1903,114065.3
1645232400000.0,0.1902,0.1931,0.1895,0.192,170350.1
1645236000000.0,0.1923,0.1933,0.1914,0.1928,58392.5
1645239600000.0,0.1927,0.1968,0.1915,0.1924,507287.0
1645243200000.0,0.1924,0.1933,0.1912,0.1928,107660.3
1645246800000.0,0.1932,0.1972,0.1926,0.1935,309319.8
1645250400000.0,0.1932,0.1949,0.193,0.1939,128479.4
1645254000000.0,0.1946,0.1946,0.1932,0.1936,42507.3
1645257600000.0,0.1934,0.1945,0.1897,0.1897,252522.9
1645261200000.0,0.1896,0.1901,0.1857,0.1869,269030.0
1645264800000.0,0.1868,0.1877,0.1846,0.1854,372587.9
1645268400000.0,0.186,0.1864,0.1809,0.1829,268150.9
1645272000000.0,0.183,0.1838,0.1815,0.1831,57910.8
1645275600000.0,0.1832,0.1875,0.1824,0.1864,150107.6
1645279200000.0,0.1867,0.1882,0.1855,0.1873,42105.6
1645282800000.0,0.1871,0.1889,0.1859,0.1889,58171.1
1645286400000.0,0.1889,0.1921,0.1866,0.1874,623529.2
1645290000000.0,0.1874,0.1895,0.1866,0.1892,90452.0
1645293600000.0,0.1884,0.1894,0.1867,0.1874,233828.8
1645297200000.0,0.1874,0.1874,0.1855,0.1855,26869.3
1645300800000.0,0.186,0.1872,0.1854,0.1865,81015.7
1645304400000.0,0.1862,0.1868,0.1847,0.1857,24034.5
1645308000000.0,0.1861,0.189,0.1853,0.1878,86685.8
1645311600000.0,0.1884,0.1902,0.1881,0.1899,77713.7
1645315200000.0,0.1896,0.1902,0.1848,0.1853,259999.7
1645318800000.0,0.1855,0.1866,0.1838,0.1866,45437.8
1645322400000.0,0.1864,0.1871,0.1834,0.1836,93932.6
1645326000000.0,0.1834,0.1834,0.1805,0.1808,151754.0
1645329600000.0,0.1812,0.1812,0.1779,0.1779,160479.8
1645333200000.0,0.1781,0.1795,0.1758,0.1768,140045.5
1645336800000.0,0.1767,0.1769,0.1715,0.1725,312612.0
1645340400000.0,0.1727,0.1757,0.1722,0.1756,46907.5
1645344000000.0,0.1757,0.176,0.172,0.1728,47868.5
1645347600000.0,0.1723,0.1752,0.1723,0.1745,18028.2
1645351200000.0,0.1749,0.177,0.1746,0.1749,63591.7
1645354800000.0,0.1751,0.1765,0.1748,0.1763,15000.9
1645358400000.0,0.1765,0.1785,0.1742,0.1742,59431.4
1645362000000.0,0.1746,0.1751,0.1736,0.1738,18212.3
1645365600000.0,0.1736,0.1743,0.1713,0.1728,179849.8
1645369200000.0,0.173,0.1754,0.1726,0.1747,240341.2
1645372800000.0,0.1746,0.1765,0.1741,0.1743,88733.4
1645376400000.0,0.1746,0.1754,0.1739,0.1743,64956.3
1645380000000.0,0.1747,0.1775,0.1743,0.1767,42859.2
1645383600000.0,0.1765,0.1773,0.176,0.1763,41704.9
1645387200000.0,0.1759,0.1764,0.175,0.1756,35273.2
1645390800000.0,0.1755,0.1755,0.1731,0.1753,90096.6
1645394400000.0,0.175,0.1801,0.1749,0.1798,97173.7
1645398000000.0,0.1801,0.1804,0.1764,0.1771,58172.4
1645401600000.0,0.1773,0.1795,0.1751,0.1795,96928.3
1645405200000.0,0.1796,0.1884,0.1796,0.1858,444092.4
1645408800000.0,0.1856,0.1861,0.1837,0.1845,100873.5
1645412400000.0,0.1851,0.1851,0.1814,0.1822,189993.3
1645416000000.0,0.1819,0.1837,0.181,0.1837,98661.1
1645419600000.0,0.1836,0.1844,0.1816,0.1825,167172.8
1645423200000.0,0.1825,0.1839,0.1821,0.1837,119517.4
1645426800000.0,0.1833,0.1846,0.1823,0.1846,81523.2
1645430400000.0,0.1845,0.1852,0.1824,0.1824,73684.8
1645434000000.0,0.1823,0.1833,0.1809,0.181,49494.1
1645437600000.0,0.1813,0.1821,0.1773,0.1781,104247.4
1645441200000.0,0.1779,0.1782,0.1711,0.1723,149584.6
1645444800000.0,0.1716,0.1728,0.1686,0.1695,161506.3
1645448400000.0,0.1691,0.1691,0.1658,0.1658,111903.6
1645452000000.0,0.1659,0.1765,0.1659,0.1758,249495.7
1645455600000.0,0.1758,0.1781,0.174,0.1741,115336.9
1645459200000.0,0.1743,0.1759,0.1735,0.1738,99412.0
1645462800000.0,0.1738,0.1748,0.172,0.1721,74966.9
1645466400000.0,0.1722,0.1735,0.1679,0.1698,438255.5
1645470000000.0,0.1697,0.171,0.1684,0.1694,73967.8
1645473600000.0,0.1694,0.1709,0.1688,0.1705,31609.4
1645477200000.0,0.1699,0.1716,0.1648,0.1648,139204.5
1645480800000.0,0.1647,0.1669,0.163,0.1645,276129.3
1645484400000.0,0.1648,0.1649,0.1583,0.1586,218408.8
1645488000000.0,0.1593,0.1617,0.1585,0.1617,264458.2
1645491600000.0,0.1617,0.1645,0.1596,0.1625,120786.7
1645495200000.0,0.1621,0.163,0.1604,0.162,148338.0
1645498800000.0,0.1619,0.1619,0.1561,0.1573,225559.6
1645502400000.0,0.1574,0.1611,0.1574,0.1595,143590.6
1645506000000.0,0.1596,0.1645,0.1591,0.1616,145963.0
1645509600000.0,0.1622,0.165,0.1613,0.1637,32756.8
1645513200000.0,0.1637,0.1646,0.1615,0.1636,51223.2
1645516800000.0,0.1633,0.1656,0.1624,0.1654,61815.7
1645520400000.0,0.165,0.166,0.1631,0.1649,87237.7
1645524000000.0,0.1643,0.1703,0.1637,0.1688,107095.2
1645527600000.0,0.1688,0.17,0.1673,0.1678,52591.2
1645531200000.0,0.1672,0.1715,0.1666,0.1692,119863.4
1645534800000.0,0.169,0.1714,0.1676,0.1701,244377.3
1645538400000.0,0.1701,0.1724,0.1682,0.172,164311.6
1645542000000.0,0.1711,0.1716,0.1693,0.1702,63455.7
1645545600000.0,0.1698,0.1698,0.1665,0.1683,71884.0
1645549200000.0,0.1686,0.1692,0.167,0.1686,17325.1
1645552800000.0,0.1686,0.1695,0.1679,0.168,18790.2
1645556400000.0,0.1676,0.1706,0.1671,0.1704,110438.4
1645560000000.0,0.1707,0.1715,0.1689,0.1699,35959.4
1645563600000.0,0.1699,0.1704,0.1689,0.1695,30141.5
1645567200000.0,0.1692,0.1742,0.1684,0.1701,414632.5
1645570800000.0,0.1702,0.1745,0.1693,0.1744,307444.4
1645574400000.0,0.1745,0.1752,0.1725,0.1735,232246.1
1645578000000.0,0.1736,0.1777,0.171,0.1714,483739.1
1645581600000.0,0.1717,0.1756,0.1713,0.1716,124482.6
1645585200000.0,0.1715,0.1727,0.1708,0.1708,107513.8
1645588800000.0,0.1707,0.1738,0.17,0.1738,227310.8
1645592400000.0,0.1737,0.1761,0.1727,0.174,160791.9
1645596000000.0,0.1738,0.1756,0.1734,0.1739,121267.6
1645599600000.0,0.1735,0.175,0.1732,0.1745,23464.3
1645603200000.0,0.1748,0.1768,0.174,0.1762,52052.4
1645606800000.0,0.1764,0.1782,0.176,0.1782,169957.9
1645610400000.0,0.1783,0.1785,0.1764,0.1772,102382.4
1645614000000.0,0.1775,0.1782,0.1768,0.1771,62432.9
1645617600000.0,0.177,0.1794,0.1765,0.1794,63623.7
1645621200000.0,0.1794,0.1801,0.1778,0.1778,53523.3
1645624800000.0,0.1777,0.1777,0.1749,0.1749,69403.2
1645628400000.0,0.1749,0.1752,0.1737,0.1737,61421.8
1645632000000.0,0.1739,0.1772,0.1717,0.1772,141947.6
1645635600000.0,0.1768,0.1787,0.1733,0.174,99725.1
1645639200000.0,0.1737,0.1743,0.1697,0.1703,154347.6
1645642800000.0,0.1705,0.1706,0.1674,0.168,162755.5
1645646400000.0,0.1679,0.1687,0.1669,0.1685,32598.9
1645650000000.0,0.169,0.1694,0.1657,0.1657,214698.7
1645653600000.0,0.1656,0.1667,0.1634,0.1667,147781.3
1645657200000.0,0.1665,0.1668,0.1612,0.1612,103444.1
1645660800000.0,0.1613,0.1617,0.1579,0.1588,321073.1
1645664400000.0,0.1591,0.1599,0.1578,0.1597,72555.9
1645668000000.0,0.1598,0.1607,0.1545,0.1545,154602.3
1645671600000.0,0.1545,0.1548,0.1443,0.1451,1050568.4
1645675200000.0,0.145,0.1466,0.1426,0.1458,581176.3
1645678800000.0,0.1456,0.1456,0.1371,0.1399,467140.9
1645682400000.0,0.1396,0.1414,0.1384,0.1398,206919.2
1645686000000.0,0.14,0.1419,0.1333,0.1396,438584.4
1645689600000.0,0.1399,0.1441,0.1385,0.1409,186845.2
1645693200000.0,0.1409,0.1425,0.1388,0.1393,69989.2
1645696800000.0,0.1388,0.1392,0.1368,0.138,76818.7
1645700400000.0,0.1384,0.1398,0.1364,0.1383,38042.0
1645704000000.0,0.1377,0.1387,0.137,0.1373,54351.7
1645707600000.0,0.1371,0.1402,0.1371,0.139,83077.0
1645711200000.0,0.1389,0.1416,0.1379,0.1416,43756.7
1645714800000.0,0.1412,0.1453,0.1405,0.1446,229221.4
1645718400000.0,0.1446,0.149,0.1442,0.1472,570049.2
1645722000000.0,0.1472,0.1473,0.1446,0.1458,79433.6
1645725600000.0,0.1457,0.154,0.1455,0.1514,384971.3
1645729200000.0,0.1516,0.1552,0.1494,0.1552,151328.0
1645732800000.0,0.1553,0.1605,0.1553,0.1596,612103.5
1645736400000.0,0.159,0.16,0.1561,0.1598,172012.1
1645740000000.0,0.1598,0.1604,0.1556,0.1563,126441.5
1645743600000.0,0.156,0.16,0.156,0.1599,115765.3
1645747200000.0,0.1599,0.1605,0.1573,0.1573,71153.1
1645750800000.0,0.1582,0.1617,0.1578,0.1605,100863.8
1645754400000.0,0.1606,0.1623,0.1604,0.1617,35686.7
1645758000000.0,0.1617,0.1622,0.1599,0.162,135158.3
1645761600000.0,0.1617,0.163,0.1592,0.1602,157137.6
1645765200000.0,0.1601,0.1607,0.158,0.1601,30926.0
1645768800000.0,0.1596,0.162,0.1589,0.162,40172.9
1645772400000.0,0.1621,0.1622,0.1602,0.1606,21304.0
1645776000000.0,0.1611,0.1614,0.1586,0.1604,58685.1
1645779600000.0,0.1586,0.1654,0.1563,0.1621,467211.8
1645783200000.0,0.1618,0.1618,0.1587,0.1599,181967.2
1645786800000.0,0.1597,0.1632,0.1592,0.1632,33471.9
1645790400000.0,0.1633,0.1652,0.1625,0.165,97590.2
1645794000000.0,0.1648,0.1669,0.1641,0.1651,89824.6
1645797600000.0,0.1653,0.1653,0.1625,0.1625,42901.2
1645801200000.0,0.1627,0.1663,0.1611,0.1663,155434.0
1645804800000.0,0.1663,0.1693,0.1652,0.1664,242968.9
1645808400000.0,0.1664,0.1672,0.1639,0.1657,143350.4
1645812000000.0,0.165,0.166,0.164,0.1645,51814.7
1645815600000.0,0.1643,0.1666,0.164,0.1649,33370.9
1645819200000.0,0.1649,0.1679,0.1649,0.1676,75052.3
1645822800000.0,0.1668,0.1695,0.1668,0.1683,52420.9
1645826400000.0,0.1683,0.1723,0.1675,0.1713,150207.3
1645830000000.0,0.1722,0.1734,0.1692,0.17,165404.6
1645833600000.0,0.1702,0.1742,0.1687,0.1737,155380.9
1645837200000.0,0.1737,0.175,0.1727,0.1739,72151.5
1645840800000.0,0.1735,0.1751,0.173,0.175,35935.3
1645844400000.0,0.1746,0.1747,0.1721,0.1723,62405.4
1645848000000.0,0.1723,0.1741,0.1723,0.1737,13302.1
1645851600000.0,0.173,0.1733,0.1693,0.1702,334171.8
1645855200000.0,0.1701,0.1709,0.1692,0.1694,67537.4
1645858800000.0,0.1696,0.1707,0.1679,0.1707,55509.3
1645862400000.0,0.1707,0.1724,0.1677,0.1683,145774.6
1645866000000.0,0.1686,0.1692,0.1667,0.1674,33789.9
1645869600000.0,0.1677,0.1689,0.1674,0.1684,8006.3
1645873200000.0,0.1689,0.1689,0.1669,0.1676,8345.2
1645876800000.0,0.1677,0.1678,0.166,0.1669,48465.4
1645880400000.0,0.1677,0.1686,0.1675,0.1682,10559.7
1645884000000.0,0.1681,0.169,0.1675,0.1682,111449.7
1645887600000.0,0.1687,0.1703,0.1687,0.1691,61953.9
1645891200000.0,0.1689,0.169,0.1667,0.1669,96357.1
1645894800000.0,0.1669,0.1678,0.1667,0.1673,6688.6
1645898400000.0,0.1671,0.1671,0.1643,0.1661,79439.4
1645902000000.0,0.1661,0.1668,0.1659,0.1665,18193.4
1645905600000.0,0.1664,0.1672,0.166,0.1668,25231.2
1645909200000.0,0.1668,0.1705,0.1663,0.1674,398561.7
1645912800000.0,0.1672,0.1672,0.1654,0.1654,58658.8
1645916400000.0,0.1653,0.1653,0.1626,0.1636,167994.2
1645920000000.0,0.1636,0.1642,0.1591,0.1596,166497.0
1645923600000.0,0.1594,0.1594,0.1566,0.1566,121696.2
1645927200000.0,0.1565,0.1582,0.1565,0.1582,33926.2
1645930800000.0,0.1583,0.1589,0.1571,0.1571,67992.7
1645934400000.0,0.1573,0.158,0.1566,0.1571,14859.2
1645938000000.0,0.157,0.1591,0.1565,0.158,86106.2
1645941600000.0,0.158,0.1605,0.158,0.1605,35804.9
1645945200000.0,0.1605,0.1609,0.1602,0.1603,15209.6
1645948800000.0,0.1602,0.1606,0.1585,0.1599,48895.2
1645952400000.0,0.1601,0.1624,0.16,0.1624,28318.3
1645956000000.0,0.1617,0.1648,0.1616,0.1646,45117.9
1645959600000.0,0.1648,0.1657,0.1644,0.1654,21523.1
1645963200000.0,0.1654,0.1682,0.1652,0.1678,43368.4
1645966800000.0,0.1675,0.1683,0.1595,0.1627,210511.4
1645970400000.0,0.1627,0.164,0.1605,0.1611,139870.5
1645974000000.0,0.1608,0.1647,0.1608,0.1641,40200.2
1645977600000.0,0.1638,0.1638,0.1623,0.1628,15089.6
1645981200000.0,0.1633,0.1637,0.1621,0.1621,12355.7
1645984800000.0,0.1621,0.1627,0.1608,0.161,28083.9
1645988400000.0,0.161,0.1614,0.1531,0.1532,230464.9
1645992000000.0,0.153,0.1553,0.1517,0.1539,185130.9
1645995600000.0,0.1536,0.1536,0.1494,0.1516,240953.2
1645999200000.0,0.1514,0.1541,0.1514,0.1537,26311.8
1646002800000.0,0.1534,0.1534,0.1508,0.152,34028.1
1646006400000.0,0.1522,0.1522,0.1491,0.1499,42890.0
1646010000000.0,0.1499,0.154,0.1497,0.1526,293281.5
1646013600000.0,0.1528,0.153,0.1502,0.1513,208909.2
1646017200000.0,0.1511,0.1531,0.1506,0.1515,103525.3
1646020800000.0,0.1516,0.1527,0.1502,0.1505,27450.2
1646024400000.0,0.1502,0.1518,0.1501,0.1512,14208.3
1646028000000.0,0.1512,0.1521,0.1487,0.1517,109835.5
1646031600000.0,0.1514,0.154,0.1514,0.1537,66111.5
1646035200000.0,0.1541,0.1547,0.1523,0.1531,17926.9
1646038800000.0,0.154,0.1543,0.1518,0.152,11849.6
1646042400000.0,0.1518,0.1529,0.1513,0.1529,14455.7
1646046000000.0,0.1524,0.1528,0.1514,0.1516,16233.7
1646049600000.0,0.1521,0.1538,0.1513,0.1516,42791.0
1646053200000.0,0.1518,0.1524,0.1499,0.1499,192842.5
1646056800000.0,0.15,0.1567,0.1495,0.1567,221146.6
1646060400000.0,0.1567,0.1611,0.1553,0.161,238411.5
1646064000000.0,0.1611,0.1667,0.16,0.161,432982.1
1646067600000.0,0.1609,0.1609,0.1588,0.1608,71399.3
1646071200000.0,0.1611,0.1617,0.1599,0.1609,97456.5
1646074800000.0,0.1607,0.1607,0.1596,0.16,44350.0
1646078400000.0,0.1601,0.1621,0.1599,0.1615,110601.6
1646082000000.0,0.1611,0.1611,0.1601,0.161,287564.5
1646085600000.0,0.1608,0.1697,0.1608,0.1642,1095858.0
1646089200000.0,0.1648,0.1683,0.1647,0.1677,256859.4
1646092800000.0,0.1681,0.1716,0.1681,0.1714,190210.7
1646096400000.0,0.1716,0.1716,0.1655,0.1682,1092117.4
1646100000000.0,0.1685,0.1685,0.1663,0.1668,25414.4
1646103600000.0,0.1668,0.1668,0.1641,0.1664,342909.5
1646107200000.0,0.1662,0.1682,0.1658,0.168,59934.8
1646110800000.0,0.1682,0.1698,0.1664,0.1668,162939.0
1646114400000.0,0.1668,0.1669,0.1641,0.1662,56332.5
1646118000000.0,0.1661,0.1702,0.166,0.1695,307035.3
1646121600000.0,0.1694,0.1706,0.1685,0.1687,75391.2
1646125200000.0,0.1687,0.1689,0.1661,0.1676,90703.6
1646128800000.0,0.1677,0.1683,0.1642,0.1683,114156.6
1646132400000.0,0.1684,0.1688,0.1665,0.1683,24428.9
1646136000000.0,0.1681,0.1705,0.1675,0.1704,60675.4
1646139600000.0,0.1705,0.1736,0.1694,0.1721,210114.5
1646143200000.0,0.1727,0.1737,0.1663,0.1665,223649.6
1646146800000.0,0.1669,0.1678,0.1647,0.1665,188348.4
1646150400000.0,0.1664,0.1691,0.1649,0.166,171228.1
1646154000000.0,0.1661,0.1687,0.1653,0.1682,127991.1
1646157600000.0,0.1682,0.1689,0.1673,0.1688,34327.3
1646161200000.0,0.1682,0.1697,0.1675,0.1675,28807.5
1646164800000.0,0.1678,0.1696,0.1678,0.1692,36416.2
1646168400000.0,0.1693,0.1695,0.1665,0.1665,63317.2
1646172000000.0,0.1667,0.1677,0.166,0.1668,18236.5
1646175600000.0,0.1672,0.1685,0.166,0.1679,20568.1
1646179200000.0,0.1671,0.1676,0.1626,0.1651,181147.7
1646182800000.0,0.1653,0.1659,0.1626,0.1635,58201.7
1646186400000.0,0.1638,0.1652,0.1633,0.1652,14818.7
1646190000000.0,0.1653,0.1678,0.1652,0.1677,65821.4
1646193600000.0,0.1672,0.1687,0.1664,0.1664,145404.1
1646197200000.0,0.1673,0.1676,0.1664,0.1672,2718.1
1646200800000.0,0.1671,0.1671,0.1639,0.1639,47132.2
1646204400000.0,0.1643,0.1643,0.1627,0.1636,72688.3
1646208000000.0,0.1636,0.1659,0.1622,0.1636,69954.2
1646211600000.0,0.1639,0.1652,0.1638,0.1645,40706.1
1646215200000.0,0.1645,0.1672,0.1645,0.1659,90364.6
1646218800000.0,0.1657,0.1664,0.1653,0.1656,8127.0
1646222400000.0,0.166,0.1673,0.1645,0.1655,38280.6
1646226000000.0,0.1652,0.1656,0.1596,0.1605,121968.6
1646229600000.0,0.161,0.1645,0.1601,0.1645,87984.0
1646233200000.0,0.1644,0.1653,0.1606,0.1606,262595.5
1646236800000.0,0.1606,0.1625,0.1605,0.1617,32473.7
1646240400000.0,0.1618,0.1627,0.16,0.1605,20708.7
1646244000000.0,0.1605,0.1612,0.1583,0.1591,85623.0
1646247600000.0,0.1586,0.1589,0.1569,0.1584,91518.5
1646251200000.0,0.1583,0.1589,0.1576,0.1583,51170.5
1646254800000.0,0.1582,0.1597,0.1573,0.1597,31753.2
1646258400000.0,0.1597,0.1603,0.1592,0.1592,52502.6
1646262000000.0,0.1591,0.1593,0.1577,0.158,29497.0
1646265600000.0,0.1578,0.1593,0.1574,0.1589,18178.2
1646269200000.0,0.1588,0.1598,0.158,0.1592,164861.2
1646272800000.0,0.159,0.1594,0.1567,0.1577,122090.9
1646276400000.0,0.1577,0.1577,0.1539,0.1556,188644.4
1646280000000.0,0.1556,0.1565,0.1545,0.1551,120198.0
1646283600000.0,0.1553,0.1565,0.1552,0.1558,60156.0
1646287200000.0,0.156,0.1576,0.1539,0.1575,82001.5
1646290800000.0,0.1573,0.1583,0.1573,0.1577,18160.1
1646294400000.0,0.1578,0.1587,0.1572,0.1578,16272.5
1646298000000.0,0.1582,0.1583,0.1565,0.157,43927.4
1646301600000.0,0.157,0.1581,0.1564,0.1581,7616.6
1646305200000.0,0.1581,0.1597,0.1578,0.1586,25789.6
1646308800000.0,0.1581,0.1595,0.1575,0.1589,38369.3
1646312400000.0,0.1593,0.1605,0.1587,0.1603,71133.2
1646316000000.0,0.1605,0.1608,0.1575,0.1584,102978.7
1646319600000.0,0.1583,0.1583,0.1518,0.1527,190456.5
1646323200000.0,0.1521,0.1535,0.1498,0.1504,197635.1
1646326800000.0,0.1504,0.1506,0.1468,0.1493,150891.6
1646330400000.0,0.1493,0.1495,0.1477,0.1487,17760.0
1646334000000.0,0.149,0.1502,0.1485,0.149,107756.8
1646337600000.0,0.1482,0.1497,0.1478,0.1483,61555.0
1646341200000.0,0.1486,0.1506,0.1479,0.1492,72343.4
1646344800000.0,0.1493,0.1509,0.1493,0.1501,30520.7
1646348400000.0,0.1504,0.1516,0.15,0.1506,59187.1
1646352000000.0,0.1507,0.1511,0.1456,0.1457,177968.7
1646355600000.0,0.1457,0.147,0.1437,0.1454,133803.3
1646359200000.0,0.1455,0.1466,0.1452,0.1458,73804.2
1646362800000.0,0.1459,0.1462,0.1448,0.1462,43950.4
1646366400000.0,0.1464,0.1468,0.1451,0.1466,58549.9
1646370000000.0,0.1466,0.1474,0.1466,0.1468,55588.8
1646373600000.0,0.1471,0.1479,0.1468,0.1476,18030.2
1646377200000.0,0.1475,0.148,0.147,0.148,2921.9
1646380800000.0,0.1479,0.1486,0.1457,0.1482,23349.2
1646384400000.0,0.1482,0.1493,0.1476,0.1489,20672.6
1646388000000.0,0.1489,0.1513,0.1489,0.1504,23827.3
1646391600000.0,0.1503,0.1504,0.1494,0.1498,27557.5
1646395200000.0,0.1498,0.1511,0.1483,0.1483,112074.6
1646398800000.0,0.1483,0.1496,0.1477,0.1482,56166.3
1646402400000.0,0.1481,0.1486,0.1458,0.1471,78837.6
1646406000000.0,0.1473,0.1473,0.1457,0.146,33109.1
1646409600000.0,0.146,0.1462,0.1447,0.1456,84516.6
1646413200000.0,0.1458,0.1492,0.1453,0.1467,233574.0
1646416800000.0,0.1471,0.1477,0.1457,0.1457,121802.7
1646420400000.0,0.1456,0.1456,0.1415,0.1417,95702.2
1646424000000.0,0.1415,0.1416,0.1391,0.1414,421580.1
1646427600000.0,0.1414,0.142,0.1405,0.1415,164641.5
1646431200000.0,0.1415,0.1416,0.1387,0.1403,34907.3
1646434800000.0,0.1407,0.1408,0.139,0.139,64861.7
1646438400000.0,0.1394,0.1394,0.1371,0.1371,69709.2
1646442000000.0,0.1374,0.1385,0.1361,0.1379,156945.1
1646445600000.0,0.1381,0.1388,0.1378,0.1384,28101.3
1646449200000.0,0.1387,0.1417,0.1385,0.141,77096.0
1646452800000.0,0.1413,0.1443,0.1396,0.1411,404594.4
1646456400000.0,0.1412,0.1434,0.1402,0.143,240550.1
1646460000000.0,0.1427,0.1438,0.1425,0.143,94169.8
1646463600000.0,0.1428,0.1446,0.1426,0.1436,67428.2
1646467200000.0,0.1437,0.1444,0.1429,0.1436,5690.5
1646470800000.0,0.1434,0.1446,0.143,0.1446,21392.7
1646474400000.0,0.1439,0.1441,0.1419,0.1436,45820.3
1646478000000.0,0.1438,0.1443,0.1432,0.1438,9260.7
1646481600000.0,0.1438,0.1446,0.1436,0.1442,49557.7
1646485200000.0,0.1438,0.1438,0.142,0.1429,57813.6
1646488800000.0,0.1431,0.1439,0.1423,0.1437,16008.0
1646492400000.0,0.1437,0.1441,0.1431,0.1439,51288.1
1646496000000.0,0.1439,0.1474,0.1437,0.1455,101689.1
1646499600000.0,0.1455,0.1468,0.1455,0.1462,142317.4
1646503200000.0,0.146,0.146,0.1444,0.1457,55620.9
1646506800000.0,0.1457,0.1473,0.1453,0.1461,79325.6
1646510400000.0,0.1457,0.1467,0.1455,0.1467,60465.7
1646514000000.0,0.1467,0.1467,0.1448,0.1448,173680.7
1646517600000.0,0.1449,0.1468,0.1446,0.1464,55417.9
1646521200000.0,0.1462,0.1475,0.1456,0.1461,113530.4
1646524800000.0,0.1456,0.147,0.1452,0.147,66669.7
1646528400000.0,0.1471,0.1476,0.1458,0.1458,58440.4
1646532000000.0,0.1459,0.1472,0.1448,0.1462,33966.1
1646535600000.0,0.1463,0.1465,0.1437,0.1448,46397.0
1646539200000.0,0.1449,0.1449,0.1417,0.1443,133864.0
1646542800000.0,0.1445,0.1452,0.1439,0.1439,33729.2
1646546400000.0,0.1441,0.1448,0.1439,0.1442,1476.1
1646550000000.0,0.1438,0.1451,0.143,0.1441,116994.3
1646553600000.0,0.1439,0.1449,0.1433,0.1438,14259.9
1646557200000.0,0.1438,0.1438,0.1412,0.1412,92772.7
1646560800000.0,0.1412,0.1412,0.1385,0.1388,87308.1
1646564400000.0,0.1392,0.1409,0.1384,0.1406,18400.8
1646568000000.0,0.1405,0.1415,0.1394,0.1406,18607.3
1646571600000.0,0.1408,0.1426,0.1408,0.1421,95972.2
1646575200000.0,0.1416,0.1431,0.1407,0.1411,138338.6
1646578800000.0,0.141,0.141,0.1391,0.1391,175449.5
1646582400000.0,0.1394,0.1417,0.1389,0.1417,70180.6
1646586000000.0,0.1416,0.1416,0.1406,0.1407,112530.7
1646589600000.0,0.1408,0.1418,0.1396,0.14,93471.6
1646593200000.0,0.1397,0.1399,0.1375,0.1375,83128.0
1646596800000.0,0.1384,0.1388,0.1374,0.1387,11540.8
1646600400000.0,0.1387,0.1403,0.1386,0.1398,85658.6
1646604000000.0,0.1399,0.1408,0.1395,0.1396,9877.7
1646607600000.0,0.1399,0.1399,0.1364,0.1372,60603.9
1646611200000.0,0.1369,0.1369,0.1337,0.135,161240.0
1646614800000.0,0.1348,0.1359,0.1346,0.1352,31228.0
1646618400000.0,0.1352,0.1358,0.1326,0.1334,50123.8
1646622000000.0,0.1331,0.1339,0.1325,0.1337,48694.6
1646625600000.0,0.1337,0.135,0.1334,0.1349,49242.0
1646629200000.0,0.1344,0.1366,0.1342,0.1358,45084.2
1646632800000.0,0.136,0.1373,0.1359,0.1369,20429.6
1646636400000.0,0.1365,0.1368,0.1348,0.1349,17600.5
1646640000000.0,0.1354,0.1374,0.1345,0.1374,14928.2
1646643600000.0,0.1374,0.1382,0.1372,0.1374,47016.0
1646647200000.0,0.1373,0.1396,0.1365,0.1371,297089.6
1646650800000.0,0.137,0.1396,0.1369,0.1396,34620.0
1646654400000.0,0.1397,0.1421,0.1397,0.1418,113790.2
1646658000000.0,0.1418,0.1451,0.1416,0.145,103028.7
1646661600000.0,0.145,0.1484,0.1433,0.1433,418022.1
1646665200000.0,0.1432,0.1461,0.1432,0.1436,204313.1
1646668800000.0,0.1448,0.1452,0.1418,0.1418,44700.8
1646672400000.0,0.1417,0.1428,0.1407,0.1407,27911.4
1646676000000.0,0.1408,0.1408,0.1375,0.1379,174602.9
1646679600000.0,0.1375,0.1382,0.1335,0.1335,158059.1
1646683200000.0,0.134,0.1347,0.1327,0.1334,53492.9
1646686800000.0,0.1334,0.1354,0.1331,0.1351,66399.3
1646690400000.0,0.1351,0.1378,0.1351,0.1368,69962.4
1646694000000.0,0.137,0.1383,0.1364,0.1369,15936.6
1646697600000.0,0.1371,0.1396,0.1363,0.139,66586.5
1646701200000.0,0.1393,0.1408,0.1388,0.1403,56039.6
1646704800000.0,0.1405,0.1432,0.1403,0.1423,46899.8
1646708400000.0,0.1428,0.1429,0.1419,0.1428,15469.0
1646712000000.0,0.1428,0.1441,0.1419,0.1419,35972.7
1646715600000.0,0.1423,0.1428,0.1406,0.1413,56612.9
1646719200000.0,0.1414,0.1421,0.1397,0.1408,36447.9
1646722800000.0,0.1405,0.1422,0.1399,0.1422,11555.0
1646726400000.0,0.142,0.1454,0.142,0.1441,50170.0
1646730000000.0,0.1441,0.1446,0.1433,0.1437,1333.4
1646733600000.0,0.1437,0.1443,0.1427,0.1441,26599.6
1646737200000.0,0.1442,0.1445,0.1432,0.1443,6115.7
1646740800000.0,0.1443,0.1445,0.142,0.1428,33093.6
1646744400000.0,0.1429,0.1441,0.1422,0.1435,20397.9
1646748000000.0,0.1441,0.1444,0.1425,0.1431,62336.3
1646751600000.0,0.143,0.1431,0.141,0.143,41458.0
1646755200000.0,0.1428,0.1434,0.1413,0.1419,34592.0
1646758800000.0,0.1424,0.1452,0.1423,0.1452,47724.9
1646762400000.0,0.1453,0.1466,0.1435,0.1435,73041.8
1646766000000.0,0.1435,0.1447,0.143,0.1447,19712.6
1646769600000.0,0.1447,0.1498,0.1422,0.1427,733212.0
1646773200000.0,0.1428,0.1428,0.1392,0.1404,114502.2
1646776800000.0,0.1405,0.1413,0.1405,0.1409,5623.1
1646780400000.0,0.1413,0.1431,0.141,0.1429,223566.9
1646784000000.0,0.1431,0.1443,0.1419,0.1443,30677.5
1646787600000.0,0.1445,0.1453,0.1441,0.1453,32373.3
1646791200000.0,0.1451,0.1458,0.1445,0.1447,61290.4
1646794800000.0,0.1444,0.1493,0.1443,0.1491,67692.5
1646798400000.0,0.1489,0.1496,0.1486,0.1489,25949.5
1646802000000.0,0.1494,0.1494,0.1471,0.1485,147169.2
1646805600000.0,0.148,0.1506,0.1477,0.1501,51544.7
1646809200000.0,0.1504,0.1526,0.1501,0.1514,126398.6
1646812800000.0,0.1513,0.1515,0.1497,0.1507,90130.3
1646816400000.0,0.1506,0.1511,0.1503,0.1504,17652.4
1646820000000.0,0.1499,0.1507,0.1498,0.1507,2253.5
1646823600000.0,0.1506,0.151,0.1498,0.1498,11552.1
1646827200000.0,0.1501,0.1514,0.1482,0.1496,87608.3
1646830800000.0,0.1494,0.1514,0.1486,0.151,98850.1
1646834400000.0,0.1508,0.1539,0.1508,0.1529,117936.2
1646838000000.0,0.1529,0.1565,0.1525,0.1559,377480.9
1646841600000.0,0.1555,0.1558,0.1542,0.1545,19616.4
1646845200000.0,0.1549,0.1552,0.1531,0.1537,46235.0
1646848800000.0,0.1537,0.1538,0.1514,0.1527,95489.8
1646852400000.0,0.1525,0.1525,0.1503,0.1517,41873.6
1646856000000.0,0.1511,0.1514,0.1495,0.1495,44164.6
1646859600000.0,0.1494,0.1512,0.1493,0.151,60394.2
1646863200000.0,0.1511,0.1527,0.151,0.1519,112284.4
1646866800000.0,0.1516,0.1535,0.1516,0.153,36863.3
1646870400000.0,0.153,0.1548,0.152,0.1541,68458.5
1646874000000.0,0.154,0.156,0.1508,0.151,229308.3
1646877600000.0,0.1512,0.1534,0.1504,0.1504,147548.3
1646881200000.0,0.1503,0.1513,0.1491,0.1491,71932.4
1646884800000.0,0.1491,0.1493,0.1451,0.1451,109876.6
1646888400000.0,0.145,0.145,0.141,0.142,129395.4
1646892000000.0,0.1422,0.1431,0.1409,0.1426,208708.2
1646895600000.0,0.1425,0.1431,0.1419,0.1423,109244.2
1646899200000.0,0.1423,0.1423,0.1403,0.1414,74084.8
1646902800000.0,0.1415,0.1422,0.141,0.1411,2894.8
1646906400000.0,0.1414,0.1414,0.1397,0.1397,14528.1
1646910000000.0,0.1398,0.1405,0.1396,0.1399,23691.5
1646913600000.0,0.1396,0.1406,0.1394,0.1401,8491.6
1646917200000.0,0.1401,0.1423,0.1373,0.1388,174648.4
1646920800000.0,0.139,0.1404,0.1385,0.1403,125956.5
1646924400000.0,0.14,0.1417,0.1398,0.1412,34376.3
1646928000000.0,0.1417,0.1421,0.1398,0.1404,118669.9
1646931600000.0,0.1405,0.1411,0.1398,0.1403,26508.4
1646935200000.0,0.1402,0.1412,0.1399,0.1404,38806.3
1646938800000.0,0.1411,0.1429,0.141,0.1429,83011.6
1646942400000.0,0.143,0.1456,0.1429,0.1453,71312.0
1646946000000.0,0.1453,0.1457,0.1443,0.1443,65989.8
1646949600000.0,0.1444,0.1453,0.1433,0.1451,17654.8
1646953200000.0,0.1452,0.1458,0.1444,0.1454,9492.9
1646956800000.0,0.1449,0.1453,0.1425,0.1436,34649.3
1646960400000.0,0.1434,0.1436,0.1398,0.1407,161666.0
1646964000000.0,0.1405,0.1409,0.1388,0.1392,29669.2
1646967600000.0,0.1392,0.141,0.1392,0.141,8014.6
1646971200000.0,0.1408,0.1408,0.1379,0.1384,41422.9
1646974800000.0,0.1383,0.1405,0.138,0.1405,203311.1
1646978400000.0,0.1403,0.1433,0.1403,0.1433,126097.8
1646982000000.0,0.1434,0.1453,0.1433,0.1444,78275.9
1646985600000.0,0.1443,0.1451,0.1432,0.1442,111150.1
1646989200000.0,0.1442,0.1462,0.144,0.145,59167.8
1646992800000.0,0.145,0.145,0.144,0.1444,4094.3
1646996400000.0,0.1439,0.1474,0.1426,0.1467,266900.3
1647000000000.0,0.1465,0.148,0.1458,0.1467,87133.9
1647003600000.0,0.1462,0.1466,0.1445,0.1448,49836.1
1647007200000.0,0.145,0.146,0.1437,0.1442,38935.4
1647010800000.0,0.1437,0.1437,0.1416,0.142,72298.7
1647014400000.0,0.1418,0.1418,0.14,0.1407,42327.9
1647018000000.0,0.1404,0.1411,0.1399,0.1409,36352.4
1647021600000.0,0.1411,0.1419,0.1408,0.1408,16875.4
1647025200000.0,0.1408,0.1414,0.1401,0.1405,14066.4
1647028800000.0,0.141,0.1416,0.1399,0.1399,32646.1
1647032400000.0,0.1409,0.1427,0.1407,0.1427,338169.3
1647036000000.0,0.1426,0.1434,0.1421,0.1428,110308.8
1647039600000.0,0.1421,0.1422,0.14,0.14,32360.1
1647043200000.0,0.14,0.1421,0.14,0.1421,20431.8
1647046800000.0,0.1422,0.1433,0.1421,0.1433,36662.2
1647050400000.0,0.1433,0.1437,0.1411,0.1414,56718.3
1647054000000.0,0.1412,0.1422,0.1405,0.1405,67195.4
1647057600000.0,0.1404,0.142,0.1402,0.1411,11084.4
1647061200000.0,0.1409,0.1413,0.1404,0.1412,51924.6
1647064800000.0,0.1408,0.1413,0.1397,0.1399,16710.7
1647068400000.0,0.1398,0.1398,0.1381,0.1384,25982.9
1647072000000.0,0.1388,0.1391,0.1374,0.1381,73241.1
1647075600000.0,0.1384,0.1396,0.1381,0.1389,10723.4
1647079200000.0,0.1389,0.1394,0.1383,0.1391,57474.6
1647082800000.0,0.1392,0.1396,0.1386,0.139,15346.4
1647086400000.0,0.1389,0.1393,0.138,0.1389,14726.5
1647090000000.0,0.1395,0.1404,0.1389,0.1392,139216.9
1647093600000.0,0.139,0.1394,0.1379,0.1388,59013.6
1647097200000.0,0.139,0.1395,0.1381,0.1391,23489.4
1647100800000.0,0.1392,0.1392,0.1382,0.1386,27368.5
1647104400000.0,0.1389,0.1482,0.138,0.139,864682.6
1647108000000.0,0.1386,0.1398,0.1361,0.1372,75009.0
1647111600000.0,0.1376,0.1376,0.1353,0.1361,39972.6
1647115200000.0,0.1357,0.1363,0.1354,0.1358,56625.0
1647118800000.0,0.1359,0.1361,0.1355,0.1356,28962.1
1647122400000.0,0.1353,0.1359,0.1353,0.1358,42660.9
1647126000000.0,0.1356,0.1357,0.1329,0.1329,133182.5
1647129600000.0,0.1328,0.1341,0.1327,0.134,80700.7
1647133200000.0,0.134,0.1363,0.1338,0.135,172523.4
1647136800000.0,0.1352,0.1363,0.1351,0.1363,130351.4
1647140400000.0,0.1362,0.1368,0.136,0.1365,24015.1
1647144000000.0,0.1365,0.1369,0.1349,0.1349,39758.2
1647147600000.0,0.1352,0.1359,0.1351,0.1351,26175.0
1647151200000.0,0.135,0.136,0.135,0.1357,10327.5
1647154800000.0,0.1357,0.1357,0.1349,0.1354,8423.1
1647158400000.0,0.1354,0.1362,0.1353,0.1359,54225.8
1647162000000.0,0.136,0.136,0.1341,0.1351,73465.0
1647165600000.0,0.1349,0.1349,0.1338,0.1345,46225.6
1647169200000.0,0.1345,0.1347,0.1332,0.1332,88759.1
1647172800000.0,0.1332,0.1336,0.1311,0.1316,77655.3
1647176400000.0,0.1317,0.1336,0.1314,0.1336,118900.0
1647180000000.0,0.1335,0.1348,0.1333,0.1348,228215.2
1647183600000.0,0.1349,0.1356,0.1346,0.1347,54059.6
1647187200000.0,0.1347,0.1352,0.1337,0.1337,52346.4
1647190800000.0,0.1337,0.1348,0.1334,0.1348,80020.3
1647194400000.0,0.1347,0.1355,0.1339,0.1351,98374.1
1647198000000.0,0.1351,0.1351,0.1335,0.1335,16900.0
1647201600000.0,0.1335,0.1356,0.1326,0.1333,258324.1
1647205200000.0,0.1329,0.1343,0.1323,0.133,38941.1
1647208800000.0,0.133,0.133,0.1276,0.128,259683.4
1647212400000.0,0.1278,0.1291,0.1274,0.128,158931.2
1647216000000.0,0.1278,0.128,0.1264,0.128,256699.4
1647219600000.0,0.128,0.1293,0.128,0.1283,46726.0
1647223200000.0,0.1282,0.1284,0.1276,0.1279,22237.3
1647226800000.0,0.128,0.1284,0.1275,0.1282,51808.3
1647230400000.0,0.1285,0.1314,0.1283,0.1299,63990.7
1647234000000.0,0.13,0.1305,0.1293,0.1299,27417.4
1647237600000.0,0.1298,0.1315,0.1298,0.1312,15382.5
1647241200000.0,0.1312,0.1326,0.1312,0.1326,43592.4
1647244800000.0,0.1327,0.133,0.1318,0.1323,27585.2
1647248400000.0,0.1317,0.1334,0.1316,0.1333,27869.0
1647252000000.0,0.1333,0.1333,0.1323,0.1325,33896.0
1647255600000.0,0.1327,0.1327,0.131,0.131,17015.0
1647259200000.0,0.131,0.1313,0.1298,0.1302,40551.3
1647262800000.0,0.1303,0.1311,0.1299,0.1301,34034.0
1647266400000.0,0.1303,0.1316,0.1302,0.1316,18637.1
1647270000000.0,0.1315,0.1327,0.1315,0.1323,29148.2
1647273600000.0,0.1316,0.1324,0.1311,0.1311,7709.3
1647277200000.0,0.1308,0.1313,0.1299,0.1304,36671.8
1647280800000.0,0.1306,0.131,0.1296,0.1309,34810.9
1647284400000.0,0.131,0.1322,0.1308,0.1322,15960.9
1647288000000.0,0.1323,0.1329,0.1305,0.1305,91266.1
1647291600000.0,0.1304,0.1319,0.1303,0.1317,20956.7
1647295200000.0,0.1316,0.1347,0.1314,0.1333,174201.4
1647298800000.0,0.1333,0.1348,0.1333,0.1344,81931.7
1647302400000.0,0.1344,0.1347,0.1329,0.1341,37420.9
1647306000000.0,0.1336,0.1336,0.1323,0.1323,26455.0
1647309600000.0,0.1325,0.1325,0.1318,0.1324,56433.8
1647313200000.0,0.1324,0.1327,0.1309,0.131,66916.9
1647316800000.0,0.1308,0.1312,0.1306,0.1306,37316.7
1647320400000.0,0.1305,0.1312,0.1304,0.1311,5103.7
1647324000000.0,0.1312,0.1319,0.1306,0.1306,24127.5
1647327600000.0,0.1305,0.1305,0.1284,0.1289,78676.5
1647331200000.0,0.1288,0.1296,0.1287,0.129,566.7
1647334800000.0,0.1286,0.1297,0.1286,0.1296,7707.3
1647338400000.0,0.1297,0.1304,0.1295,0.1304,19225.8
1647342000000.0,0.1305,0.1312,0.1305,0.1308,24738.8
1647345600000.0,0.1309,0.1322,0.1308,0.132,26980.8
1647349200000.0,0.1319,0.1325,0.1304,0.1312,29378.3
1647352800000.0,0.1312,0.1334,0.1312,0.1327,49548.9
1647356400000.0,0.1328,0.1347,0.1328,0.133,85992.6
1647360000000.0,0.1331,0.1361,0.1329,0.1357,58588.7
1647363600000.0,0.1361,0.1365,0.1347,0.1362,138269.3
1647367200000.0,0.1365,0.1366,0.1352,0.1366,12387.8
1647370800000.0,0.1368,0.1379,0.1363,0.1373,97427.9
1647374400000.0,0.1373,0.1382,0.1361,0.1363,189856.7
1647378000000.0,0.1364,0.1376,0.1359,0.1376,13650.6
1647381600000.0,0.1378,0.1378,0.1363,0.1369,97437.6
1647385200000.0,0.137,0.137,0.1358,0.1364,41623.7
1647388800000.0,0.1364,0.1367,0.1356,0.1363,16469.4
1647392400000.0,0.136,0.1383,0.136,0.1378,41763.6
1647396000000.0,0.1378,0.1416,0.1377,0.1393,237613.5
1647399600000.0,0.139,0.139,0.1352,0.1356,226758.5
1647403200000.0,0.136,0.1366,0.1348,0.1356,55793.6
1647406800000.0,0.1352,0.137,0.1348,0.137,38536.2
1647410400000.0,0.137,0.1392,0.137,0.139,43192.3
1647414000000.0,0.1392,0.1398,0.1384,0.1396,73315.9
1647417600000.0,0.1398,0.1427,0.1387,0.1398,519071.1
1647421200000.0,0.1396,0.1407,0.1391,0.14,81448.4
1647424800000.0,0.1396,0.1399,0.1386,0.1391,30580.9
1647428400000.0,0.1387,0.1395,0.1384,0.1388,138763.4
1647432000000.0,0.1391,0.1393,0.138,0.1382,23138.8
1647435600000.0,0.1378,0.1382,0.1371,0.1381,20723.2
1647439200000.0,0.1383,0.1396,0.1373,0.1386,62213.1
1647442800000.0,0.139,0.14,0.1386,0.14,21332.7
1647446400000.0,0.1401,0.1404,0.1379,0.1394,173255.5
1647450000000.0,0.1389,0.1399,0.1379,0.1385,87854.4
1647453600000.0,0.1383,0.1388,0.1363,0.1384,195883.1
1647457200000.0,0.1383,0.1437,0.1383,0.1422,217788.1
1647460800000.0,0.1421,0.1447,0.142,0.1446,65867.2
1647464400000.0,0.1446,0.1451,0.1432,0.1439,41218.3
1647468000000.0,0.1441,0.1444,0.1434,0.1438,10983.8
1647471600000.0,0.144,0.1466,0.144,0.1466,70113.8
1647475200000.0,0.1467,0.1469,0.1456,0.1465,35409.1
1647478800000.0,0.1463,0.1476,0.1449,0.1474,138724.2
1647482400000.0,0.1473,0.1473,0.1454,0.1455,6869.8
1647486000000.0,0.1455,0.1455,0.1446,0.1446,31516.8
1647489600000.0,0.1449,0.1454,0.1443,0.1454,69268.4
1647493200000.0,0.1453,0.1453,0.1441,0.1441,6333.7
1647496800000.0,0.1441,0.1446,0.143,0.143,60283.5
1647500400000.0,0.1432,0.1443,0.1432,0.1438,33006.2
1647504000000.0,0.144,0.1455,0.144,0.1455,10386.9
1647507600000.0,0.1454,0.1457,0.144,0.144,72848.9
1647511200000.0,0.1437,0.1449,0.1437,0.1445,90061.0
1647514800000.0,0.1445,0.1455,0.1439,0.1455,514808.8
1647518400000.0,0.1454,0.146,0.1449,0.1454,27100.2
1647522000000.0,0.1453,0.1462,0.1448,0.1462,34890.7
1647525600000.0,0.1463,0.1468,0.1444,0.1444,65185.3
1647529200000.0,0.1444,0.146,0.1443,0.1447,24026.1
1647532800000.0,0.1447,0.1457,0.1444,0.1447,165941.7
1647536400000.0,0.1448,0.1448,0.144,0.1447,16891.5
1647540000000.0,0.1445,0.146,0.1443,0.145,340349.6
1647543600000.0,0.1451,0.1451,0.1432,0.1437,101726.3
1647547200000.0,0.1438,0.1464,0.1431,0.1435,267828.1
1647550800000.0,0.1433,0.1439,0.1431,0.1437,38910.1
1647554400000.0,0.1436,0.1436,0.143,0.1435,45599.7
1647558000000.0,0.1433,0.1433,0.1427,0.1428,7323.7
1647561600000.0,0.1429,0.1429,0.1391,0.1392,154237.7
1647565200000.0,0.1398,0.1403,0.1394,0.1401,27216.6
1647568800000.0,0.14,0.1402,0.1392,0.1396,51471.1
1647572400000.0,0.1395,0.1396,0.1386,0.1392,105843.1
1647576000000.0,0.1387,0.1409,0.1387,0.1409,104049.4
1647579600000.0,0.1409,0.1421,0.1409,0.1419,97202.2
1647583200000.0,0.142,0.1431,0.1417,0.1419,86231.3
1647586800000.0,0.1418,0.1418,0.1403,0.1403,34292.7
1647590400000.0,0.1403,0.1418,0.1402,0.1405,145334.2
1647594000000.0,0.1405,0.1407,0.1397,0.1398,78512.7
1647597600000.0,0.14,0.1409,0.1396,0.1396,3194.4
1647601200000.0,0.1396,0.1401,0.139,0.1396,50592.0
1647604800000.0,0.1397,0.1408,0.1396,0.1402,92205.4
1647608400000.0,0.1403,0.1413,0.1398,0.1412,103010.6
1647612000000.0,0.1413,0.142,0.1407,0.1417,41031.4
1647615600000.0,0.1415,0.1439,0.1413,0.1437,74516.0
1647619200000.0,0.1438,0.1464,0.1437,0.1464,91974.0
1647622800000.0,0.1463,0.1473,0.1462,0.1469,120268.3
1647626400000.0,0.1465,0.1472,0.1459,0.1462,280963.2
1647630000000.0,0.1465,0.1477,0.1454,0.1477,51997.6
1647633600000.0,0.1477,0.148,0.1461,0.1461,43817.2
1647637200000.0,0.1461,0.1468,0.1454,0.1454,19199.9
1647640800000.0,0.1455,0.1458,0.1448,0.145,47470.8
1647644400000.0,0.1451,0.1469,0.1451,0.1466,104327.6
1647648000000.0,0.1466,0.148,0.1462,0.1475,83940.3
1647651600000.0,0.1473,0.1475,0.1466,0.1466,21052.5
1647655200000.0,0.1468,0.1468,0.1452,0.1457,195102.3
1647658800000.0,0.1457,0.146,0.145,0.1459,35071.2
1647662400000.0,0.1463,0.1478,0.1458,0.1478,58641.4
1647666000000.0,0.1478,0.1491,0.1469,0.1487,123013.3
1647669600000.0,0.1483,0.1491,0.1481,0.1491,39343.6
1647673200000.0,0.1488,0.1496,0.1478,0.148,36376.2
1647676800000.0,0.1488,0.1502,0.1482,0.1499,39118.1
1647680400000.0,0.1498,0.1516,0.149,0.1505,459225.4
1647684000000.0,0.1505,0.1522,0.1501,0.1511,245344.8
1647687600000.0,0.1513,0.1531,0.151,0.1511,351218.2
1647691200000.0,0.1512,0.1526,0.1509,0.1522,363053.6
1647694800000.0,0.1526,0.1526,0.15,0.1509,272375.0
1647698400000.0,0.1513,0.1526,0.1501,0.1522,97443.6
1647702000000.0,0.1523,0.1536,0.1517,0.1535,171606.5
1647705600000.0,0.1532,0.1543,0.1521,0.1538,368527.8
1647709200000.0,0.1536,0.1536,0.1522,0.1526,507079.5
1647712800000.0,0.1526,0.1534,0.1516,0.1534,270379.8
1647716400000.0,0.1533,0.1544,0.1527,0.1529,200053.3
1647720000000.0,0.1529,0.1543,0.1513,0.1542,267680.5
1647723600000.0,0.1541,0.155,0.1537,0.1537,109654.2
1647727200000.0,0.1537,0.1547,0.1526,0.1543,292546.1
1647730800000.0,0.1538,0.156,0.1538,0.1557,417863.6
1647734400000.0,0.1557,0.1566,0.1534,0.155,261610.1
1647738000000.0,0.155,0.1554,0.1526,0.1549,209242.2
1647741600000.0,0.1551,0.1556,0.1536,0.1541,74029.4
1647745200000.0,0.1543,0.1562,0.1542,0.155,123481.6
1647748800000.0,0.1548,0.1548,0.1523,0.1523,143075.4
1647752400000.0,0.1524,0.1529,0.1509,0.1518,346995.5
1647756000000.0,0.1514,0.1519,0.1504,0.1504,205203.4
1647759600000.0,0.1503,0.1507,0.1489,0.149,136593.2
1647763200000.0,0.149,0.1499,0.1487,0.1495,134307.6
1647766800000.0,0.149,0.1492,0.1467,0.1478,234187.6
1647770400000.0,0.1477,0.1484,0.1466,0.1479,230588.2
1647774000000.0,0.1483,0.1484,0.1464,0.1464,73971.0
1647777600000.0,0.1464,0.1473,0.1452,0.1472,178220.9
1647781200000.0,0.1467,0.1473,0.1462,0.1468,75393.3
1647784800000.0,0.147,0.1475,0.146,0.1461,87404.8
1647788400000.0,0.1467,0.1469,0.1454,0.1454,100553.5
1647792000000.0,0.1457,0.1475,0.1452,0.1467,263743.0
1647795600000.0,0.1463,0.1473,0.144,0.1446,346653.1
1647799200000.0,0.1445,0.1454,0.1443,0.145,213718.6
1647802800000.0,0.145,0.1466,0.145,0.1464,61352.4
1647806400000.0,0.1462,0.1474,0.1451,0.1451,187423.5
1647810000000.0,0.1451,0.1463,0.1449,0.1462,25931.3
1647813600000.0,0.1461,0.1461,0.1443,0.1454,22855.5
1647817200000.0,0.145,0.1454,0.144,0.1443,53725.9
1647820800000.0,0.1443,0.145,0.1432,0.145,211551.2
1647824400000.0,0.1451,0.1453,0.1433,0.1441,286379.3
1647828000000.0,0.1445,0.1445,0.1416,0.1431,254803.5
1647831600000.0,0.1433,0.1441,0.1428,0.1439,11749.6
1647835200000.0,0.1438,0.1447,0.1436,0.1447,30841.7
1647838800000.0,0.1448,0.1482,0.1448,0.1482,198080.3
1647842400000.0,0.1482,0.1493,0.1479,0.1482,100428.1
1647846000000.0,0.1487,0.1517,0.1483,0.1515,348434.1
1647849600000.0,0.1516,0.152,0.1502,0.1505,143276.7
1647853200000.0,0.1504,0.1523,0.1493,0.1514,121244.3
1647856800000.0,0.1518,0.1525,0.1515,0.1524,13531.5
1647860400000.0,0.1523,0.153,0.1518,0.1518,77652.6
1647864000000.0,0.1517,0.1519,0.1494,0.1508,91868.0
1647867600000.0,0.1509,0.152,0.1503,0.1503,137212.0
1647871200000.0,0.1501,0.1508,0.149,0.1495,17850.3
1647874800000.0,0.1498,0.1513,0.149,0.1513,23075.4
1647878400000.0,0.1513,0.1524,0.1494,0.1494,67378.7
1647882000000.0,0.1494,0.1505,0.1494,0.1499,109022.8
1647885600000.0,0.1502,0.1505,0.1494,0.1499,13271.6
1647889200000.0,0.1497,0.1504,0.1494,0.1504,2392.2
1647892800000.0,0.1505,0.1505,0.1488,0.1488,24762.3
1647896400000.0,0.1487,0.1493,0.1484,0.1493,27196.4
1647900000000.0,0.1497,0.1502,0.1493,0.1498,111226.2
1647903600000.0,0.1497,0.1509,0.1492,0.1501,42617.7
1647907200000.0,0.1502,0.1506,0.149,0.1503,37267.5
1647910800000.0,0.1503,0.1506,0.1477,0.1482,408931.1
1647914400000.0,0.1481,0.1514,0.1481,0.1513,1469698.5
1647918000000.0,0.1515,0.1534,0.1515,0.153,238284.9
1647921600000.0,0.1527,0.1546,0.1527,0.1543,164859.4
1647925200000.0,0.1541,0.1544,0.1535,0.1538,43060.0
1647928800000.0,0.1533,0.1533,0.1512,0.152,160051.1
1647932400000.0,0.152,0.1529,0.152,0.1528,71870.7
1647936000000.0,0.1527,0.1538,0.1519,0.1534,34862.6
1647939600000.0,0.1534,0.1536,0.1521,0.1528,9093.0
1647943200000.0,0.1528,0.1592,0.1524,0.1535,769749.8
1647946800000.0,0.1533,0.1598,0.1529,0.1587,753387.0
1647950400000.0,0.1581,0.1591,0.1568,0.1576,160761.3
1647954000000.0,0.1578,0.1593,0.1577,0.1591,126192.0
1647957600000.0,0.1586,0.1593,0.1579,0.1581,45806.5
1647961200000.0,0.1579,0.1592,0.1576,0.1582,142088.6
1647964800000.0,0.1581,0.1595,0.1573,0.158,46527.2
1647968400000.0,0.1579,0.1583,0.1574,0.158,38075.2
1647972000000.0,0.158,0.1583,0.1574,0.1579,36472.4
1647975600000.0,0.1579,0.1587,0.1555,0.1568,92083.6
1647979200000.0,0.1566,0.1577,0.1554,0.156,38011.8
1647982800000.0,0.1561,0.1586,0.156,0.1583,47483.2
1647986400000.0,0.158,0.158,0.1564,0.1567,10902.5
1647990000000.0,0.1566,0.1566,0.1551,0.1553,33026.5
1647993600000.0,0.1553,0.1566,0.1543,0.1563,363191.0
1647997200000.0,0.1561,0.1568,0.1533,0.1561,437893.0
1648000800000.0,0.1561,0.1573,0.156,0.156,334812.9
1648004400000.0,0.1564,0.1568,0.1551,0.1553,118460.4
1648008000000.0,0.1557,0.1557,0.154,0.1556,644641.2
1648011600000.0,0.1553,0.1572,0.155,0.157,89560.8
1648015200000.0,0.157,0.1577,0.1568,0.1577,103035.9
1648018800000.0,0.1577,0.1579,0.1561,0.1572,77331.6
1648022400000.0,0.1571,0.1582,0.1557,0.1575,115363.9
1648026000000.0,0.1573,0.1582,0.1566,0.1578,42234.6
1648029600000.0,0.1581,0.1587,0.1571,0.1586,102735.6
1648033200000.0,0.1586,0.1611,0.158,0.1601,715796.8
1648036800000.0,0.1602,0.1608,0.159,0.1605,105318.6
1648040400000.0,0.1602,0.1605,0.1588,0.1588,152438.4
1648044000000.0,0.1588,0.1602,0.1586,0.1599,78531.5
1648047600000.0,0.16,0.1606,0.1594,0.1599,78154.3
1648051200000.0,0.1602,0.1602,0.1588,0.1594,97258.2
1648054800000.0,0.1598,0.16,0.1574,0.1578,290935.1
1648058400000.0,0.1577,0.1586,0.1576,0.1576,79512.7
1648062000000.0,0.1573,0.159,0.1572,0.1585,127293.7
1648065600000.0,0.1583,0.1598,0.1583,0.1596,42708.8
1648069200000.0,0.1596,0.1599,0.1587,0.1598,31229.9
1648072800000.0,0.1598,0.1611,0.1595,0.1609,285919.7
1648076400000.0,0.1608,0.1613,0.1603,0.1613,104592.5
1648080000000.0,0.161,0.1617,0.1587,0.1607,244241.7
1648083600000.0,0.1609,0.1611,0.1582,0.1592,290260.4
1648087200000.0,0.159,0.1605,0.1583,0.1605,85029.4
1648090800000.0,0.1605,0.1605,0.1589,0.1595,150081.6
1648094400000.0,0.1595,0.1612,0.1594,0.1611,71665.0
1648098000000.0,0.1609,0.1622,0.1602,0.1622,68490.9
1648101600000.0,0.162,0.1624,0.1607,0.1612,77525.8
1648105200000.0,0.1611,0.1614,0.1603,0.1611,12150.1
1648108800000.0,0.1605,0.1614,0.1601,0.1611,5097.2
1648112400000.0,0.1612,0.1618,0.1598,0.1607,74167.1
1648116000000.0,0.1602,0.1613,0.16,0.161,1502.9
1648119600000.0,0.1609,0.1629,0.1609,0.1622,42894.3
1648123200000.0,0.1623,0.1623,0.1582,0.1582,123790.2
1648126800000.0,0.1581,0.1593,0.1565,0.1581,660487.3
1648130400000.0,0.1585,0.1607,0.1583,0.1607,128028.4
1648134000000.0,0.1606,0.1623,0.16,0.1622,593394.2
1648137600000.0,0.1622,0.1622,0.161,0.1619,121976.9
1648141200000.0,0.1618,0.1624,0.1602,0.1602,33039.1
1648144800000.0,0.1602,0.1604,0.1583,0.1595,686115.3
1648148400000.0,0.1593,0.1609,0.1593,0.1604,93112.5
1648152000000.0,0.1601,0.1606,0.1597,0.1601,148383.6
1648155600000.0,0.1601,0.1605,0.1592,0.1603,21721.3
1648159200000.0,0.1606,0.161,0.16,0.1604,13228.2
1648162800000.0,0.1603,0.161,0.1596,0.1606,25532.1
1648166400000.0,0.1606,0.1611,0.1587,0.1598,30932.6
1648170000000.0,0.1596,0.1615,0.1596,0.161,57955.6
1648173600000.0,0.1606,0.1615,0.1602,0.1614,25060.8
1648177200000.0,0.1613,0.1615,0.1605,0.1612,11395.2
1648180800000.0,0.1615,0.162,0.1611,0.1615,17560.8
1648184400000.0,0.1617,0.1625,0.1616,0.162,11190.8
1648188000000.0,0.1624,0.1638,0.1619,0.1621,48888.1
1648191600000.0,0.1617,0.1622,0.161,0.161,33526.2
1648195200000.0,0.161,0.161,0.1588,0.1603,82021.6
1648198800000.0,0.1598,0.1612,0.1597,0.1611,6708.8
1648202400000.0,0.1612,0.1618,0.1607,0.1618,42072.1
1648206000000.0,0.1618,0.1641,0.1618,0.164,145903.5
1648209600000.0,0.164,0.1673,0.1628,0.1669,220780.1
1648213200000.0,0.1666,0.1674,0.1659,0.1671,174217.4
1648216800000.0,0.1671,0.1671,0.1647,0.165,195003.9
1648220400000.0,0.1651,0.1651,0.1587,0.1587,272944.0
1648224000000.0,0.1588,0.1604,0.1568,0.1568,132528.5
1648227600000.0,0.1568,0.1573,0.1535,0.1544,385288.9
1648231200000.0,0.1547,0.156,0.1546,0.156,35571.0
1648234800000.0,0.1558,0.1559,0.1535,0.1551,358087.3
1648238400000.0,0.1551,0.1561,0.1547,0.1558,113887.3
1648242000000.0,0.1557,0.1574,0.1556,0.1571,134833.4
1648245600000.0,0.1569,0.1574,0.1556,0.1556,181235.3
1648249200000.0,0.1557,0.157,0.1557,0.1569,42574.0
1648252800000.0,0.1568,0.1584,0.1567,0.1568,168341.5
1648256400000.0,0.1562,0.1578,0.1559,0.157,31478.1
1648260000000.0,0.1572,0.1576,0.1563,0.1565,12505.0
1648263600000.0,0.1564,0.1579,0.1564,0.1578,9203.7
1648267200000.0,0.1579,0.1591,0.1577,0.1591,19393.4
1648270800000.0,0.1592,0.1604,0.1585,0.1604,36463.7
1648274400000.0,0.1604,0.1607,0.1597,0.1598,44092.6
1648278000000.0,0.16,0.1615,0.1595,0.1609,40916.8
1648281600000.0,0.1608,0.1624,0.1607,0.1624,73037.0
1648285200000.0,0.1624,0.1629,0.1617,0.1629,86913.2
1648288800000.0,0.1629,0.1644,0.1615,0.1641,311914.4
1648292400000.0,0.1641,0.1644,0.1621,0.1633,35409.7
1648296000000.0,0.1639,0.1644,0.161,0.1633,176059.4
1648299600000.0,0.1635,0.1642,0.1627,0.1634,75756.9
1648303200000.0,0.1634,0.1643,0.1626,0.1631,232313.9
1648306800000.0,0.163,0.1637,0.1624,0.1625,185588.9
1648310400000.0,0.1628,0.1636,0.1619,0.1633,66624.9
1648314000000.0,0.1633,0.1694,0.1632,0.1648,1027199.5
1648317600000.0,0.1651,0.1675,0.1642,0.1672,860256.5
1648321200000.0,0.1672,0.1685,0.1639,0.1649,925951.5
1648324800000.0,0.1645,0.1652,0.1622,0.1632,208743.4
1648328400000.0,0.1634,0.1635,0.1616,0.1631,432142.7
1648332000000.0,0.1627,0.1638,0.1627,0.1634,80559.4
1648335600000.0,0.1638,0.1669,0.1636,0.1664,94155.4
1648339200000.0,0.1665,0.1734,0.1663,0.1715,1127844.5
1648342800000.0,0.1716,0.1762,0.1685,0.1734,929216.6
1648346400000.0,0.1729,0.1763,0.17,0.1717,1286829.5
1648350000000.0,0.1712,0.1719,0.1678,0.1681,187756.1
1648353600000.0,0.1681,0.1689,0.1661,0.1685,371183.3
1648357200000.0,0.1681,0.1758,0.1681,0.1687,958681.9
1648360800000.0,0.1687,0.1704,0.1683,0.1689,210699.0
1648364400000.0,0.1691,0.1721,0.1691,0.1701,177249.9
1648368000000.0,0.17,0.17,0.1678,0.1678,46244.2
1648371600000.0,0.1681,0.171,0.1678,0.1696,203150.7
1648375200000.0,0.1697,0.1713,0.1697,0.1705,95195.4
1648378800000.0,0.1701,0.1715,0.1696,0.1703,165689.9
1648382400000.0,0.1709,0.1709,0.1658,0.1658,238944.7
1648386000000.0,0.1659,0.1713,0.1658,0.1707,1324135.5
1648389600000.0,0.1707,0.1752,0.1707,0.1726,500581.1
1648393200000.0,0.1726,0.1785,0.1709,0.1783,723724.8
1648396800000.0,0.178,0.1858,0.1767,0.1792,1036486.4
1648400400000.0,0.1792,0.1796,0.1768,0.1796,184517.2
1648404000000.0,0.1796,0.1836,0.1795,0.1818,543742.2
1648407600000.0,0.1819,0.184,0.1808,0.1829,575791.6
1648411200000.0,0.1825,0.1855,0.1795,0.183,1203230.2
1648414800000.0,0.1832,0.1903,0.1808,0.1839,1305624.7
1648418400000.0,0.1839,0.1898,0.1833,0.1846,536303.4
1648422000000.0,0.1848,0.1869,0.184,0.1866,261107.6
1648425600000.0,0.1864,0.189,0.1842,0.1878,333301.9
1648429200000.0,0.1879,0.1959,0.1873,0.1899,1807377.3
1648432800000.0,0.19,0.1927,0.1891,0.1916,466421.7
1648436400000.0,0.1915,0.1973,0.1904,0.1962,730478.3
1648440000000.0,0.1957,0.1976,0.1907,0.1932,748264.7
1648443600000.0,0.1932,0.1942,0.1915,0.1942,278172.7
1648447200000.0,0.1943,0.1946,0.1889,0.1943,406703.2
1648450800000.0,0.1943,0.1947,0.191,0.1921,243435.3
1648454400000.0,0.1921,0.1927,0.1898,0.1918,161033.9
1648458000000.0,0.1921,0.1938,0.1903,0.1936,168396.8
1648461600000.0,0.1936,0.1979,0.1936,0.1963,283870.5
1648465200000.0,0.1959,0.1974,0.1936,0.1947,329151.0
1648468800000.0,0.1946,0.1973,0.1923,0.1973,393680.0
1648472400000.0,0.1973,0.2018,0.196,0.1984,917811.8
1648476000000.0,0.1985,0.1985,0.1927,0.1943,491726.8
1648479600000.0,0.1942,0.1956,0.192,0.1924,308089.9
1648483200000.0,0.1929,0.1937,0.1892,0.1904,790493.0
1648486800000.0,0.1902,0.192,0.1892,0.1903,260550.3
1648490400000.0,0.1899,0.1921,0.1898,0.1919,208072.9
1648494000000.0,0.192,0.1923,0.1893,0.1906,110735.7
1648497600000.0,0.1911,0.1915,0.1894,0.1915,75289.4
1648501200000.0,0.1914,0.1917,0.1844,0.1871,470520.2
1648504800000.0,0.1872,0.1877,0.1848,0.1856,312039.7
1648508400000.0,0.1854,0.1867,0.1779,0.1795,706445.7
1648512000000.0,0.1797,0.1841,0.1797,0.1833,225581.2
1648515600000.0,0.1832,0.1876,0.1831,0.1875,203006.7
1648519200000.0,0.1876,0.188,0.1858,0.1862,84314.5
1648522800000.0,0.1862,0.1879,0.1853,0.1876,24566.0
1648526400000.0,0.1877,0.1918,0.1872,0.1918,148026.9
1648530000000.0,0.1915,0.1956,0.1912,0.1949,564141.1
1648533600000.0,0.1955,0.1969,0.193,0.1934,143044.5
1648537200000.0,0.1931,0.1935,0.1905,0.1908,94367.8
1648540800000.0,0.1908,0.1947,0.1908,0.1942,70123.7
1648544400000.0,0.194,0.1948,0.1917,0.1924,25087.3
1648548000000.0,0.1922,0.1942,0.1915,0.1933,38233.8
1648551600000.0,0.1933,0.1973,0.1929,0.1954,100017.5
1648555200000.0,0.1951,0.1974,0.195,0.1954,163519.6
1648558800000.0,0.1952,0.1975,0.1929,0.1951,123978.6
1648562400000.0,0.1951,0.1971,0.1939,0.196,246123.5
1648566000000.0,0.1952,0.1967,0.1907,0.1931,280679.7
1648569600000.0,0.1931,0.1934,0.1863,0.191,381280.2
1648573200000.0,0.1908,0.1912,0.1871,0.1909,204588.4
1648576800000.0,0.1907,0.1919,0.1888,0.1903,61735.4
1648580400000.0,0.1908,0.1922,0.1899,0.1903,83532.0
1648584000000.0,0.1897,0.1916,0.1878,0.1888,109594.5
1648587600000.0,0.1889,0.1901,0.1869,0.1872,100531.7
1648591200000.0,0.1872,0.1879,0.1843,0.1877,158934.2
1648594800000.0,0.1877,0.1917,0.1869,0.1906,274747.8
1648598400000.0,0.1906,0.1919,0.188,0.1909,127242.1
1648602000000.0,0.1907,0.1908,0.1828,0.1841,329426.0
1648605600000.0,0.1852,0.1873,0.1852,0.1869,126295.9
1648609200000.0,0.1873,0.1892,0.1867,0.1892,68383.8
1648612800000.0,0.1888,0.1905,0.188,0.1889,169584.1
1648616400000.0,0.1892,0.1925,0.1892,0.1923,133130.9
1648620000000.0,0.1923,0.1943,0.1921,0.194,96047.0
1648623600000.0,0.1936,0.1971,0.1933,0.1962,222097.1
1648627200000.0,0.1963,0.2,0.1934,0.1999,409915.2
1648630800000.0,0.1999,0.2002,0.1961,0.197,213831.0
1648634400000.0,0.1968,0.1981,0.1961,0.1965,82401.4
1648638000000.0,0.1962,0.1979,0.1945,0.1976,129641.5
1648641600000.0,0.1978,0.198,0.1957,0.1973,33201.6
1648645200000.0,0.1976,0.1993,0.1914,0.1927,377219.4
1648648800000.0,0.1926,0.1942,0.1911,0.1932,119978.8
1648652400000.0,0.1931,0.1952,0.1912,0.1952,88269.5
1648656000000.0,0.1951,0.1976,0.1941,0.1958,118142.5
1648659600000.0,0.196,0.1976,0.1943,0.1976,232888.9
1648663200000.0,0.1975,0.1992,0.1954,0.1954,193918.3
1648666800000.0,0.1953,0.197,0.1936,0.197,205253.4
1648670400000.0,0.1971,0.1975,0.1938,0.1963,249080.3
1648674000000.0,0.1963,0.2029,0.1946,0.1981,312223.8
1648677600000.0,0.198,0.2024,0.1971,0.1977,665885.1
1648681200000.0,0.1977,0.1999,0.1976,0.1986,159786.3
1648684800000.0,0.1986,0.2013,0.1976,0.1997,197376.0
1648688400000.0,0.1997,0.2046,0.1997,0.2037,238162.1
1648692000000.0,0.2034,0.2038,0.2011,0.2019,209597.2
1648695600000.0,0.2018,0.2044,0.2004,0.2024,126012.3
1648699200000.0,0.202,0.2031,0.2009,0.2015,63874.3
1648702800000.0,0.2018,0.2032,0.2006,0.2029,80976.9
1648706400000.0,0.2028,0.2066,0.2024,0.2047,229943.3
1648710000000.0,0.2047,0.2059,0.2045,0.2058,79282.8
1648713600000.0,0.2051,0.2057,0.2039,0.2053,87875.6
1648717200000.0,0.2052,0.2061,0.2042,0.2059,18745.0
1648720800000.0,0.2056,0.2065,0.2039,0.206,136070.6
1648724400000.0,0.2055,0.2059,0.2029,0.2034,102527.4
1648728000000.0,0.2034,0.2043,0.2013,0.2041,103454.7
1648731600000.0,0.2042,0.2161,0.2041,0.2072,982467.3
1648735200000.0,0.2072,0.2073,0.1926,0.1982,1117082.1
1648738800000.0,0.1989,0.1991,0.1936,0.1942,177101.3
1648742400000.0,0.1943,0.1946,0.1857,0.186,589742.6
1648746000000.0,0.1869,0.1921,0.1864,0.1873,468758.4
1648749600000.0,0.1874,0.1892,0.185,0.1888,220902.2
1648753200000.0,0.1892,0.1895,0.1866,0.1877,164158.0
1648756800000.0,0.1874,0.1881,0.1864,0.1866,90197.9
1648760400000.0,0.1866,0.1879,0.1863,0.1864,89462.6
1648764000000.0,0.1864,0.188,0.1857,0.1876,90380.6
1648767600000.0,0.1873,0.1877,0.1829,0.1861,116769.9
1648771200000.0,0.1861,0.1894,0.1854,0.1887,99031.3
1648774800000.0,0.1883,0.1888,0.1848,0.1848,77762.4
1648778400000.0,0.1848,0.186,0.1776,0.1788,529143.6
1648782000000.0,0.1785,0.1804,0.1774,0.1804,352566.1
1648785600000.0,0.1803,0.1817,0.1803,0.1809,55603.2
1648789200000.0,0.1812,0.1826,0.181,0.1814,51780.3
1648792800000.0,0.1815,0.1843,0.1811,0.1841,51187.2
1648796400000.0,0.1844,0.186,0.1843,0.186,71913.8
1648800000000.0,0.1861,0.1879,0.1858,0.1858,98094.7
1648803600000.0,0.1857,0.1861,0.1831,0.1845,53095.1
1648807200000.0,0.1847,0.1932,0.184,0.1914,223916.9
1648810800000.0,0.191,0.1932,0.1898,0.1925,64384.2
1648814400000.0,0.1926,0.1926,0.187,0.1904,306036.8
1648818000000.0,0.1907,0.1934,0.1907,0.1923,84511.6
1648821600000.0,0.1924,0.2038,0.1922,0.2014,539862.0
1648825200000.0,0.201,0.2035,0.1988,0.2014,250853.7
1648828800000.0,0.2018,0.2018,0.1978,0.1982,314852.3
1648832400000.0,0.1979,0.2029,0.1974,0.2029,144724.4
1648836000000.0,0.2029,0.2036,0.2006,0.202,72560.4
1648839600000.0,0.2019,0.2021,0.1995,0.2016,123011.8
1648843200000.0,0.2011,0.2011,0.1985,0.2002,192798.3
1648846800000.0,0.2003,0.2019,0.1997,0.2019,100225.4
1648850400000.0,0.2012,0.2022,0.1987,0.2,140214.4
1648854000000.0,0.2004,0.2011,0.1991,0.1997,77284.5
1648857600000.0,0.1995,0.2051,0.1993,0.2051,211744.7
1648861200000.0,0.205,0.2068,0.203,0.2055,173491.4
1648864800000.0,0.2056,0.2081,0.2034,0.2055,163731.7
1648868400000.0,0.2055,0.2055,0.2026,0.2045,93373.5
1648872000000.0,0.2042,0.2066,0.2033,0.2058,93864.5
1648875600000.0,0.2057,0.2073,0.205,0.2072,80634.5
1648879200000.0,0.2067,0.2073,0.2048,0.2065,191437.3
1648882800000.0,0.2067,0.208,0.2045,0.2058,115230.2
1648886400000.0,0.2057,0.208,0.2048,0.2071,60676.5
1648890000000.0,0.2067,0.2067,0.2057,0.2061,65061.7
1648893600000.0,0.2062,0.2062,0.2045,0.2055,21783.0
1648897200000.0,0.2056,0.2056,0.2034,0.2034,72132.4
1648900800000.0,0.2035,0.2043,0.199,0.2043,598645.4
1648904400000.0,0.2041,0.2092,0.2041,0.2084,255288.2
1648908000000.0,0.2084,0.2134,0.206,0.2118,741427.1
1648911600000.0,0.2119,0.2124,0.2032,0.2085,749207.9
1648915200000.0,0.2087,0.2108,0.2072,0.2093,250431.3
1648918800000.0,0.209,0.2126,0.2082,0.209,204918.1
1648922400000.0,0.209,0.2091,0.2014,0.2047,477228.2
1648926000000.0,0.2052,0.2176,0.2052,0.2098,1002729.0
1648929600000.0,0.2097,0.219,0.2087,0.218,1273677.7
1648933200000.0,0.2179,0.2272,0.2143,0.2237,1509261.1
1648936800000.0,0.2239,0.2281,0.2193,0.223,1640099.1
1648940400000.0,0.2225,0.2241,0.2184,0.2225,445387.0
1648944000000.0,0.2224,0.223,0.2146,0.2173,507164.9
1648947600000.0,0.2165,0.2174,0.2074,0.2153,526858.4
1648951200000.0,0.2152,0.2178,0.2144,0.217,529814.8
1648954800000.0,0.217,0.2186,0.2156,0.217,378986.6
1648958400000.0,0.2167,0.2169,0.2146,0.2161,155951.4
1648962000000.0,0.2165,0.2174,0.2155,0.2169,129722.1
1648965600000.0,0.217,0.2232,0.2168,0.2232,376319.9
1648969200000.0,0.2229,0.2261,0.2198,0.2214,311698.7
1648972800000.0,0.2215,0.2236,0.2187,0.2189,272752.4
1648976400000.0,0.2189,0.2223,0.2174,0.2192,168926.2
1648980000000.0,0.2192,0.2199,0.217,0.2171,124245.6
1648983600000.0,0.2176,0.2181,0.2157,0.2177,126561.4
1648987200000.0,0.2176,0.2191,0.2163,0.2177,276138.1
1648990800000.0,0.218,0.2193,0.2172,0.2174,57088.8
1648994400000.0,0.2177,0.2177,0.2111,0.2144,283043.8
1648998000000.0,0.2139,0.2162,0.2138,0.2156,234751.5
1649001600000.0,0.2156,0.2171,0.2142,0.215,135791.5
1649005200000.0,0.2148,0.2154,0.2129,0.2143,115486.8
1649008800000.0,0.214,0.2146,0.2123,0.2132,38571.7
1649012400000.0,0.2132,0.2148,0.2105,0.2114,378366.6
1649016000000.0,0.2114,0.2128,0.2106,0.2113,211603.8
1649019600000.0,0.2119,0.2143,0.2116,0.2143,146452.4
1649023200000.0,0.2141,0.2172,0.214,0.2148,230138.8
1649026800000.0,0.2148,0.2161,0.2128,0.2152,192900.3
1649030400000.0,0.2151,0.2151,0.2099,0.2103,243575.0
1649034000000.0,0.2114,0.214,0.2099,0.2136,115724.6
1649037600000.0,0.2134,0.2159,0.213,0.2157,74238.7
1649041200000.0,0.2153,0.2193,0.2153,0.2182,103900.3
1649044800000.0,0.2189,0.2212,0.2177,0.2185,124878.4
1649048400000.0,0.2178,0.2217,0.2178,0.2214,39775.0
1649052000000.0,0.2213,0.2227,0.2192,0.2224,102204.5
1649055600000.0,0.2225,0.2245,0.2205,0.2205,121013.9
1649059200000.0,0.2204,0.221,0.2179,0.2193,88878.2
1649062800000.0,0.2199,0.2244,0.2186,0.2189,387095.7
1649066400000.0,0.2185,0.2219,0.2183,0.2197,135340.4
1649070000000.0,0.2194,0.2227,0.2194,0.2215,68142.4
1649073600000.0,0.2217,0.2261,0.2188,0.2193,486684.1
1649077200000.0,0.2196,0.2197,0.214,0.2166,546917.6
1649080800000.0,0.2166,0.2169,0.212,0.212,173331.6
1649084400000.0,0.2126,0.2126,0.2023,0.2025,434300.8
1649088000000.0,0.2023,0.206,0.202,0.2027,90064.0
1649091600000.0,0.2028,0.2038,0.1953,0.1982,590544.9
1649095200000.0,0.198,0.2015,0.197,0.2014,172177.4
1649098800000.0,0.2016,0.2065,0.2014,0.2065,157512.6
1649102400000.0,0.206,0.2145,0.2055,0.2121,310392.7
1649106000000.0,0.2122,0.2141,0.2104,0.2141,259671.7
1649109600000.0,0.2137,0.2183,0.2123,0.2178,109505.6
1649113200000.0,0.2179,0.2204,0.2169,0.22,306803.4
1649116800000.0,0.2198,0.2356,0.2179,0.2183,2044380.1
1649120400000.0,0.2184,0.2185,0.2129,0.2129,590573.1
1649124000000.0,0.2134,0.2137,0.2094,0.2112,462563.4
1649127600000.0,0.2112,0.2116,0.2096,0.2108,100128.4
1649131200000.0,0.2105,0.2121,0.2105,0.2121,26463.8
1649134800000.0,0.212,0.2144,0.2105,0.2133,119434.1
1649138400000.0,0.2129,0.2156,0.2125,0.2137,138179.8
1649142000000.0,0.2136,0.2159,0.2128,0.2155,276447.0
1649145600000.0,0.2151,0.217,0.2136,0.2161,267852.3
1649149200000.0,0.2161,0.2195,0.2155,0.2177,124717.2
1649152800000.0,0.2179,0.2191,0.2159,0.2171,44451.0
1649156400000.0,0.2166,0.2182,0.2163,0.2168,22314.3
1649160000000.0,0.2174,0.2199,0.2154,0.2154,204782.8
1649163600000.0,0.2162,0.2177,0.2134,0.215,120474.3
1649167200000.0,0.2148,0.2155,0.2107,0.2122,345783.1
1649170800000.0,0.2126,0.2171,0.212,0.215,160069.0
1649174400000.0,0.2147,0.2169,0.2125,0.2139,217410.1
1649178000000.0,0.2144,0.2151,0.211,0.211,267256.8
1649181600000.0,0.2113,0.2128,0.2105,0.2105,79557.9
1649185200000.0,0.2105,0.2105,0.2063,0.2091,174796.3
1649188800000.0,0.2084,0.2093,0.2044,0.2044,280232.2
1649192400000.0,0.205,0.2054,0.2042,0.2048,78632.0
1649196000000.0,0.2048,0.2057,0.2038,0.2044,59041.3
1649199600000.0,0.2045,0.2046,0.2006,0.2011,162355.7
1649203200000.0,0.201,0.2011,0.1891,0.1941,752543.7
1649206800000.0,0.194,0.1986,0.1939,0.1946,299220.7
1649210400000.0,0.1946,0.1964,0.1943,0.1946,38543.1
1649214000000.0,0.1945,0.1948,0.1927,0.1928,95283.2
1649217600000.0,0.1927,0.1947,0.1923,0.1945,26271.2
1649221200000.0,0.1946,0.1964,0.1946,0.1955,36154.7
1649224800000.0,0.1961,0.1998,0.1956,0.1996,73499.2
1649228400000.0,0.1994,0.2011,0.1987,0.1987,42117.6
1649232000000.0,0.1993,0.2006,0.1979,0.1996,18993.8
1649235600000.0,0.2001,0.2001,0.1975,0.1995,19190.8
1649239200000.0,0.1993,0.1995,0.1949,0.195,80754.0
1649242800000.0,0.1949,0.1949,0.1889,0.1903,153250.9
1649246400000.0,0.1907,0.1934,0.1893,0.1907,134564.0
1649250000000.0,0.1907,0.1925,0.1846,0.1857,339421.9
1649253600000.0,0.185,0.1861,0.1823,0.1848,414275.3
1649257200000.0,0.1847,0.1847,0.181,0.1839,217011.2
1649260800000.0,0.1837,0.1847,0.1801,0.1813,232534.7
1649264400000.0,0.181,0.1825,0.178,0.1825,278194.7
1649268000000.0,0.1825,0.1844,0.1788,0.1832,283498.9
1649271600000.0,0.1832,0.1835,0.1806,0.1833,62473.8
1649275200000.0,0.1834,0.184,0.182,0.1827,20484.3
1649278800000.0,0.1831,0.1831,0.1802,0.1805,54112.5
1649282400000.0,0.1801,0.1806,0.1771,0.1777,165988.2
1649286000000.0,0.1777,0.179,0.1746,0.1751,236108.9
1649289600000.0,0.1751,0.1784,0.1728,0.1734,265824.9
1649293200000.0,0.1738,0.1773,0.1731,0.1773,223703.8
1649296800000.0,0.1773,0.1773,0.1745,0.177,25915.4
1649300400000.0,0.1772,0.1772,0.1749,0.1763,13612.0
1649304000000.0,0.1761,0.1778,0.1755,0.1778,19906.6
1649307600000.0,0.1777,0.1779,0.1761,0.1779,21877.9
1649311200000.0,0.1779,0.1794,0.1777,0.1794,34762.2
1649314800000.0,0.1795,0.1828,0.1784,0.182,176706.5
1649318400000.0,0.182,0.1844,0.1815,0.1823,152439.7
1649322000000.0,0.1817,0.1821,0.1789,0.1817,188440.3
1649325600000.0,0.1807,0.1821,0.1804,0.1816,46955.5
1649329200000.0,0.1816,0.1842,0.1812,0.1842,165924.3
1649332800000.0,0.1842,0.1845,0.1806,0.181,119272.8
1649336400000.0,0.1811,0.1827,0.1798,0.1821,94528.7
1649340000000.0,0.1821,0.1828,0.1787,0.1794,123032.5
1649343600000.0,0.1787,0.1798,0.1745,0.1769,200420.1
1649347200000.0,0.1773,0.1798,0.1772,0.1798,90737.4
1649350800000.0,0.1798,0.1829,0.1798,0.1824,104471.6
1649354400000.0,0.1825,0.1848,0.182,0.1847,102636.6
1649358000000.0,0.1849,0.1851,0.1825,0.1825,30598.7
1649361600000.0,0.1829,0.1854,0.1827,0.184,118031.0
1649365200000.0,0.1839,0.1842,0.1818,0.1823,117947.9
1649368800000.0,0.182,0.1844,0.1818,0.1841,190598.4
1649372400000.0,0.184,0.1851,0.1834,0.1834,53203.1
1649376000000.0,0.1836,0.185,0.1826,0.1826,37472.7
1649379600000.0,0.1832,0.1856,0.1832,0.185,73895.9
1649383200000.0,0.1848,0.1857,0.1843,0.1852,9452.9
1649386800000.0,0.1854,0.1854,0.1838,0.1843,15768.1
1649390400000.0,0.1845,0.1849,0.1842,0.1847,38994.6
1649394000000.0,0.1841,0.1866,0.1841,0.1843,102859.4
1649397600000.0,0.1846,0.1848,0.183,0.1836,46377.9
1649401200000.0,0.1833,0.184,0.1804,0.1828,111588.7
1649404800000.0,0.1828,0.1844,0.1826,0.1834,53393.2
1649408400000.0,0.1832,0.1838,0.182,0.1821,1790.8
1649412000000.0,0.1825,0.1825,0.1812,0.1812,61486.1
1649415600000.0,0.1812,0.1812,0.1782,0.1782,76461.2
1649419200000.0,0.1782,0.1794,0.1781,0.1784,18403.9
1649422800000.0,0.1781,0.1781,0.1747,0.1761,176367.4
1649426400000.0,0.177,0.1828,0.177,0.1823,202577.5
1649430000000.0,0.1825,0.1843,0.1822,0.1833,253774.7
1649433600000.0,0.1834,0.1837,0.1802,0.1805,86416.8
1649437200000.0,0.1801,0.1801,0.1773,0.1774,157927.1
1649440800000.0,0.1782,0.1784,0.1743,0.1752,120298.8
1649444400000.0,0.1758,0.1768,0.1742,0.1752,119919.3
1649448000000.0,0.1751,0.1756,0.1735,0.1751,151249.3
1649451600000.0,0.175,0.175,0.1722,0.1722,60412.1
1649455200000.0,0.1724,0.1725,0.1688,0.1688,92016.6
1649458800000.0,0.1687,0.1696,0.1675,0.1696,140434.0
1649462400000.0,0.1696,0.1725,0.1692,0.1725,149385.4
1649466000000.0,0.1726,0.1738,0.1712,0.1729,35104.1
1649469600000.0,0.1731,0.1731,0.169,0.1694,106448.8
1649473200000.0,0.1693,0.1719,0.1688,0.1719,106961.4
1649476800000.0,0.1719,0.173,0.1715,0.1726,52978.7
1649480400000.0,0.1727,0.1748,0.1726,0.1744,124003.1
1649484000000.0,0.1742,0.1742,0.1727,0.1736,99390.6
1649487600000.0,0.1733,0.1748,0.1726,0.1742,25240.4
1649491200000.0,0.174,0.1745,0.1729,0.1738,52273.8
1649494800000.0,0.1738,0.1741,0.1726,0.173,13332.2
1649498400000.0,0.1726,0.1727,0.1712,0.1722,47850.0
1649502000000.0,0.1719,0.1737,0.1719,0.1737,14880.8
1649505600000.0,0.1734,0.1747,0.173,0.1746,54565.4
1649509200000.0,0.1745,0.1769,0.1745,0.176,136422.5
1649512800000.0,0.1761,0.1769,0.1739,0.176,78312.0
1649516400000.0,0.1757,0.1757,0.1724,0.1724,66719.7
1649520000000.0,0.1724,0.1751,0.1724,0.1737,78069.8
1649523600000.0,0.1737,0.1764,0.1737,0.1764,46413.9
1649527200000.0,0.1764,0.1766,0.1743,0.1743,70131.3
1649530800000.0,0.1746,0.1759,0.1741,0.1752,46275.2
1649534400000.0,0.1754,0.1764,0.1747,0.1752,15910.3
1649538000000.0,0.1748,0.1767,0.1748,0.1767,37973.4
1649541600000.0,0.1764,0.1781,0.1764,0.1768,147597.3
1649545200000.0,0.1767,0.1791,0.1758,0.1791,41489.6
1649548800000.0,0.1791,0.1795,0.1763,0.1767,152814.5
1649552400000.0,0.1767,0.1776,0.1764,0.1774,31143.5
1649556000000.0,0.1774,0.1777,0.1765,0.1777,8713.6
1649559600000.0,0.1779,0.1781,0.177,0.177,6345.4
1649563200000.0,0.1771,0.1771,0.1761,0.1763,48621.4
1649566800000.0,0.1762,0.1763,0.1747,0.1749,47924.1
1649570400000.0,0.1747,0.1766,0.1742,0.1766,38833.0
1649574000000.0,0.1765,0.1769,0.1753,0.1759,23371.2
1649577600000.0,0.1753,0.1756,0.1743,0.1747,14753.6
1649581200000.0,0.1743,0.1743,0.1722,0.1722,90309.9
1649584800000.0,0.1721,0.1728,0.1713,0.1728,20040.2
1649588400000.0,0.1723,0.1734,0.1721,0.1733,17199.9
1649592000000.0,0.1732,0.1744,0.1715,0.1718,103778.0
1649595600000.0,0.1714,0.1717,0.1696,0.1697,150867.8
1649599200000.0,0.1697,0.1702,0.1692,0.1702,26962.1
1649602800000.0,0.1704,0.1707,0.1696,0.1703,15527.0
1649606400000.0,0.1703,0.1721,0.17,0.1721,183300.8
1649610000000.0,0.1721,0.1755,0.1721,0.1755,164508.5
1649613600000.0,0.1756,0.1774,0.1754,0.1754,173920.1
1649617200000.0,0.1754,0.1771,0.1752,0.1771,23561.2
1649620800000.0,0.1766,0.1776,0.1759,0.1759,58629.3
1649624400000.0,0.1758,0.1758,0.1722,0.1722,93856.3
1649628000000.0,0.1722,0.1722,0.1666,0.1668,316866.2
1649631600000.0,0.167,0.1678,0.1633,0.1634,363725.3
1649635200000.0,0.1636,0.1648,0.1612,0.1625,323856.6
1649638800000.0,0.1625,0.1641,0.1616,0.1616,137864.1
1649642400000.0,0.1615,0.1627,0.1583,0.1589,469807.8
1649646000000.0,0.1589,0.1605,0.1583,0.1601,115495.7
1649649600000.0,0.1604,0.1616,0.1599,0.1615,47872.6
1649653200000.0,0.1614,0.1622,0.161,0.1611,26848.6
1649656800000.0,0.1613,0.1618,0.1602,0.161,55275.6
1649660400000.0,0.1611,0.1615,0.1605,0.1615,48727.6
1649664000000.0,0.1615,0.1616,0.1596,0.1602,60854.3
1649667600000.0,0.16,0.16,0.1524,0.1524,351205.6
1649671200000.0,0.1525,0.1549,0.1515,0.1537,255262.9
1649674800000.0,0.1541,0.1543,0.1519,0.1525,62243.7
1649678400000.0,0.1528,0.1543,0.152,0.1534,38148.3
1649682000000.0,0.1539,0.154,0.1509,0.153,151844.6
1649685600000.0,0.1532,0.1533,0.1516,0.1525,29991.7
1649689200000.0,0.1525,0.1538,0.1515,0.1517,165877.4
1649692800000.0,0.1517,0.1536,0.1512,0.1536,90497.4
1649696400000.0,0.1537,0.1541,0.1519,0.1539,147121.5
1649700000000.0,0.1537,0.155,0.1526,0.1547,124229.7
1649703600000.0,0.1549,0.155,0.151,0.1534,295959.6
1649707200000.0,0.1534,0.1539,0.1507,0.1516,110049.2
1649710800000.0,0.1525,0.1526,0.1477,0.1482,343733.5
1649714400000.0,0.1482,0.1512,0.1471,0.1509,195667.8
1649718000000.0,0.1509,0.1516,0.1496,0.1505,9484.6
1649721600000.0,0.1507,0.1527,0.1498,0.1517,60007.7
1649725200000.0,0.1517,0.1529,0.1515,0.1525,34175.3
1649728800000.0,0.1527,0.1527,0.1505,0.1516,19226.8
1649732400000.0,0.1515,0.1527,0.1511,0.1527,37039.0
1649736000000.0,0.1527,0.1553,0.1525,0.1553,96271.4
1649739600000.0,0.1552,0.1581,0.1549,0.1581,192265.1
1649743200000.0,0.1574,0.1587,0.1565,0.1571,27134.4
1649746800000.0,0.1567,0.1584,0.1567,0.1584,5263.3
1649750400000.0,0.1586,0.1594,0.1579,0.1594,13550.1
1649754000000.0,0.1583,0.1592,0.1578,0.1591,25284.6
1649757600000.0,0.1594,0.1598,0.1584,0.1598,25414.3
1649761200000.0,0.1595,0.1614,0.1587,0.161,52795.6
1649764800000.0,0.1608,0.1626,0.1586,0.162,134580.9
1649768400000.0,0.1624,0.1625,0.1601,0.1601,38556.5
1649772000000.0,0.1603,0.1606,0.1568,0.1579,350955.8
1649775600000.0,0.1577,0.16,0.1576,0.1593,178992.6
1649779200000.0,0.1592,0.1614,0.1575,0.1583,219763.4
1649782800000.0,0.1581,0.1592,0.1566,0.1571,64521.3
1649786400000.0,0.1567,0.1573,0.1524,0.1524,198538.6
1649790000000.0,0.1523,0.1526,0.151,0.1514,56539.0
1649793600000.0,0.1516,0.1527,0.1512,0.1521,30489.0
1649797200000.0,0.152,0.1542,0.152,0.1538,40490.1
1649800800000.0,0.1535,0.1539,0.1517,0.1539,89960.7
1649804400000.0,0.1539,0.1563,0.1539,0.1552,95600.6
1649808000000.0,0.1548,0.1564,0.1544,0.1554,33213.1
1649811600000.0,0.1553,0.1558,0.154,0.1558,32710.4
1649815200000.0,0.1556,0.1557,0.1541,0.155,8628.1
1649818800000.0,0.1547,0.1563,0.1547,0.1558,8468.0
1649822400000.0,0.1554,0.1569,0.1549,0.1566,63293.5
1649826000000.0,0.1569,0.1585,0.1568,0.1585,38512.3
1649829600000.0,0.158,0.1584,0.1564,0.1564,1655.9
1649833200000.0,0.1568,0.1581,0.1566,0.1576,5507.6
1649836800000.0,0.1579,0.158,0.1566,0.1569,10948.5
1649840400000.0,0.1572,0.1576,0.1563,0.1569,1573.8
1649844000000.0,0.1568,0.1568,0.1539,0.1544,54438.3
1649847600000.0,0.1548,0.1555,0.1536,0.1536,16441.4
1649851200000.0,0.1538,0.1544,0.1532,0.1532,45881.6
1649854800000.0,0.1532,0.1586,0.1528,0.1586,146445.5
1649858400000.0,0.1586,0.1607,0.1581,0.1601,93391.4
1649862000000.0,0.1604,0.1639,0.1604,0.1617,118170.1
1649865600000.0,0.1615,0.1633,0.1612,0.1615,63552.0
1649869200000.0,0.1615,0.1622,0.1609,0.1618,59311.2
1649872800000.0,0.1615,0.163,0.1614,0.1625,45899.2
1649876400000.0,0.1624,0.1627,0.1612,0.1612,39838.7
1649880000000.0,0.1616,0.1623,0.1609,0.1616,34030.0
1649883600000.0,0.1615,0.1618,0.1608,0.1609,9329.6
1649887200000.0,0.1611,0.1619,0.1605,0.1618,93794.0
1649890800000.0,0.1614,0.1622,0.1612,0.1613,70435.0
1649894400000.0,0.1611,0.1622,0.1609,0.162,28408.8
1649898000000.0,0.162,0.164,0.162,0.164,38532.1
1649901600000.0,0.1636,0.1641,0.1629,0.163,57575.7
1649905200000.0,0.1631,0.1632,0.1627,0.1631,24416.4
1649908800000.0,0.1627,0.1636,0.1624,0.1629,31352.6
1649912400000.0,0.1629,0.1642,0.1629,0.1641,6491.0
1649916000000.0,0.1639,0.1654,0.1639,0.1644,74762.2
1649919600000.0,0.1646,0.1646,0.163,0.1643,25675.0
1649923200000.0,0.1643,0.1643,0.163,0.1633,9154.9
1649926800000.0,0.1632,0.1634,0.161,0.1632,40248.1
1649930400000.0,0.1631,0.1632,0.1608,0.1608,100841.6
1649934000000.0,0.1611,0.1616,0.1599,0.1599,57044.0
1649937600000.0,0.1603,0.1625,0.16,0.1625,44116.7
1649941200000.0,0.1626,0.1632,0.1586,0.1588,167220.8
1649944800000.0,0.1595,0.1605,0.1582,0.1601,43721.7
1649948400000.0,0.1602,0.1603,0.1574,0.1576,103764.5
1649952000000.0,0.1575,0.1581,0.1547,0.1559,129642.6
1649955600000.0,0.1556,0.1571,0.1554,0.1567,35123.7
1649959200000.0,0.1566,0.157,0.1543,0.1543,237307.7
1649962800000.0,0.1542,0.155,0.154,0.1547,21418.6
1649966400000.0,0.1546,0.1559,0.1536,0.1559,37827.5
1649970000000.0,0.1559,0.1577,0.1557,0.1575,43369.5
1649973600000.0,0.1577,0.1588,0.1568,0.1574,43522.4
1649977200000.0,0.1574,0.1574,0.1561,0.1565,56076.4
1649980800000.0,0.1571,0.158,0.1563,0.157,39078.6
1649984400000.0,0.157,0.158,0.1566,0.1578,9493.5
1649988000000.0,0.1577,0.161,0.1575,0.1586,154586.6
1649991600000.0,0.1589,0.1605,0.1585,0.1605,39218.0
1649995200000.0,0.1602,0.1609,0.1593,0.1603,24230.5
1649998800000.0,0.1599,0.1607,0.1597,0.1604,14264.1
1650002400000.0,0.1605,0.1612,0.1581,0.1592,61203.6
1650006000000.0,0.1593,0.1608,0.1573,0.1603,70456.6
1650009600000.0,0.1605,0.161,0.1588,0.1596,38120.0
1650013200000.0,0.1595,0.16,0.1585,0.1589,23368.8
1650016800000.0,0.1589,0.1628,0.1581,0.1594,335281.0
1650020400000.0,0.1594,0.1602,0.1593,0.1598,24126.7
1650024000000.0,0.1597,0.1605,0.1579,0.1586,168083.9
1650027600000.0,0.1581,0.1581,0.1567,0.1568,45880.7
1650031200000.0,0.1572,0.1599,0.1569,0.1589,63411.9
1650034800000.0,0.1587,0.1602,0.1585,0.1589,14374.7
1650038400000.0,0.1589,0.1598,0.1578,0.1594,91060.7
1650042000000.0,0.1597,0.1601,0.1591,0.1597,7300.7
1650045600000.0,0.1601,0.1601,0.1592,0.1595,8665.9
1650049200000.0,0.1594,0.1594,0.1584,0.1585,15419.9
1650052800000.0,0.1587,0.1601,0.1584,0.1599,43725.2
1650056400000.0,0.1601,0.1607,0.1595,0.1603,43877.7
1650060000000.0,0.1601,0.1604,0.1593,0.16,9873.1
1650063600000.0,0.1599,0.1607,0.1599,0.1603,30381.0
1650067200000.0,0.1605,0.1608,0.1596,0.1608,6640.8
1650070800000.0,0.1606,0.1617,0.1605,0.1614,45733.3
1650074400000.0,0.1613,0.1618,0.1606,0.1606,7861.6
1650078000000.0,0.1603,0.1606,0.1599,0.16,22067.1
1650081600000.0,0.1602,0.161,0.1597,0.1609,24734.4
1650085200000.0,0.161,0.161,0.1599,0.1599,5512.1
1650088800000.0,0.1601,0.1601,0.1595,0.16,6727.8
1650092400000.0,0.1602,0.1604,0.1598,0.1599,5149.2
1650096000000.0,0.1601,0.1606,0.1594,0.1595,6876.4
1650099600000.0,0.1594,0.1599,0.1592,0.1594,12218.8
1650103200000.0,0.1594,0.1604,0.1591,0.1602,6628.4
1650106800000.0,0.1604,0.1605,0.1598,0.1598,9190.1
1650110400000.0,0.1598,0.1605,0.1595,0.1602,21951.3
1650114000000.0,0.1602,0.1604,0.1595,0.16,13005.4
1650117600000.0,0.1601,0.1606,0.1593,0.1606,37021.0
1650121200000.0,0.1605,0.1605,0.1569,0.1569,95060.8
1650124800000.0,0.1571,0.159,0.1569,0.1588,91028.4
1650128400000.0,0.1589,0.1589,0.158,0.1586,29430.2
1650132000000.0,0.1585,0.1586,0.158,0.1586,37826.8
1650135600000.0,0.1586,0.1592,0.1586,0.1591,88703.9
1650139200000.0,0.1591,0.1606,0.1589,0.1603,56058.9
1650142800000.0,0.1603,0.1609,0.1594,0.1609,45504.0
1650146400000.0,0.161,0.162,0.1602,0.1604,116210.9
1650150000000.0,0.1605,0.1612,0.1601,0.1603,81879.0
1650153600000.0,0.1601,0.1604,0.1597,0.1602,318549.1
1650157200000.0,0.1599,0.1604,0.1596,0.1599,11693.7
1650160800000.0,0.1598,0.1599,0.1581,0.1583,52291.3
1650164400000.0,0.1581,0.1597,0.158,0.1593,73766.7
1650168000000.0,0.1592,0.1603,0.1592,0.16,8436.0
1650171600000.0,0.1597,0.161,0.1597,0.161,23239.6
1650175200000.0,0.1604,0.1609,0.1603,0.1606,6531.2
1650178800000.0,0.1604,0.161,0.1599,0.1601,7867.8
1650182400000.0,0.1601,0.1602,0.1594,0.1601,21174.4
1650186000000.0,0.1604,0.1606,0.1599,0.1606,3699.8
1650189600000.0,0.1603,0.1605,0.1598,0.1599,53627.1
1650193200000.0,0.1601,0.1601,0.1591,0.1598,5771.0
1650196800000.0,0.1599,0.1602,0.1595,0.1597,17960.2
1650200400000.0,0.1598,0.1618,0.1598,0.1605,63698.9
1650204000000.0,0.1606,0.1618,0.1601,0.161,19492.9
1650207600000.0,0.1611,0.1619,0.1608,0.1619,9971.6
1650211200000.0,0.1617,0.1621,0.1606,0.1607,42283.0
1650214800000.0,0.1608,0.161,0.1591,0.1592,58245.1
1650218400000.0,0.1597,0.1597,0.1577,0.1591,106234.4
1650222000000.0,0.1589,0.1602,0.1582,0.1597,103286.7
1650225600000.0,0.1599,0.1603,0.1591,0.1591,12516.1
1650229200000.0,0.1594,0.1599,0.1586,0.159,19423.2
1650232800000.0,0.1588,0.1601,0.1577,0.1577,19078.6
1650236400000.0,0.1577,0.1577,0.1527,0.1529,194096.6
1650240000000.0,0.1534,0.1544,0.1521,0.153,146835.4
1650243600000.0,0.153,0.1537,0.1528,0.1536,79676.8
1650247200000.0,0.1537,0.1545,0.1537,0.1545,23027.1
1650250800000.0,0.1543,0.1548,0.154,0.1542,38643.8
1650254400000.0,0.1541,0.1541,0.1464,0.1464,201386.6
1650258000000.0,0.1464,0.1475,0.1455,0.1471,59976.7
1650261600000.0,0.147,0.1481,0.147,0.148,32937.5
1650265200000.0,0.148,0.148,0.1455,0.1465,64867.1
1650268800000.0,0.1465,0.147,0.1459,0.1459,6846.9
1650272400000.0,0.1459,0.1471,0.1455,0.1471,21932.2
1650276000000.0,0.147,0.148,0.1467,0.1474,85503.7
1650279600000.0,0.1479,0.1483,0.1477,0.1483,14676.9
1650283200000.0,0.1484,0.1513,0.1483,0.1511,84606.8
1650286800000.0,0.1511,0.152,0.1504,0.1509,17556.6
1650290400000.0,0.151,0.1515,0.1507,0.151,11412.7
1650294000000.0,0.151,0.151,0.1496,0.1499,16133.8
1650297600000.0,0.1499,0.1515,0.1487,0.151,57274.5
1650301200000.0,0.151,0.1545,0.151,0.1545,160689.8
1650304800000.0,0.1545,0.1567,0.1544,0.1567,112734.2
1650308400000.0,0.1568,0.157,0.1557,0.1567,10589.7
1650312000000.0,0.1566,0.1572,0.1565,0.1569,48960.2
1650315600000.0,0.1572,0.1586,0.157,0.158,70764.8
1650319200000.0,0.1581,0.1583,0.1571,0.1583,44536.6
1650322800000.0,0.1583,0.1587,0.1575,0.1587,26475.8
1650326400000.0,0.1585,0.1603,0.1585,0.1591,87295.5
1650330000000.0,0.1593,0.1602,0.1585,0.1589,84457.1
1650333600000.0,0.1593,0.1596,0.1576,0.1576,35525.1
1650337200000.0,0.1575,0.158,0.1572,0.1579,27955.4
1650340800000.0,0.1579,0.1595,0.1572,0.1593,42752.6
1650344400000.0,0.1596,0.1598,0.1588,0.1591,27699.4
1650348000000.0,0.1592,0.1598,0.1588,0.159,15639.7
1650351600000.0,0.1584,0.1589,0.158,0.1588,2726.0
1650355200000.0,0.1588,0.1595,0.1584,0.1588,3613.8
1650358800000.0,0.1589,0.1591,0.158,0.1585,9503.0
1650362400000.0,0.1589,0.1621,0.1587,0.1619,151472.2
1650366000000.0,0.1612,0.163,0.1606,0.1612,70789.1
1650369600000.0,0.1612,0.1626,0.1609,0.1626,29511.8
1650373200000.0,0.1624,0.1633,0.1617,0.1633,31250.3
1650376800000.0,0.1634,0.1651,0.1633,0.1651,110144.8
1650380400000.0,0.1648,0.1662,0.1635,0.1646,50770.3
1650384000000.0,0.1649,0.1668,0.163,0.1641,93439.9
1650387600000.0,0.1646,0.1651,0.163,0.1635,45871.5
1650391200000.0,0.1638,0.1653,0.163,0.1648,22241.7
1650394800000.0,0.1649,0.1655,0.1643,0.1649,26937.0
1650398400000.0,0.1646,0.1649,0.1631,0.1642,36963.0
1650402000000.0,0.1643,0.1649,0.1639,0.1647,38592.2
1650405600000.0,0.1647,0.1653,0.1646,0.1649,10127.3
1650409200000.0,0.1651,0.1661,0.165,0.1661,25362.9
1650412800000.0,0.1657,0.1663,0.1625,0.1647,106079.2
1650416400000.0,0.1647,0.1652,0.1638,0.1651,10545.6
1650420000000.0,0.1648,0.1657,0.1644,0.1656,99664.6
1650423600000.0,0.1657,0.167,0.1654,0.1666,41651.6
1650427200000.0,0.167,0.1674,0.1659,0.1668,32273.1
1650430800000.0,0.1663,0.1668,0.1657,0.1667,13507.6
1650434400000.0,0.1665,0.1682,0.1661,0.1681,27220.2
1650438000000.0,0.1681,0.1695,0.1658,0.1662,131195.5
1650441600000.0,0.1661,0.1672,0.1659,0.1672,14539.5
1650445200000.0,0.1671,0.1682,0.1664,0.1675,23523.2
1650448800000.0,0.1672,0.169,0.1671,0.169,19791.3
1650452400000.0,0.1687,0.1694,0.1681,0.1689,7590.4
1650456000000.0,0.169,0.1696,0.1672,0.1672,44771.1
1650459600000.0,0.1676,0.168,0.1623,0.1634,173613.0
1650463200000.0,0.1633,0.1645,0.1624,0.1627,25085.7
1650466800000.0,0.1627,0.1627,0.1604,0.1613,119735.0
1650470400000.0,0.1612,0.1622,0.1591,0.1622,94530.5
1650474000000.0,0.1621,0.163,0.1618,0.162,119952.6
1650477600000.0,0.162,0.1621,0.1592,0.1599,79614.9
1650481200000.0,0.1604,0.1613,0.1603,0.1612,3920.0
1650484800000.0,0.1608,0.1624,0.1605,0.1618,23867.6
1650488400000.0,0.1618,0.1621,0.1612,0.1619,29876.0
1650492000000.0,0.1619,0.1633,0.1617,0.1629,19019.6
1650495600000.0,0.163,0.163,0.1619,0.1621,7557.1
1650499200000.0,0.1621,0.1637,0.1618,0.1634,32256.7
1650502800000.0,0.1636,0.1651,0.1631,0.1647,101869.1
1650506400000.0,0.1645,0.1652,0.1639,0.1642,25505.2
1650510000000.0,0.1638,0.1641,0.1631,0.1641,32725.6
1650513600000.0,0.1643,0.1648,0.1636,0.1636,7207.8
1650517200000.0,0.1642,0.1646,0.1614,0.1614,46253.9
1650520800000.0,0.1613,0.163,0.161,0.163,7383.6
1650524400000.0,0.1633,0.1658,0.1626,0.1655,68103.5
1650528000000.0,0.1657,0.1658,0.1651,0.1653,81678.2
1650531600000.0,0.1657,0.1658,0.1627,0.1628,31057.9
1650535200000.0,0.1629,0.1658,0.1627,0.1658,27283.8
1650538800000.0,0.1658,0.1672,0.1656,0.1663,45228.3
1650542400000.0,0.1664,0.1664,0.1649,0.1658,5763.7
1650546000000.0,0.1655,0.167,0.165,0.166,7830.0
1650549600000.0,0.1655,0.1675,0.164,0.1647,157269.8
1650553200000.0,0.165,0.1653,0.1636,0.1636,32499.6
1650556800000.0,0.1636,0.1647,0.1628,0.1628,30865.8
1650560400000.0,0.1629,0.1641,0.1624,0.1625,69452.2
1650564000000.0,0.1625,0.1626,0.1613,0.1613,47066.2
1650567600000.0,0.1613,0.1613,0.1582,0.1583,240558.6
1650571200000.0,0.1582,0.1587,0.155,0.1558,143222.8
1650574800000.0,0.1558,0.1572,0.1558,0.156,15083.4
1650578400000.0,0.1555,0.1568,0.1534,0.1555,50978.1
1650582000000.0,0.1555,0.156,0.1552,0.156,10340.7
1650585600000.0,0.1558,0.1585,0.1552,0.1575,119768.2
1650589200000.0,0.1573,0.1578,0.1565,0.1572,17664.1
1650592800000.0,0.1572,0.158,0.1567,0.1567,41932.0
1650596400000.0,0.1567,0.1575,0.1566,0.157,4546.9
1650600000000.0,0.1572,0.1596,0.1572,0.1589,38509.2
1650603600000.0,0.1592,0.1608,0.1592,0.1607,25895.1
1650607200000.0,0.1606,0.1611,0.159,0.1593,27241.7
1650610800000.0,0.1593,0.1597,0.157,0.1595,45586.1
1650614400000.0,0.1596,0.1596,0.1583,0.1586,10135.4
1650618000000.0,0.1588,0.1593,0.1571,0.1579,5924.2
1650621600000.0,0.1571,0.159,0.1569,0.1589,53563.7
1650625200000.0,0.1589,0.1596,0.1586,0.1596,24062.9
1650628800000.0,0.1596,0.1597,0.1582,0.159,9934.8
1650632400000.0,0.1593,0.1593,0.1565,0.1569,26147.8
1650636000000.0,0.1576,0.1576,0.1548,0.1551,98956.3
1650639600000.0,0.1553,0.1566,0.1546,0.1555,40164.0
1650643200000.0,0.1551,0.1568,0.1546,0.1557,12169.3
1650646800000.0,0.1562,0.1573,0.1561,0.1561,31598.3
1650650400000.0,0.1561,0.1577,0.1559,0.1575,82385.4
1650654000000.0,0.157,0.1581,0.1552,0.1562,404229.6
1650657600000.0,0.1563,0.1577,0.1563,0.1576,156554.1
1650661200000.0,0.1575,0.1581,0.1568,0.157,20843.5
1650664800000.0,0.1566,0.1572,0.1554,0.1568,19878.7
1650668400000.0,0.1568,0.1572,0.1563,0.1565,12849.8
1650672000000.0,0.1565,0.157,0.1549,0.1551,26673.4
1650675600000.0,0.1549,0.156,0.1548,0.1551,35564.2
1650679200000.0,0.1551,0.1552,0.154,0.1541,35262.8
1650682800000.0,0.154,0.1541,0.1532,0.1534,23060.9
1650686400000.0,0.1534,0.155,0.1516,0.1535,83918.0
1650690000000.0,0.1527,0.1544,0.1527,0.1544,24686.8
1650693600000.0,0.1544,0.1547,0.1541,0.1543,10956.3
1650697200000.0,0.1544,0.1547,0.1542,0.1546,3851.9
1650700800000.0,0.1545,0.1548,0.1534,0.1543,11101.0
1650704400000.0,0.1542,0.1552,0.1542,0.1549,22371.4
1650708000000.0,0.1548,0.1558,0.1548,0.1553,18388.2
1650711600000.0,0.1555,0.1557,0.1549,0.1551,4068.6
1650715200000.0,0.1551,0.1551,0.1536,0.1548,29171.6
1650718800000.0,0.1549,0.1556,0.1549,0.1556,24540.3
1650722400000.0,0.1557,0.1558,0.1551,0.1555,9192.4
1650726000000.0,0.1557,0.1566,0.1556,0.1566,25066.3
1650729600000.0,0.1564,0.1568,0.1557,0.1557,17682.3
1650733200000.0,0.1558,0.1561,0.1552,0.1555,22391.9
1650736800000.0,0.1553,0.1556,0.1543,0.1543,15520.3
1650740400000.0,0.1546,0.155,0.1541,0.1547,47002.6
1650744000000.0,0.1551,0.1554,0.1545,0.1554,8081.3
1650747600000.0,0.1555,0.1555,0.1549,0.155,14058.1
1650751200000.0,0.1552,0.1555,0.1545,0.1547,9686.0
1650754800000.0,0.1548,0.155,0.1522,0.1527,98412.9
1650758400000.0,0.1528,0.1541,0.1528,0.1535,38038.3
1650762000000.0,0.1537,0.1543,0.1528,0.1532,26992.7
1650765600000.0,0.1531,0.154,0.1527,0.1536,9969.6
1650769200000.0,0.1536,0.1551,0.1536,0.155,73699.4
1650772800000.0,0.155,0.1552,0.1542,0.1546,12312.9
1650776400000.0,0.1547,0.1547,0.1543,0.1547,1954.6
1650780000000.0,0.1548,0.1557,0.1545,0.1554,34294.4
1650783600000.0,0.1551,0.1553,0.1542,0.1543,5196.4
1650787200000.0,0.1543,0.1549,0.1541,0.1541,8944.0
1650790800000.0,0.1541,0.1547,0.1538,0.1541,6596.1
1650794400000.0,0.1543,0.1545,0.1537,0.1539,10566.0
1650798000000.0,0.1539,0.1539,0.1523,0.1528,30042.7
1650801600000.0,0.1527,0.1532,0.1523,0.1523,17913.8
1650805200000.0,0.1525,0.1525,0.1498,0.1511,97055.0
1650808800000.0,0.1511,0.1514,0.1492,0.1512,68061.6
1650812400000.0,0.1512,0.1512,0.15,0.151,31597.2
1650816000000.0,0.1507,0.1507,0.1485,0.1491,88874.3
1650819600000.0,0.1494,0.1495,0.1482,0.149,67212.7
1650823200000.0,0.1495,0.1509,0.149,0.1509,21990.6
1650826800000.0,0.1509,0.1518,0.1509,0.1514,25357.4
1650830400000.0,0.1511,0.1511,0.1494,0.1496,13992.3
1650834000000.0,0.1494,0.1504,0.1491,0.1504,12660.6
1650837600000.0,0.1502,0.1508,0.1495,0.1498,60427.2
1650841200000.0,0.1496,0.15,0.1487,0.1491,32842.4
1650844800000.0,0.149,0.149,0.1415,0.1418,347165.3
1650848400000.0,0.1416,0.1453,0.1413,0.1424,391881.0
1650852000000.0,0.1423,0.1426,0.1415,0.142,35560.9
1650855600000.0,0.1418,0.1432,0.1418,0.1431,49610.7
1650859200000.0,0.1429,0.143,0.1423,0.1425,7980.6
1650862800000.0,0.1426,0.1426,0.1404,0.1409,30772.2
1650866400000.0,0.1401,0.1406,0.1382,0.1383,56038.5
1650870000000.0,0.138,0.1381,0.1365,0.1368,99957.2
1650873600000.0,0.1368,0.1371,0.1358,0.1358,28906.7
1650877200000.0,0.1358,0.1381,0.1357,0.1378,28615.7
1650880800000.0,0.1381,0.1383,0.1372,0.1372,94023.9
1650884400000.0,0.1372,0.1402,0.1371,0.1401,25548.7
1650888000000.0,0.1402,0.1414,0.1399,0.1407,72878.5
1650891600000.0,0.1407,0.1416,0.1394,0.1404,19808.8
1650895200000.0,0.1404,0.1423,0.1396,0.1414,46538.3
1650898800000.0,0.1408,0.1423,0.1408,0.1409,44129.3
1650902400000.0,0.1408,0.1442,0.1408,0.1436,58944.9
1650906000000.0,0.1435,0.1444,0.1428,0.1428,11421.3
1650909600000.0,0.143,0.1452,0.1425,0.1448,26817.5
1650913200000.0,0.1447,0.1459,0.1443,0.1456,147700.2
1650916800000.0,0.1459,0.1462,0.1453,0.1457,59053.9
1650920400000.0,0.1455,0.1461,0.1451,0.1459,17071.0
1650924000000.0,0.1459,0.1459,0.145,0.1457,4991.9
1650927600000.0,0.1457,0.1467,0.1455,0.1467,13903.7
1650931200000.0,0.1467,0.1478,0.1463,0.1477,23550.4
1650934800000.0,0.1475,0.1478,0.1461,0.1461,5563.8
1650938400000.0,0.1463,0.1463,0.1451,0.1454,22434.2
1650942000000.0,0.145,0.1456,0.145,0.1452,13879.8
1650945600000.0,0.1453,0.146,0.1448,0.1458,29733.5
1650949200000.0,0.146,0.1478,0.146,0.1477,61172.7
1650952800000.0,0.1473,0.1475,0.1459,0.1459,5054.4
1650956400000.0,0.1459,0.1469,0.1454,0.1465,11476.4
1650960000000.0,0.147,0.1476,0.1464,0.1466,4972.8
1650963600000.0,0.1466,0.1481,0.146,0.1469,57848.9
1650967200000.0,0.1468,0.1468,0.1458,0.1459,13178.4
1650970800000.0,0.1459,0.1467,0.1452,0.146,26945.2
1650974400000.0,0.1459,0.1463,0.1434,0.1443,76029.3
1650978000000.0,0.1443,0.1444,0.1412,0.1416,33394.1
1650981600000.0,0.1412,0.1414,0.1384,0.1384,38749.8
1650985200000.0,0.1384,0.1393,0.1372,0.1373,130726.5
1650988800000.0,0.1378,0.1394,0.1369,0.1391,45729.9
1650992400000.0,0.1391,0.1391,0.1371,0.1381,42413.0
1650996000000.0,0.1378,0.1381,0.137,0.1378,57100.8
1650999600000.0,0.1378,0.1381,0.1345,0.1353,97046.7
1651003200000.0,0.135,0.1358,0.1334,0.1349,130715.3
1651006800000.0,0.1348,0.1372,0.1346,0.1371,49771.9
1651010400000.0,0.1372,0.1386,0.1362,0.1362,126210.1
1651014000000.0,0.1363,0.1363,0.1323,0.1341,301303.9
1651017600000.0,0.134,0.1348,0.1328,0.1343,50101.1
1651021200000.0,0.1344,0.1361,0.1344,0.1361,39210.2
1651024800000.0,0.1363,0.1381,0.1362,0.1374,134191.6
1651028400000.0,0.1374,0.1374,0.1361,0.1362,97730.4
1651032000000.0,0.1362,0.1374,0.1361,0.1374,39763.8
1651035600000.0,0.1371,0.139,0.1371,0.1381,13659.1
1651039200000.0,0.1382,0.1397,0.138,0.1397,21621.3
1651042800000.0,0.1397,0.1409,0.1395,0.1409,18630.1
1651046400000.0,0.141,0.1411,0.1382,0.1395,47258.1
1651050000000.0,0.1392,0.1396,0.1383,0.1396,48200.2
1651053600000.0,0.1394,0.1396,0.139,0.1392,17893.3
1651057200000.0,0.139,0.139,0.1366,0.1378,43917.7
1651060800000.0,0.1381,0.1389,0.1376,0.1378,23055.0
1651064400000.0,0.1381,0.1411,0.1373,0.1409,21323.3
1651068000000.0,0.1406,0.1406,0.1377,0.1396,43855.8
1651071600000.0,0.1399,0.1402,0.1388,0.1396,19912.9
1651075200000.0,0.1399,0.141,0.139,0.139,35514.1
1651078800000.0,0.1389,0.1397,0.1377,0.1397,39477.1
1651082400000.0,0.1396,0.14,0.1381,0.1381,35127.5
1651086000000.0,0.1381,0.1381,0.137,0.138,59303.5
1651089600000.0,0.1377,0.1399,0.1375,0.1389,75023.5
1651093200000.0,0.1392,0.1399,0.139,0.1399,5030.2
1651096800000.0,0.1398,0.14,0.139,0.139,11590.0
1651100400000.0,0.1392,0.1403,0.1392,0.1399,16731.5
1651104000000.0,0.1401,0.1414,0.1396,0.1404,90502.4
1651107600000.0,0.1402,0.1413,0.1389,0.1392,38333.0
1651111200000.0,0.1391,0.1403,0.1389,0.1396,57692.7
1651114800000.0,0.1399,0.1401,0.1392,0.1392,11994.4
1651118400000.0,0.14,0.1405,0.1397,0.1404,14707.9
1651122000000.0,0.1402,0.1403,0.1392,0.1397,17772.7
1651125600000.0,0.1399,0.1405,0.1394,0.1402,11633.1
1651129200000.0,0.1401,0.1417,0.1401,0.1412,12560.4
1651132800000.0,0.1416,0.1432,0.1406,0.1427,15276.4
1651136400000.0,0.1428,0.1434,0.1428,0.143,12423.5
1651140000000.0,0.143,0.143,0.1414,0.1421,88709.6
1651143600000.0,0.1419,0.1426,0.1419,0.1423,8619.2
1651147200000.0,0.1423,0.1427,0.1407,0.141,24893.1
1651150800000.0,0.141,0.141,0.1383,0.1384,58635.5
1651154400000.0,0.1383,0.1385,0.1369,0.1383,131309.0
1651158000000.0,0.1385,0.1409,0.1381,0.1385,83044.5
1651161600000.0,0.1385,0.1395,0.1371,0.1395,27620.0
1651165200000.0,0.1395,0.1413,0.139,0.1413,39947.5
1651168800000.0,0.1414,0.1416,0.1408,0.1409,26271.3
1651172400000.0,0.1407,0.1418,0.1396,0.1404,48963.5
1651176000000.0,0.1403,0.1412,0.1395,0.1403,25225.4
1651179600000.0,0.1404,0.1408,0.139,0.1399,29258.0
1651183200000.0,0.1398,0.1403,0.1393,0.14,39559.1
1651186800000.0,0.1398,0.1411,0.1396,0.1406,24245.3
1651190400000.0,0.1403,0.1416,0.1401,0.1416,18827.3
1651194000000.0,0.1416,0.1418,0.1406,0.1408,14685.9
1651197600000.0,0.1411,0.1414,0.1389,0.1394,52983.9
1651201200000.0,0.1394,0.1398,0.1387,0.1391,15074.4
1651204800000.0,0.1395,0.1403,0.1383,0.1403,30907.0
1651208400000.0,0.1403,0.1406,0.1399,0.1406,5263.5
1651212000000.0,0.1405,0.1409,0.1397,0.1404,10909.3
1651215600000.0,0.1404,0.1409,0.1398,0.1409,12100.4
1651219200000.0,0.1407,0.1421,0.1406,0.1409,23837.5
1651222800000.0,0.1403,0.1403,0.1389,0.1391,53305.0
1651226400000.0,0.139,0.1392,0.1345,0.1351,84639.0
1651230000000.0,0.1352,0.1359,0.1343,0.1349,23198.9
1651233600000.0,0.1346,0.1361,0.1339,0.1356,18227.3
1651237200000.0,0.1356,0.137,0.1352,0.1366,25011.1
1651240800000.0,0.1368,0.1368,0.1348,0.135,26157.9
1651244400000.0,0.135,0.1352,0.1341,0.1348,26088.4
1651248000000.0,0.1348,0.1348,0.1315,0.1321,60803.2
1651251600000.0,0.1321,0.133,0.1314,0.1323,34122.4
1651255200000.0,0.1322,0.1325,0.1297,0.1305,77174.7
1651258800000.0,0.1309,0.1309,0.1275,0.1286,63078.5
1651262400000.0,0.1285,0.1298,0.1285,0.1294,52259.0
1651266000000.0,0.1295,0.1298,0.1284,0.1289,18879.5
1651269600000.0,0.1289,0.1293,0.1276,0.1288,42913.0
1651273200000.0,0.1289,0.1297,0.1285,0.1297,47309.3
1651276800000.0,0.1297,0.131,0.1294,0.131,26693.3
1651280400000.0,0.131,0.1315,0.1305,0.1313,44172.9
1651284000000.0,0.1311,0.1321,0.1308,0.1311,34414.7
1651287600000.0,0.1311,0.1311,0.1299,0.1304,47564.1
1651291200000.0,0.1304,0.1311,0.1299,0.1303,57090.4
1651294800000.0,0.1308,0.1317,0.1304,0.1317,4859.9
1651298400000.0,0.1316,0.1318,0.131,0.1318,15175.1
1651302000000.0,0.1316,0.1317,0.1305,0.1305,416.6
1651305600000.0,0.1302,0.1307,0.1291,0.1295,19087.3
1651309200000.0,0.1292,0.1299,0.1292,0.1295,5154.5
1651312800000.0,0.1295,0.1305,0.1295,0.1302,3361.0
1651316400000.0,0.1303,0.1312,0.1303,0.1311,16979.0
1651320000000.0,0.1302,0.1304,0.1297,0.1299,8206.0
1651323600000.0,0.13,0.1306,0.1291,0.1292,20659.8
1651327200000.0,0.1291,0.1293,0.1251,0.1251,167902.3
1651330800000.0,0.1254,0.1271,0.1248,0.1265,26010.2
1651334400000.0,0.1265,0.1273,0.1259,0.1259,43834.5
1651338000000.0,0.1259,0.1261,0.1239,0.1246,68861.8
1651341600000.0,0.1243,0.1255,0.1242,0.1251,14479.3
1651345200000.0,0.1254,0.1275,0.1248,0.1269,155495.6
1651348800000.0,0.1266,0.1272,0.126,0.1261,5262.3
1651352400000.0,0.1264,0.1264,0.1252,0.1254,5209.5
1651356000000.0,0.1251,0.1256,0.1237,0.1245,25437.4
1651359600000.0,0.1248,0.1248,0.1174,0.1199,192871.9
1651363200000.0,0.1199,0.1211,0.1191,0.1196,56025.6
1651366800000.0,0.1205,0.1222,0.1184,0.1209,192554.5
1651370400000.0,0.121,0.1219,0.1205,0.1207,14786.5
1651374000000.0,0.1206,0.122,0.1203,0.122,14588.9
1651377600000.0,0.1221,0.1223,0.1214,0.1223,14672.6
1651381200000.0,0.1224,0.1272,0.1224,0.1272,103264.1
1651384800000.0,0.1272,0.129,0.1271,0.1278,49610.5
1651388400000.0,0.1273,0.1278,0.1264,0.1269,26814.4
1651392000000.0,0.1269,0.1289,0.1262,0.1289,194132.1
1651395600000.0,0.1289,0.129,0.1264,0.1275,55704.2
1651399200000.0,0.1272,0.128,0.127,0.1271,5618.3
1651402800000.0,0.1274,0.1275,0.1243,0.1243,34115.7
1651406400000.0,0.1245,0.1253,0.1234,0.1241,81112.7
1651410000000.0,0.1242,0.1253,0.1242,0.1242,15675.9
1651413600000.0,0.1244,0.1254,0.124,0.1247,37345.0
1651417200000.0,0.1247,0.1296,0.1244,0.1291,69244.2
1651420800000.0,0.1296,0.1325,0.129,0.1312,67794.7
1651424400000.0,0.1312,0.133,0.1285,0.1285,160943.3
1651428000000.0,0.1283,0.1289,0.1256,0.1256,49030.7
1651431600000.0,0.1255,0.1258,0.124,0.1249,24657.5
1651435200000.0,0.1251,0.1271,0.1244,0.127,31788.4
1651438800000.0,0.127,0.1273,0.1256,0.1267,90338.9
1651442400000.0,0.127,0.1275,0.1261,0.1261,32912.7
1651446000000.0,0.1266,0.1285,0.1264,0.1284,13420.4
1651449600000.0,0.1283,0.1299,0.1282,0.1292,47223.3
1651453200000.0,0.1293,0.1294,0.128,0.1284,7248.4
1651456800000.0,0.1278,0.1285,0.127,0.1282,18485.3
1651460400000.0,0.1285,0.1286,0.1277,0.1281,64232.7
1651464000000.0,0.1281,0.129,0.1275,0.1288,8907.2
1651467600000.0,0.1289,0.1297,0.1288,0.1297,12600.0
1651471200000.0,0.1295,0.1299,0.1287,0.129,10724.6
1651474800000.0,0.129,0.1295,0.1283,0.1283,10809.7
1651478400000.0,0.1283,0.129,0.1266,0.1271,15722.1
1651482000000.0,0.127,0.1275,0.1259,0.1259,9547.8
1651485600000.0,0.1259,0.1265,0.1252,0.1255,25977.6
1651489200000.0,0.1257,0.1257,0.1241,0.1243,5560.0
1651492800000.0,0.1241,0.1253,0.1238,0.1241,23271.5
1651496400000.0,0.1246,0.1261,0.1231,0.1254,76119.7
1651500000000.0,0.1256,0.1272,0.1247,0.1262,22296.8
1651503600000.0,0.1264,0.1272,0.1257,0.1264,25548.5
1651507200000.0,0.1263,0.1263,0.1248,0.1248,17680.2
1651510800000.0,0.1248,0.125,0.122,0.1227,69834.9
1651514400000.0,0.1226,0.1228,0.1216,0.1227,32804.2
1651518000000.0,0.1224,0.126,0.1224,0.126,72097.5
1651521600000.0,0.1256,0.1261,0.1244,0.1247,7424.7
1651525200000.0,0.1246,0.1271,0.1242,0.1271,13865.5
1651528800000.0,0.1271,0.128,0.1267,0.1271,39605.4
1651532400000.0,0.1269,0.1278,0.1264,0.1271,6014.7
1651536000000.0,0.1266,0.1268,0.1256,0.1264,7513.3
1651539600000.0,0.1266,0.1294,0.1258,0.1287,48484.1
1651543200000.0,0.1286,0.1289,0.1274,0.1282,13552.0
1651546800000.0,0.1283,0.1295,0.1278,0.1289,21964.6
1651550400000.0,0.1293,0.13,0.1288,0.13,19225.3
1651554000000.0,0.1294,0.1311,0.1284,0.1308,49756.7
1651557600000.0,0.131,0.1311,0.1302,0.1307,24384.1
1651561200000.0,0.1307,0.1311,0.1295,0.1301,40524.1
1651564800000.0,0.1303,0.1311,0.1299,0.1301,3310.4
1651568400000.0,0.1303,0.1303,0.1292,0.1293,29070.1
1651572000000.0,0.1293,0.1296,0.1284,0.129,9652.1
1651575600000.0,0.1289,0.1343,0.1288,0.1323,170740.5
1651579200000.0,0.132,0.1347,0.1315,0.1322,186191.1
1651582800000.0,0.1325,0.1334,0.1322,0.1333,8928.7
1651586400000.0,0.1331,0.1331,0.1306,0.1316,21370.2
1651590000000.0,0.1311,0.1323,0.1311,0.1313,55889.4
1651593600000.0,0.1314,0.1314,0.1259,0.1262,121092.0
1651597200000.0,0.1265,0.1278,0.1261,0.1266,54255.7
1651600800000.0,0.1267,0.1267,0.1245,0.1248,50646.4
1651604400000.0,0.1247,0.1247,0.122,0.123,132624.8
1651608000000.0,0.1228,0.1235,0.1223,0.1235,4707.1
1651611600000.0,0.1235,0.1248,0.1226,0.1239,113934.6
1651615200000.0,0.1237,0.125,0.1233,0.1239,46139.7
1651618800000.0,0.1241,0.1243,0.1232,0.1243,1738.5
1651622400000.0,0.1245,0.1264,0.1244,0.1264,30222.4
1651626000000.0,0.1264,0.1267,0.1256,0.1259,18129.6
1651629600000.0,0.126,0.1269,0.126,0.1267,3204.9
1651633200000.0,0.1266,0.1278,0.1263,0.127,32087.6
1651636800000.0,0.1269,0.1271,0.1255,0.1255,3602.9
1651640400000.0,0.1257,0.126,0.1253,0.1257,6357.0
1651644000000.0,0.1255,0.1272,0.1255,0.1267,7259.9
1651647600000.0,0.1268,0.1292,0.1268,0.1292,15255.1
1651651200000.0,0.1292,0.1318,0.1292,0.1317,23515.2
1651654800000.0,0.1315,0.132,0.1301,0.1301,60206.5
1651658400000.0,0.1301,0.1338,0.13,0.1334,35297.0
1651662000000.0,0.1336,0.1336,0.1323,0.133,4882.1
1651665600000.0,0.133,0.1334,0.1302,0.1311,52580.4
1651669200000.0,0.1313,0.1314,0.1291,0.1291,9300.8
1651672800000.0,0.1291,0.1303,0.129,0.1295,54459.6
1651676400000.0,0.1295,0.1306,0.1284,0.1304,19638.0
1651680000000.0,0.1302,0.1339,0.1299,0.1336,44464.9
1651683600000.0,0.1335,0.1335,0.1312,0.1322,31031.9
1651687200000.0,0.1323,0.137,0.1311,0.1366,75937.7
1651690800000.0,0.137,0.1385,0.1364,0.1385,62669.9
1651694400000.0,0.1385,0.1411,0.1383,0.1389,78922.8
1651698000000.0,0.139,0.1392,0.1376,0.1378,37079.3
1651701600000.0,0.1379,0.1385,0.1377,0.138,35896.2
1651705200000.0,0.138,0.1389,0.1376,0.1386,21085.9
1651708800000.0,0.1392,0.1398,0.1387,0.1394,3203.3
1651712400000.0,0.1392,0.1396,0.1382,0.1382,70494.5
1651716000000.0,0.1382,0.1391,0.1379,0.1388,3875.8
1651719600000.0,0.1389,0.1392,0.1384,0.1384,740.0
1651723200000.0,0.1383,0.1386,0.1378,0.1383,2395.8
1651726800000.0,0.1387,0.1394,0.1359,0.136,65310.2
1651730400000.0,0.1357,0.137,0.1357,0.136,2261.2
1651734000000.0,0.1359,0.1367,0.1354,0.1362,7100.8
1651737600000.0,0.1363,0.1364,0.1345,0.135,95813.4
1651741200000.0,0.1352,0.1356,0.1343,0.1348,7251.6
1651744800000.0,0.1347,0.1365,0.1345,0.1362,16946.3
1651748400000.0,0.1359,0.1365,0.1346,0.135,8368.6
1651752000000.0,0.1346,0.1357,0.1343,0.1353,17934.2
1651755600000.0,0.1345,0.1352,0.1311,0.1315,106359.2
1651759200000.0,0.1313,0.1316,0.127,0.127,46051.8
1651762800000.0,0.1268,0.1268,0.1188,0.1202,162892.7
1651766400000.0,0.1201,0.1225,0.1196,0.1214,123608.7
1651770000000.0,0.1214,0.1229,0.1205,0.1205,89364.9
1651773600000.0,0.1204,0.1212,0.1189,0.1198,78276.0
1651777200000.0,0.1198,0.121,0.1184,0.1206,49261.1
1651780800000.0,0.1206,0.1222,0.1201,0.1222,28162.0
1651784400000.0,0.1222,0.1227,0.1215,0.1216,29330.8
1651788000000.0,0.1219,0.1223,0.1208,0.1212,46925.9
1651791600000.0,0.1221,0.1228,0.1219,0.1221,18051.6
1651795200000.0,0.1218,0.1229,0.1208,0.1218,14944.5
1651798800000.0,0.1219,0.1223,0.121,0.1223,4658.8
1651802400000.0,0.1225,0.1243,0.1225,0.1239,36277.2
1651806000000.0,0.1237,0.1239,0.1227,0.1229,20682.4
1651809600000.0,0.123,0.123,0.1215,0.1223,40298.8
1651813200000.0,0.1226,0.1236,0.1223,0.1235,17179.0
1651816800000.0,0.1234,0.124,0.1232,0.1233,94020.8
1651820400000.0,0.1229,0.1235,0.1191,0.1211,55712.3
1651824000000.0,0.1209,0.1219,0.1207,0.1209,1310.4
1651827600000.0,0.1208,0.1228,0.1207,0.1227,11668.9
1651831200000.0,0.1224,0.1227,0.1196,0.1202,12018.4
1651834800000.0,0.12,0.1211,0.1187,0.1207,101144.5
1651838400000.0,0.1207,0.1233,0.1205,0.1215,26802.2
1651842000000.0,0.1219,0.1226,0.118,0.12,142793.7
1651845600000.0,0.12,0.1225,0.1196,0.1225,38054.6
1651849200000.0,0.1223,0.1254,0.1219,0.1229,308795.5
1651852800000.0,0.1229,0.1238,0.1212,0.1238,63020.8
1651856400000.0,0.1237,0.1239,0.1221,0.1225,34655.9
1651860000000.0,0.1222,0.124,0.1219,0.123,70927.5
1651863600000.0,0.1229,0.125,0.1229,0.1243,127851.3
1651867200000.0,0.1242,0.1249,0.1233,0.1248,50776.5
1651870800000.0,0.1244,0.125,0.1236,0.1239,15653.1
1651874400000.0,0.1239,0.1254,0.1234,0.1252,116312.4
1651878000000.0,0.1252,0.1253,0.1242,0.1246,67165.8
1651881600000.0,0.1245,0.1246,0.1233,0.1238,11399.2
1651885200000.0,0.1237,0.1243,0.1232,0.1237,82712.1
1651888800000.0,0.1237,0.1243,0.1228,0.123,20505.3
1651892400000.0,0.123,0.123,0.122,0.1223,16797.3
1651896000000.0,0.1226,0.1226,0.1208,0.1208,9937.1
1651899600000.0,0.121,0.1233,0.1209,0.1233,10102.1
1651903200000.0,0.1234,0.1234,0.1215,0.1215,2461.6
1651906800000.0,0.1219,0.1233,0.1212,0.1233,23888.2
1651910400000.0,0.1233,0.1247,0.1231,0.1239,6562.8
1651914000000.0,0.1233,0.1246,0.1229,0.1229,2535.9
1651917600000.0,0.1231,0.1242,0.1229,0.1242,6370.3
1651921200000.0,0.124,0.1244,0.1235,0.1237,1058.9
1651924800000.0,0.1236,0.1236,0.1222,0.1232,9904.7
1651928400000.0,0.1227,0.1227,0.1213,0.1219,8067.8
1651932000000.0,0.122,0.1228,0.1213,0.1226,14478.5
1651935600000.0,0.1225,0.1233,0.1223,0.123,7665.5
1651939200000.0,0.1229,0.1229,0.1219,0.1225,32283.2
1651942800000.0,0.1226,0.1226,0.1217,0.122,5149.8
1651946400000.0,0.122,0.1232,0.1218,0.1226,14794.2
1651950000000.0,0.1225,0.1229,0.1224,0.1225,17053.5
1651953600000.0,0.1222,0.1224,0.121,0.1215,10381.9
1651957200000.0,0.1214,0.1214,0.119,0.119,130277.2
1651960800000.0,0.1189,0.1194,0.1159,0.1172,73714.1
1651964400000.0,0.1172,0.1194,0.1171,0.1185,107131.8
1651968000000.0,0.1183,0.1191,0.1175,0.1177,17189.1
1651971600000.0,0.1178,0.1181,0.116,0.116,30893.5
1651975200000.0,0.116,0.1165,0.114,0.1152,107730.6
1651978800000.0,0.1155,0.1169,0.1147,0.1169,165853.7
1651982400000.0,0.1169,0.1179,0.1167,0.1167,46198.8
1651986000000.0,0.1169,0.1173,0.116,0.1165,18011.9
1651989600000.0,0.1169,0.1187,0.1166,0.1183,29296.6
1651993200000.0,0.1185,0.1189,0.1174,0.1175,9021.9
1651996800000.0,0.1176,0.1185,0.1173,0.1176,53903.7
1652000400000.0,0.1175,0.1178,0.1165,0.1174,9255.4
1652004000000.0,0.1174,0.1189,0.1166,0.1189,4296.2
1652007600000.0,0.1192,0.1201,0.1189,0.1197,22171.0
1652011200000.0,0.12,0.12,0.1172,0.1174,8185.9
1652014800000.0,0.1173,0.1177,0.115,0.1151,245728.5
1652018400000.0,0.1152,0.1169,0.1149,0.1169,210520.6
1652022000000.0,0.1171,0.1182,0.1166,0.1166,19392.1
1652025600000.0,0.1172,0.1179,0.1161,0.1161,29281.4
1652029200000.0,0.1162,0.1162,0.1131,0.1152,310056.4
1652032800000.0,0.1152,0.1172,0.1141,0.1169,53589.7
1652036400000.0,0.1173,0.118,0.117,0.1174,35482.5
1652040000000.0,0.1174,0.1174,0.1152,0.1161,13332.4
1652043600000.0,0.116,0.1168,0.1158,0.1158,44938.1
1652047200000.0,0.1152,0.1156,0.1145,0.1151,39150.3
1652050800000.0,0.1151,0.1151,0.1135,0.1147,88932.7
1652054400000.0,0.1146,0.1165,0.1145,0.1161,6095.9
1652058000000.0,0.1161,0.1163,0.1131,0.1131,36838.3
1652061600000.0,0.1133,0.1133,0.1099,0.1103,610148.1
1652065200000.0,0.1104,0.1118,0.1104,0.1104,720164.2
1652068800000.0,0.1104,0.1115,0.1104,0.1108,23553.6
1652072400000.0,0.1104,0.1105,0.1085,0.1088,31106.9
1652076000000.0,0.1086,0.1091,0.1068,0.1086,14284.4
1652079600000.0,0.1089,0.1092,0.1076,0.1076,51281.2
1652083200000.0,0.1076,0.1082,0.1062,0.1082,39778.5
1652086800000.0,0.1082,0.1089,0.1074,0.1078,54742.9
1652090400000.0,0.1079,0.1079,0.1022,0.1029,167867.4
1652094000000.0,0.1025,0.1047,0.1023,0.1046,92885.8
1652097600000.0,0.1046,0.1049,0.1033,0.1033,20688.4
1652101200000.0,0.1034,0.1055,0.1023,0.1046,114407.5
1652104800000.0,0.1045,0.105,0.1027,0.1031,88635.7
1652108400000.0,0.1031,0.1037,0.1,0.1004,66709.3
1652112000000.0,0.1004,0.1017,0.0949,0.0962,589661.6
1652115600000.0,0.096,0.1,0.0944,0.0963,717005.6
1652119200000.0,0.0966,0.0972,0.0915,0.0935,504978.7
1652122800000.0,0.0945,0.0949,0.0917,0.0944,163850.0
1652126400000.0,0.0943,0.098,0.0943,0.0961,368732.7
1652130000000.0,0.0955,0.0966,0.0934,0.0938,122368.8
1652133600000.0,0.0935,0.0956,0.0931,0.0942,53757.2
1652137200000.0,0.0943,0.0947,0.0875,0.0877,181986.5
1652140800000.0,0.0881,0.0915,0.0843,0.0912,940742.3
1652144400000.0,0.0912,0.0925,0.09,0.0915,583776.0
1652148000000.0,0.0916,0.0933,0.0904,0.0916,51923.0
1652151600000.0,0.0914,0.0922,0.0896,0.0896,40072.1
1652155200000.0,0.0895,0.0949,0.0891,0.0945,56094.1
1652158800000.0,0.095,0.1001,0.0946,0.0994,70726.9
1652162400000.0,0.0994,0.1035,0.0994,0.1014,164777.0
1652166000000.0,0.1016,0.102,0.099,0.0992,106352.5
1652169600000.0,0.0992,0.1025,0.0992,0.102,85605.2
1652173200000.0,0.1015,0.1018,0.0988,0.0988,52956.8
1652176800000.0,0.0986,0.1004,0.0983,0.0994,59472.1
1652180400000.0,0.0994,0.1031,0.099,0.1031,73892.1
1652184000000.0,0.1029,0.1053,0.1021,0.1052,169293.2
1652187600000.0,0.1053,0.107,0.1013,0.1032,574688.7
1652191200000.0,0.1032,0.1043,0.0985,0.0993,186542.0
1652194800000.0,0.0991,0.1013,0.097,0.1003,422363.7
1652198400000.0,0.1003,0.1009,0.098,0.0993,106408.4
1652202000000.0,0.0994,0.1025,0.0994,0.1019,51132.7
1652205600000.0,0.1015,0.1017,0.0988,0.099,145185.9
1652209200000.0,0.099,0.0994,0.0959,0.0962,165216.1
1652212800000.0,0.0958,0.0965,0.0937,0.0938,126214.7
1652216400000.0,0.0939,0.0942,0.0883,0.0886,279534.8
1652220000000.0,0.0889,0.0921,0.0886,0.0912,266806.5
1652223600000.0,0.0916,0.094,0.0915,0.0929,127800.3
1652227200000.0,0.0932,0.0972,0.0925,0.0942,86449.5
1652230800000.0,0.0942,0.095,0.0907,0.0907,41898.5
1652234400000.0,0.0907,0.0946,0.0902,0.0946,57546.1
1652238000000.0,0.0949,0.0952,0.0918,0.0918,90620.1
1652241600000.0,0.092,0.0924,0.0894,0.0894,18867.1
1652245200000.0,0.0892,0.093,0.0887,0.0898,64929.5
1652248800000.0,0.0896,0.09,0.0836,0.0841,132998.5
1652252400000.0,0.0843,0.0853,0.0803,0.0829,169415.8
1652256000000.0,0.0833,0.087,0.0821,0.087,212572.2
1652259600000.0,0.0866,0.0898,0.0849,0.0897,99910.7
1652263200000.0,0.0896,0.0899,0.0857,0.0858,114149.0
1652266800000.0,0.0857,0.0864,0.0824,0.0828,84217.0
1652270400000.0,0.0825,0.0847,0.07,0.07,2756636.0
1652274000000.0,0.0704,0.0854,0.0702,0.0825,763674.4
1652277600000.0,0.0829,0.0851,0.0813,0.0831,284020.9
1652281200000.0,0.0825,0.0825,0.0781,0.0799,200665.4
1652284800000.0,0.0802,0.0813,0.07,0.0706,695951.0
1652288400000.0,0.0707,0.0726,0.067,0.0693,1513354.7
1652292000000.0,0.0693,0.07,0.0661,0.0666,123102.9
1652295600000.0,0.0662,0.067,0.064,0.0649,228905.7
1652299200000.0,0.0653,0.066,0.0588,0.0595,328291.8
1652302800000.0,0.0595,0.0638,0.0588,0.0631,338264.0
1652306400000.0,0.0626,0.0648,0.062,0.0635,300570.7
1652310000000.0,0.0634,0.065,0.0619,0.0635,213049.2
1652313600000.0,0.0635,0.0671,0.0617,0.0653,261247.2
1652317200000.0,0.0652,0.0666,0.062,0.0621,690369.8
1652320800000.0,0.0624,0.0652,0.0585,0.0588,587330.2
1652324400000.0,0.0587,0.0595,0.0557,0.0557,471265.9
1652328000000.0,0.0559,0.0568,0.0522,0.0537,816425.9
1652331600000.0,0.0539,0.0541,0.0489,0.0504,336239.5
1652335200000.0,0.0498,0.0521,0.0477,0.0477,403544.4
1652338800000.0,0.0476,0.0532,0.0431,0.0516,644254.8
1652342400000.0,0.0519,0.0535,0.0505,0.0526,565970.6
1652346000000.0,0.0524,0.0538,0.051,0.0512,176894.8
1652349600000.0,0.051,0.0548,0.0502,0.0538,189075.4
1652353200000.0,0.0538,0.0558,0.053,0.0533,59846.4
1652356800000.0,0.0535,0.0547,0.0519,0.0544,144046.6
1652360400000.0,0.0542,0.055,0.0521,0.0521,187770.8
1652364000000.0,0.0519,0.0562,0.0519,0.0562,193268.1
1652367600000.0,0.056,0.0586,0.0553,0.0564,598338.7
1652371200000.0,0.0566,0.0617,0.0566,0.0617,93525.9
1652374800000.0,0.0619,0.062,0.0601,0.0606,593447.7
1652378400000.0,0.0608,0.0608,0.0588,0.0598,101516.0
1652382000000.0,0.0593,0.0609,0.059,0.0606,92861.3
1652385600000.0,0.0605,0.0606,0.0592,0.0592,264556.4
1652389200000.0,0.0593,0.0593,0.055,0.0557,438954.3
1652392800000.0,0.0557,0.0557,0.054,0.0553,224118.3
1652396400000.0,0.0554,0.0577,0.0554,0.057,44317.9
1652400000000.0,0.057,0.0614,0.0566,0.0614,93930.4
1652403600000.0,0.0614,0.0631,0.0613,0.0624,116652.9
1652407200000.0,0.0623,0.0652,0.0623,0.0652,151247.0
1652410800000.0,0.0653,0.0712,0.0651,0.0699,548940.1
1652414400000.0,0.0698,0.0723,0.0692,0.0723,235676.1
1652418000000.0,0.0725,0.0762,0.0714,0.0743,935587.0
1652421600000.0,0.0743,0.0754,0.0731,0.0742,80471.9
1652425200000.0,0.0739,0.0743,0.0713,0.0716,187320.9
1652428800000.0,0.0716,0.0722,0.0703,0.0715,273357.6
1652432400000.0,0.0713,0.0731,0.0708,0.0711,153244.3
1652436000000.0,0.0709,0.0718,0.0696,0.0716,56523.5
1652439600000.0,0.0717,0.0731,0.0709,0.0731,119169.2
1652443200000.0,0.0729,0.0736,0.0721,0.0728,252034.2
1652446800000.0,0.0727,0.0731,0.0706,0.0723,292367.0
1652450400000.0,0.0725,0.0737,0.072,0.0722,126889.0
1652454000000.0,0.0721,0.0726,0.0695,0.0702,84024.3
1652457600000.0,0.0703,0.0708,0.0681,0.0683,195258.5
1652461200000.0,0.0683,0.0697,0.0669,0.067,103056.3
1652464800000.0,0.0671,0.0687,0.0665,0.0684,179126.5
1652468400000.0,0.0684,0.0684,0.067,0.0676,162037.0
1652472000000.0,0.0675,0.0684,0.0668,0.0674,77402.8
1652475600000.0,0.0674,0.0695,0.0674,0.0693,39171.1
1652479200000.0,0.0691,0.07,0.0678,0.0678,15918.2
1652482800000.0,0.0679,0.0679,0.066,0.0669,178150.2
1652486400000.0,0.0666,0.0677,0.0658,0.0671,177599.7
1652490000000.0,0.067,0.0709,0.0664,0.0706,151745.3
1652493600000.0,0.0705,0.0712,0.0698,0.0709,67458.8
1652497200000.0,0.0708,0.0717,0.0691,0.0694,54926.4
1652500800000.0,0.0691,0.0691,0.0664,0.0671,50403.9
1652504400000.0,0.0673,0.0682,0.0665,0.0678,66629.8
1652508000000.0,0.0677,0.0687,0.0672,0.0686,30926.1
1652511600000.0,0.0684,0.0688,0.0679,0.0684,36570.0
1652515200000.0,0.0679,0.0692,0.0675,0.0691,75202.6
1652518800000.0,0.0692,0.0702,0.0675,0.0679,42182.1
1652522400000.0,0.0681,0.0681,0.0645,0.0647,136939.7
1652526000000.0,0.0644,0.0653,0.0628,0.0643,131518.6
1652529600000.0,0.0642,0.065,0.0637,0.0643,75524.4
1652533200000.0,0.0646,0.0647,0.0633,0.0633,271581.8
1652536800000.0,0.0629,0.0634,0.0624,0.0631,227513.7
1652540400000.0,0.0631,0.0643,0.0628,0.0629,120722.7
1652544000000.0,0.0631,0.0677,0.0621,0.0666,183474.3
1652547600000.0,0.0667,0.0686,0.0663,0.0685,357506.1
1652551200000.0,0.0685,0.07,0.0682,0.0692,63154.7
1652554800000.0,0.0693,0.0694,0.0674,0.0683,73456.6
1652558400000.0,0.068,0.0693,0.0679,0.0685,126805.1
1652562000000.0,0.0686,0.0714,0.068,0.0708,77946.2
1652565600000.0,0.0709,0.0723,0.0702,0.0721,122382.2
1652569200000.0,0.0723,0.0733,0.0709,0.0728,222967.8
1652572800000.0,0.0725,0.0737,0.072,0.0728,172484.6
1652576400000.0,0.0728,0.0728,0.0712,0.0715,108164.6
1652580000000.0,0.0716,0.0724,0.0697,0.0701,126464.1
1652583600000.0,0.0702,0.0703,0.0687,0.0701,97191.2
1652587200000.0,0.0702,0.0712,0.0698,0.071,47314.6
1652590800000.0,0.0709,0.0723,0.0701,0.072,58779.7
1652594400000.0,0.0721,0.0739,0.0714,0.0737,98931.0
1652598000000.0,0.0739,0.0744,0.0716,0.0716,87405.8
1652601600000.0,0.0718,0.0718,0.0706,0.0707,87604.1
1652605200000.0,0.0712,0.0722,0.0706,0.0718,111057.0
1652608800000.0,0.0718,0.0736,0.0712,0.0733,95758.4
1652612400000.0,0.0736,0.0751,0.0725,0.0746,63124.4
1652616000000.0,0.0748,0.0751,0.0723,0.0729,106941.7
1652619600000.0,0.0727,0.073,0.0712,0.0715,77052.1
1652623200000.0,0.0712,0.0712,0.0697,0.0711,133698.3
1652626800000.0,0.071,0.0726,0.0702,0.0708,71019.3
1652630400000.0,0.0709,0.0731,0.0705,0.0726,46117.0
1652634000000.0,0.0726,0.0727,0.0705,0.0705,68543.3
1652637600000.0,0.0705,0.0714,0.0701,0.0708,146731.4
1652641200000.0,0.0707,0.0725,0.0703,0.0725,171327.1
1652644800000.0,0.0724,0.0748,0.0719,0.0748,102087.2
1652648400000.0,0.0749,0.0752,0.0738,0.0748,79586.5
1652652000000.0,0.0749,0.0769,0.0749,0.0758,33648.0
1652655600000.0,0.0757,0.0773,0.0756,0.0773,84640.5
1652659200000.0,0.0772,0.0772,0.0738,0.0741,153829.8
1652662800000.0,0.074,0.0745,0.0726,0.0731,94578.0
1652666400000.0,0.0732,0.0735,0.0728,0.0733,67433.0
1652670000000.0,0.0732,0.0734,0.0722,0.0729,110418.6
1652673600000.0,0.0729,0.0729,0.0718,0.0725,38454.3
1652677200000.0,0.0726,0.0734,0.0721,0.0721,77923.5
1652680800000.0,0.0722,0.0722,0.0675,0.0677,94273.8
1652684400000.0,0.0681,0.0682,0.0668,0.0682,112148.8
1652688000000.0,0.068,0.0708,0.068,0.0705,92306.8
1652691600000.0,0.0702,0.0703,0.0679,0.0681,121258.9
1652695200000.0,0.0683,0.0708,0.0671,0.0706,112898.9
1652698800000.0,0.0704,0.0705,0.0692,0.0693,67722.2
1652702400000.0,0.0693,0.0708,0.0684,0.0698,189378.0
1652706000000.0,0.0701,0.0708,0.0682,0.0688,434816.4
1652709600000.0,0.0688,0.0702,0.0684,0.0692,110923.3
1652713200000.0,0.0693,0.0698,0.068,0.0693,22229.3
1652716800000.0,0.0693,0.0697,0.0686,0.0686,29900.6
1652720400000.0,0.0688,0.0706,0.0688,0.0704,51105.6
1652724000000.0,0.0705,0.0717,0.0705,0.0715,46969.1
1652727600000.0,0.0716,0.0719,0.0702,0.0703,90831.5
1652731200000.0,0.0702,0.0722,0.0702,0.0721,71213.2
1652734800000.0,0.0721,0.0725,0.0718,0.0725,24999.8
1652738400000.0,0.0725,0.0728,0.0716,0.0716,40439.9
1652742000000.0,0.0714,0.0715,0.0699,0.0701,60457.4
1652745600000.0,0.0705,0.073,0.0705,0.0729,90991.9
1652749200000.0,0.0728,0.0731,0.0717,0.0731,98164.3
1652752800000.0,0.0731,0.0731,0.0718,0.0724,87141.0
1652756400000.0,0.0723,0.074,0.0723,0.0738,145813.0
1652760000000.0,0.0736,0.0739,0.0727,0.0737,69137.5
1652763600000.0,0.074,0.0752,0.0734,0.0751,68646.0
1652767200000.0,0.075,0.0764,0.0745,0.0763,101821.1
1652770800000.0,0.0762,0.0762,0.0741,0.0741,131356.8
1652774400000.0,0.0742,0.0755,0.0741,0.0747,162604.1
1652778000000.0,0.0748,0.076,0.0748,0.0754,60812.3
1652781600000.0,0.0753,0.0753,0.0747,0.0748,77818.6
1652785200000.0,0.0746,0.0751,0.074,0.074,74724.1
1652788800000.0,0.074,0.0765,0.0737,0.0761,164365.7
1652792400000.0,0.0762,0.0778,0.0754,0.0766,170450.3
1652796000000.0,0.0765,0.0768,0.0735,0.0736,231650.9
1652799600000.0,0.0738,0.0741,0.0725,0.0734,163872.3
1652803200000.0,0.0734,0.0735,0.0712,0.0729,408322.7
1652806800000.0,0.0728,0.074,0.0727,0.073,105113.1
1652810400000.0,0.0728,0.0729,0.0704,0.0717,196923.1
1652814000000.0,0.0718,0.0738,0.0718,0.0727,137966.7
1652817600000.0,0.0727,0.0738,0.0727,0.0734,163660.9
1652821200000.0,0.0735,0.0753,0.0732,0.075,204467.6
1652824800000.0,0.0751,0.0768,0.0751,0.0754,121750.2
1652828400000.0,0.0757,0.0769,0.0756,0.0758,184940.9
1652832000000.0,0.0761,0.0786,0.0761,0.0768,136983.6
1652835600000.0,0.0765,0.0765,0.0746,0.0749,112664.2
1652839200000.0,0.0749,0.0761,0.0749,0.0754,166725.8
1652842800000.0,0.0754,0.0755,0.0725,0.0725,233190.2
1652846400000.0,0.0726,0.0744,0.0726,0.0731,206058.0
1652850000000.0,0.0731,0.0741,0.073,0.0735,156457.6
1652853600000.0,0.0736,0.0742,0.072,0.0729,148459.7
1652857200000.0,0.0729,0.0746,0.0724,0.0745,316622.1
1652860800000.0,0.0741,0.0763,0.0741,0.0755,143967.2
1652864400000.0,0.0755,0.077,0.075,0.077,120327.6
1652868000000.0,0.0767,0.0801,0.0765,0.0778,857825.6
1652871600000.0,0.0778,0.0778,0.0761,0.0763,711694.3
1652875200000.0,0.0765,0.0765,0.0741,0.0743,197891.2
1652878800000.0,0.0743,0.0745,0.073,0.0732,73753.7
1652882400000.0,0.0733,0.0739,0.0717,0.0721,182887.6
1652886000000.0,0.0722,0.0722,0.0693,0.07,257665.3
1652889600000.0,0.07,0.0713,0.0698,0.0712,258986.5
1652893200000.0,0.071,0.071,0.0701,0.0702,138355.7
1652896800000.0,0.0701,0.0715,0.0699,0.0704,183661.7
1652900400000.0,0.0707,0.0721,0.0706,0.0718,193616.9
1652904000000.0,0.0717,0.0719,0.0709,0.0714,245459.6
1652907600000.0,0.0712,0.0721,0.0708,0.071,130747.4
1652911200000.0,0.0709,0.0719,0.0707,0.0707,157581.2
1652914800000.0,0.0709,0.0713,0.0689,0.0697,264351.3
1652918400000.0,0.0696,0.0707,0.069,0.0699,129602.9
1652922000000.0,0.0699,0.0708,0.0674,0.0676,143472.0
1652925600000.0,0.0677,0.0701,0.0671,0.07,129371.3
1652929200000.0,0.0701,0.0722,0.07,0.0715,442108.8
1652932800000.0,0.0712,0.0722,0.0706,0.0706,76056.3
1652936400000.0,0.0707,0.0709,0.0694,0.0696,54977.9
1652940000000.0,0.0696,0.0724,0.0694,0.0723,147374.5
1652943600000.0,0.0722,0.073,0.0708,0.0714,234518.9
1652947200000.0,0.0711,0.0712,0.0692,0.0692,264394.1
1652950800000.0,0.0692,0.0698,0.0686,0.0696,191529.1
1652954400000.0,0.0695,0.0705,0.0692,0.07,167863.6
1652958000000.0,0.0696,0.0727,0.0693,0.0723,375959.5
1652961600000.0,0.0723,0.0724,0.0708,0.0715,209457.0
1652965200000.0,0.0715,0.0736,0.0711,0.0718,469606.1
1652968800000.0,0.072,0.0745,0.072,0.074,160872.8
1652972400000.0,0.0741,0.0788,0.0738,0.0764,751931.7
1652976000000.0,0.0764,0.0769,0.0759,0.0765,116961.1
1652979600000.0,0.0766,0.0773,0.075,0.0771,266960.8
1652983200000.0,0.0769,0.0774,0.0761,0.0763,136082.9
1652986800000.0,0.0765,0.077,0.0752,0.0752,146665.7
1652990400000.0,0.0751,0.077,0.0751,0.0768,77464.3
1652994000000.0,0.0766,0.077,0.076,0.0761,54147.2
1652997600000.0,0.076,0.076,0.0746,0.0759,48746.8
1653001200000.0,0.0762,0.0789,0.0758,0.0777,167867.1
1653004800000.0,0.0778,0.0779,0.0765,0.0778,67615.6
1653008400000.0,0.0775,0.0799,0.0771,0.0792,56825.2
1653012000000.0,0.079,0.079,0.0775,0.0779,40912.0
1653015600000.0,0.0781,0.0781,0.0767,0.077,126125.0
1653019200000.0,0.0768,0.0779,0.0759,0.076,104422.2
1653022800000.0,0.0759,0.0781,0.0757,0.0777,65010.0
1653026400000.0,0.0775,0.0776,0.0749,0.076,42946.0
1653030000000.0,0.076,0.077,0.0755,0.0767,73907.8
1653033600000.0,0.0768,0.0781,0.0763,0.0769,82655.2
1653037200000.0,0.0768,0.0781,0.0765,0.0779,36740.6
1653040800000.0,0.0777,0.0796,0.0777,0.0796,124946.7
1653044400000.0,0.0796,0.0799,0.078,0.0788,34399.2
1653048000000.0,0.0789,0.0789,0.0768,0.0774,138316.8
1653051600000.0,0.0774,0.0782,0.0766,0.0778,115653.5
1653055200000.0,0.0776,0.0778,0.075,0.0758,95559.9
1653058800000.0,0.0757,0.0757,0.0737,0.0744,35517.0
1653062400000.0,0.0741,0.0741,0.0724,0.0727,146660.0
1653066000000.0,0.0727,0.0738,0.0717,0.0737,805354.9
1653069600000.0,0.0737,0.0741,0.0729,0.0741,77784.9
1653073200000.0,0.074,0.0754,0.0737,0.0753,103866.5
1653076800000.0,0.075,0.0759,0.0741,0.0745,80964.0
1653080400000.0,0.0748,0.0751,0.0743,0.0748,54301.6
1653084000000.0,0.0747,0.0764,0.0745,0.0756,58936.8
1653087600000.0,0.0758,0.0772,0.0758,0.0758,77330.8
1653091200000.0,0.0757,0.0765,0.0743,0.0755,123502.7
1653094800000.0,0.0755,0.0755,0.0737,0.075,143992.5
1653098400000.0,0.075,0.0771,0.0747,0.0766,155340.4
1653102000000.0,0.0766,0.0777,0.0753,0.0776,202689.1
1653105600000.0,0.0774,0.0774,0.0765,0.0769,91938.9
1653109200000.0,0.0769,0.0769,0.0751,0.076,86917.6
1653112800000.0,0.0762,0.0771,0.0759,0.0768,118493.0
1653116400000.0,0.0766,0.0778,0.0764,0.0777,101653.7
1653120000000.0,0.0777,0.0779,0.077,0.0774,96837.8
1653123600000.0,0.0773,0.0775,0.0765,0.0775,150639.1
1653127200000.0,0.0775,0.0777,0.0767,0.077,89421.6
1653130800000.0,0.0769,0.077,0.0762,0.077,85353.9
1653134400000.0,0.0771,0.0773,0.0762,0.0772,93072.8
1653138000000.0,0.0771,0.0783,0.077,0.0777,311919.6
1653141600000.0,0.0777,0.0799,0.0775,0.0799,173036.4
1653145200000.0,0.08,0.0815,0.0788,0.0808,676172.1
1653148800000.0,0.0807,0.0818,0.0806,0.0815,475238.8
1653152400000.0,0.0816,0.0821,0.0809,0.081,328726.6
1653156000000.0,0.0811,0.0828,0.0808,0.0827,298616.6
1653159600000.0,0.0828,0.0841,0.0813,0.0823,507191.1
1653163200000.0,0.0816,0.0818,0.0795,0.0802,619555.9
1653166800000.0,0.08,0.0803,0.0785,0.0787,254253.7
1653170400000.0,0.0786,0.0811,0.0784,0.0811,262392.4
1653174000000.0,0.081,0.0819,0.0805,0.0809,173486.9
1653177600000.0,0.0809,0.0819,0.0803,0.0817,219627.9
1653181200000.0,0.0818,0.0822,0.0809,0.0809,183847.2
1653184800000.0,0.0808,0.0808,0.0789,0.0797,190591.2
1653188400000.0,0.0797,0.0807,0.0795,0.0801,103681.2
1653192000000.0,0.0799,0.0801,0.0789,0.079,192451.8
1653195600000.0,0.0791,0.0805,0.079,0.0802,108132.1
1653199200000.0,0.0804,0.0819,0.0802,0.0816,176389.4
1653202800000.0,0.0818,0.0825,0.0813,0.082,256562.1
1653206400000.0,0.0819,0.0819,0.0801,0.0805,192708.4
1653210000000.0,0.0805,0.082,0.0804,0.082,165525.7
1653213600000.0,0.0821,0.0825,0.0811,0.0814,114293.4
1653217200000.0,0.0816,0.0817,0.0799,0.08,212091.7
1653220800000.0,0.0802,0.0819,0.0802,0.0819,199680.5
1653224400000.0,0.0819,0.082,0.0804,0.0808,108114.0
1653228000000.0,0.0808,0.0817,0.0805,0.0806,336194.4
1653231600000.0,0.0807,0.0808,0.0789,0.0799,208419.6
1653235200000.0,0.0799,0.0799,0.078,0.0791,296955.4
1653238800000.0,0.079,0.0801,0.0789,0.0789,122579.8
1653242400000.0,0.0789,0.0798,0.0787,0.0796,174456.0
1653246000000.0,0.0798,0.0798,0.079,0.0791,110880.6
1653249600000.0,0.0791,0.08,0.0787,0.0793,296143.8
1653253200000.0,0.0792,0.0794,0.0789,0.079,69429.9
1653256800000.0,0.0792,0.0808,0.0792,0.0799,152417.6
1653260400000.0,0.0802,0.0808,0.0802,0.0803,75632.4
1653264000000.0,0.0801,0.0818,0.0796,0.0813,191860.3
1653267600000.0,0.0813,0.0814,0.0793,0.0793,92521.1
1653271200000.0,0.0793,0.0793,0.0778,0.0782,131570.7
1653274800000.0,0.0782,0.0791,0.0782,0.079,457037.2
1653278400000.0,0.0793,0.0809,0.0793,0.0797,195074.7
1653282000000.0,0.0797,0.0802,0.0791,0.0802,136682.9
1653285600000.0,0.0801,0.0816,0.0801,0.0816,73479.9
1653289200000.0,0.0816,0.0829,0.0814,0.0827,61995.9
1653292800000.0,0.0829,0.083,0.0815,0.0817,85621.2
1653296400000.0,0.0816,0.0827,0.0814,0.0826,79500.5
1653300000000.0,0.0823,0.083,0.0807,0.081,193748.3
1653303600000.0,0.081,0.0813,0.0805,0.0805,92019.0
1653307200000.0,0.0804,0.0812,0.0798,0.0798,93905.5
1653310800000.0,0.0795,0.0806,0.0788,0.0794,162154.1
1653314400000.0,0.0794,0.0794,0.0779,0.0788,245915.0
1653318000000.0,0.0788,0.0807,0.0787,0.0802,159974.1
1653321600000.0,0.0805,0.0812,0.0792,0.0796,108534.9
1653325200000.0,0.0796,0.0796,0.0787,0.079,79574.5
1653328800000.0,0.0788,0.0795,0.0771,0.0771,119240.9
1653332400000.0,0.0771,0.0771,0.0743,0.0743,237239.2
1653336000000.0,0.0744,0.0759,0.0744,0.0755,234914.3
1653339600000.0,0.0756,0.076,0.0749,0.0749,53016.4
1653343200000.0,0.0749,0.075,0.0718,0.0718,309988.4
1653346800000.0,0.0717,0.0717,0.0698,0.0711,369547.7
1653350400000.0,0.0712,0.0725,0.0709,0.0716,206899.4
1653354000000.0,0.0716,0.0729,0.0714,0.0728,271630.0
1653357600000.0,0.0729,0.0732,0.0725,0.0729,114307.3
1653361200000.0,0.073,0.0733,0.0726,0.073,90674.4
1653364800000.0,0.073,0.0737,0.0727,0.0731,131658.2
1653368400000.0,0.0731,0.0735,0.0727,0.0728,66312.6
1653372000000.0,0.0731,0.0737,0.0724,0.0728,108707.6
1653375600000.0,0.0731,0.074,0.0726,0.074,119329.8
1653379200000.0,0.0736,0.0737,0.071,0.0713,142884.7
1653382800000.0,0.0719,0.0725,0.071,0.0721,154120.4
1653386400000.0,0.0721,0.0731,0.0718,0.0731,171100.3
1653390000000.0,0.0731,0.0737,0.0718,0.0723,133654.3
1653393600000.0,0.0723,0.0726,0.0715,0.072,183575.5
1653397200000.0,0.0719,0.072,0.0682,0.0683,369929.5
1653400800000.0,0.0685,0.0729,0.0681,0.0729,474561.6
1653404400000.0,0.0728,0.0776,0.0728,0.0765,236160.1
1653408000000.0,0.077,0.0786,0.0753,0.0766,370501.9
1653411600000.0,0.0764,0.0767,0.075,0.0764,255293.5
1653415200000.0,0.0765,0.0776,0.0761,0.0762,250432.9
1653418800000.0,0.0762,0.0776,0.0756,0.0769,130953.2
1653422400000.0,0.0771,0.0789,0.0766,0.0786,357104.1
1653426000000.0,0.0788,0.0796,0.0777,0.0796,284073.3
1653429600000.0,0.0797,0.0805,0.0788,0.0793,361497.2
1653433200000.0,0.0793,0.0798,0.0785,0.079,268533.7
1653436800000.0,0.079,0.0796,0.0783,0.0784,190266.2
1653440400000.0,0.0782,0.0809,0.0774,0.079,763521.3
1653444000000.0,0.0789,0.0808,0.0785,0.0803,756727.6
1653447600000.0,0.0807,0.0807,0.0792,0.0795,149216.8
1653451200000.0,0.0795,0.0797,0.0787,0.0796,125196.9
1653454800000.0,0.0796,0.0797,0.0775,0.0777,101190.2
1653458400000.0,0.078,0.0788,0.0769,0.0785,115701.4
1653462000000.0,0.0779,0.0785,0.0773,0.0773,505668.9
1653465600000.0,0.0776,0.0797,0.0769,0.0791,223600.1
1653469200000.0,0.0791,0.0791,0.0778,0.0788,97536.1
1653472800000.0,0.0787,0.0787,0.0775,0.0778,127958.5
1653476400000.0,0.0778,0.0782,0.0767,0.0768,103999.3
1653480000000.0,0.0768,0.0774,0.0761,0.0772,159050.0
1653483600000.0,0.0771,0.0783,0.0763,0.0777,220216.5
1653487200000.0,0.0776,0.0784,0.0769,0.0771,165663.0
1653490800000.0,0.0771,0.0774,0.0757,0.0771,113365.7
1653494400000.0,0.0771,0.0775,0.0759,0.0768,137801.1
1653498000000.0,0.0769,0.0773,0.0763,0.0766,124849.0
1653501600000.0,0.0767,0.0772,0.0758,0.077,203431.8
1653505200000.0,0.077,0.0774,0.0767,0.0769,58726.3
1653508800000.0,0.0772,0.079,0.0772,0.079,207796.4
1653512400000.0,0.079,0.0791,0.0784,0.0789,108084.7
1653516000000.0,0.079,0.0793,0.0781,0.0793,120642.2
1653519600000.0,0.079,0.079,0.0775,0.0781,50653.5
1653523200000.0,0.0783,0.0805,0.0783,0.0794,88807.1
1653526800000.0,0.0795,0.0797,0.0785,0.0792,68350.9
1653530400000.0,0.079,0.0798,0.0787,0.0795,45565.6
1653534000000.0,0.0794,0.0794,0.0782,0.0791,47752.2
1653537600000.0,0.0791,0.0805,0.0786,0.0791,219054.4
1653541200000.0,0.0789,0.0796,0.0761,0.0765,355847.8
1653544800000.0,0.0766,0.077,0.0758,0.0769,375345.0
1653548400000.0,0.0769,0.0781,0.0762,0.0779,176541.9
1653552000000.0,0.078,0.078,0.0723,0.0728,464639.7
1653555600000.0,0.0727,0.0756,0.072,0.0752,182208.8
1653559200000.0,0.0749,0.0753,0.0743,0.075,117587.1
1653562800000.0,0.0751,0.0759,0.0736,0.0756,70760.2
1653566400000.0,0.0759,0.0764,0.0747,0.0752,149969.3
1653570000000.0,0.0752,0.0755,0.0717,0.0755,149323.6
1653573600000.0,0.0755,0.0776,0.0752,0.077,140145.1
1653577200000.0,0.0772,0.0782,0.0767,0.0775,142629.2
1653580800000.0,0.0777,0.0803,0.0777,0.0791,332895.6
1653584400000.0,0.0791,0.0799,0.0787,0.0796,192392.8
1653588000000.0,0.0796,0.0797,0.0781,0.0784,226492.2
1653591600000.0,0.0786,0.0786,0.076,0.0762,195782.7
1653595200000.0,0.0762,0.0771,0.0754,0.076,222117.3
1653598800000.0,0.0763,0.0781,0.0763,0.0771,82713.1
1653602400000.0,0.0771,0.0778,0.0761,0.0766,97589.9
1653606000000.0,0.0764,0.0774,0.0753,0.0754,248361.5
1653609600000.0,0.0757,0.0765,0.0745,0.0749,244744.0
1653613200000.0,0.0751,0.0755,0.0724,0.0724,317994.7
1653616800000.0,0.0724,0.0739,0.0717,0.0728,190757.0
1653620400000.0,0.073,0.0762,0.0729,0.0755,172425.7
1653624000000.0,0.0754,0.0757,0.0731,0.0734,195757.4
1653627600000.0,0.0734,0.0742,0.0716,0.0723,323099.7
1653631200000.0,0.0721,0.0755,0.0716,0.0751,211517.2
1653634800000.0,0.0756,0.0774,0.0752,0.0754,388465.3
1653638400000.0,0.0754,0.0765,0.0744,0.0744,198831.7
1653642000000.0,0.0744,0.0761,0.0744,0.0758,203285.8
1653645600000.0,0.0757,0.0765,0.0739,0.0743,238284.0
1653649200000.0,0.0743,0.0774,0.0743,0.0758,203126.4
1653652800000.0,0.0757,0.0773,0.0751,0.0765,186213.9
1653656400000.0,0.0766,0.0769,0.0756,0.0766,190874.0
1653660000000.0,0.0767,0.0767,0.0738,0.0744,168693.5
1653663600000.0,0.0745,0.0753,0.0734,0.0748,202984.3
1653667200000.0,0.0748,0.0751,0.0727,0.0731,154196.3
1653670800000.0,0.0731,0.0737,0.0717,0.0721,157783.6
1653674400000.0,0.0723,0.0727,0.071,0.0716,167646.9
1653678000000.0,0.0719,0.074,0.071,0.073,128806.8
1653681600000.0,0.0729,0.0755,0.0729,0.0744,128862.8
1653685200000.0,0.0745,0.0746,0.0736,0.0736,37371.2
1653688800000.0,0.0735,0.0745,0.0733,0.074,48065.6
1653692400000.0,0.0736,0.0737,0.0723,0.0731,68587.9
1653696000000.0,0.0733,0.0786,0.0733,0.0786,305831.9
1653699600000.0,0.0784,0.0787,0.0753,0.0753,204165.9
1653703200000.0,0.0754,0.0757,0.073,0.0741,223265.6
1653706800000.0,0.0741,0.0764,0.0737,0.0764,129907.3
1653710400000.0,0.0763,0.0766,0.0753,0.0762,110140.9
1653714000000.0,0.0763,0.078,0.0759,0.0771,117033.9
1653717600000.0,0.0776,0.0776,0.0768,0.0771,98139.8
1653721200000.0,0.0768,0.0771,0.0759,0.0766,63153.8
1653724800000.0,0.0762,0.077,0.0753,0.0765,108426.3
1653728400000.0,0.0763,0.0771,0.0763,0.0769,76001.2
1653732000000.0,0.0768,0.0774,0.0764,0.077,105376.5
1653735600000.0,0.077,0.0782,0.0768,0.0777,136688.9
1653739200000.0,0.0779,0.0779,0.0769,0.0774,115098.8
1653742800000.0,0.0775,0.0787,0.0772,0.0781,102156.9
1653746400000.0,0.0779,0.0782,0.0769,0.0772,110259.0
1653750000000.0,0.0771,0.0782,0.0768,0.0773,92288.3
1653753600000.0,0.0774,0.0777,0.0769,0.0771,96844.7
1653757200000.0,0.077,0.077,0.0757,0.0761,149007.0
1653760800000.0,0.0763,0.0769,0.0763,0.0768,55108.4
1653764400000.0,0.0768,0.0775,0.076,0.0769,81881.8
1653768000000.0,0.0769,0.0771,0.076,0.0766,81902.6
1653771600000.0,0.0765,0.0765,0.0754,0.0754,34340.3
1653775200000.0,0.0754,0.0754,0.0746,0.0748,34756.8
1653778800000.0,0.0749,0.077,0.0749,0.0759,179325.1
1653782400000.0,0.0759,0.0773,0.0759,0.0762,115874.6
1653786000000.0,0.0762,0.0769,0.0755,0.0759,104339.9
1653789600000.0,0.0758,0.076,0.0746,0.0752,145348.4
1653793200000.0,0.0753,0.0766,0.075,0.0765,114246.6
1653796800000.0,0.0764,0.0772,0.0762,0.0764,105106.9
1653800400000.0,0.0764,0.0775,0.0764,0.0775,91879.1
1653804000000.0,0.0775,0.0785,0.0774,0.0784,135849.8
1653807600000.0,0.0782,0.0809,0.0779,0.0802,230634.0
1653811200000.0,0.0801,0.0813,0.0796,0.0805,178764.7
1653814800000.0,0.0806,0.0811,0.0788,0.0794,251762.8
1653818400000.0,0.0794,0.0811,0.0794,0.0811,172368.1
1653822000000.0,0.0809,0.0813,0.0805,0.0808,97003.8
1653825600000.0,0.0808,0.0816,0.0801,0.081,202309.7
1653829200000.0,0.0814,0.0814,0.08,0.0802,166768.6
1653832800000.0,0.0805,0.0808,0.0799,0.0799,60884.8
1653836400000.0,0.08,0.08,0.079,0.0797,113504.2
1653840000000.0,0.0797,0.0826,0.0797,0.0816,547912.7
1653843600000.0,0.0814,0.085,0.0814,0.0826,537371.4
1653847200000.0,0.0826,0.0837,0.0821,0.0837,244817.9
1653850800000.0,0.0834,0.0834,0.082,0.0828,217675.5
1653854400000.0,0.0828,0.0848,0.082,0.0833,503537.2
1653858000000.0,0.0833,0.084,0.0826,0.084,86297.6
1653861600000.0,0.0839,0.0885,0.0839,0.0876,913019.4
1653865200000.0,0.0876,0.0893,0.0876,0.0883,549286.8
1653868800000.0,0.0882,0.0882,0.0854,0.0856,682050.0
1653872400000.0,0.0858,0.088,0.0851,0.0869,489832.3
1653876000000.0,0.087,0.0874,0.0861,0.0865,183481.1
1653879600000.0,0.0866,0.087,0.0854,0.086,70676.3
1653883200000.0,0.086,0.0865,0.0852,0.0859,359969.3
1653886800000.0,0.0861,0.0879,0.086,0.0877,89445.3
1653890400000.0,0.0879,0.0887,0.0874,0.088,104225.8
1653894000000.0,0.0878,0.0878,0.0867,0.0876,55028.6
1653897600000.0,0.0879,0.0879,0.0853,0.0856,147164.3
1653901200000.0,0.0854,0.0854,0.0832,0.0836,326899.5
1653904800000.0,0.0838,0.0843,0.083,0.0835,309296.0
1653908400000.0,0.0834,0.0839,0.0827,0.0837,139975.6
1653912000000.0,0.0835,0.084,0.0809,0.0824,283410.6
1653915600000.0,0.0826,0.0836,0.0815,0.0831,171086.9
1653919200000.0,0.083,0.084,0.0824,0.0824,171684.5
1653922800000.0,0.0827,0.0834,0.0825,0.0831,195812.8
1653926400000.0,0.0825,0.0831,0.0815,0.0818,278855.2
1653930000000.0,0.0819,0.083,0.0817,0.0824,98111.1
1653933600000.0,0.0825,0.0829,0.0819,0.0825,158399.7
1653937200000.0,0.0825,0.083,0.082,0.0825,110564.4
1653940800000.0,0.0822,0.084,0.0821,0.084,155593.7
1653944400000.0,0.0839,0.0853,0.0838,0.0849,156957.7
1653948000000.0,0.085,0.0855,0.0844,0.0854,133313.1
1653951600000.0,0.0853,0.0861,0.0844,0.085,193882.3
1653955200000.0,0.0848,0.0878,0.0836,0.0837,508653.0
1653958800000.0,0.0841,0.0846,0.0822,0.0841,190100.6
1653962400000.0,0.0842,0.0859,0.0839,0.0855,149493.9
1653966000000.0,0.0854,0.0868,0.0845,0.0854,351634.2
1653969600000.0,0.0853,0.0854,0.0842,0.0847,137254.3
1653973200000.0,0.0848,0.0848,0.0836,0.084,153283.3
1653976800000.0,0.0842,0.0847,0.0834,0.0843,207670.4
1653980400000.0,0.0846,0.0856,0.084,0.0855,123749.2
1653984000000.0,0.0851,0.0861,0.0847,0.0858,159062.3
1653987600000.0,0.0857,0.0858,0.0844,0.0853,125897.0
1653991200000.0,0.0851,0.0859,0.0845,0.0853,111119.7
1653994800000.0,0.0852,0.086,0.0849,0.0855,205746.3
1653998400000.0,0.0853,0.0855,0.0815,0.0824,344923.5
1654002000000.0,0.0826,0.0839,0.0787,0.0799,275176.9
1654005600000.0,0.0798,0.0819,0.0794,0.0819,377873.8
1654009200000.0,0.0819,0.0843,0.0806,0.084,377725.0
1654012800000.0,0.0845,0.0845,0.082,0.0831,214238.7
1654016400000.0,0.0831,0.0836,0.0813,0.0825,203836.8
1654020000000.0,0.0825,0.0827,0.0801,0.0809,197074.0
1654023600000.0,0.0807,0.0818,0.0804,0.0814,154823.7
1654027200000.0,0.0816,0.0824,0.0813,0.0824,74742.9
1654030800000.0,0.0822,0.0824,0.0817,0.0817,69289.6
1654034400000.0,0.0815,0.0835,0.0815,0.0834,167168.0
1654038000000.0,0.0834,0.0837,0.0822,0.0828,129217.9
1654041600000.0,0.0826,0.0834,0.081,0.0827,216133.6
1654045200000.0,0.0827,0.0838,0.082,0.0831,136141.0
1654048800000.0,0.0831,0.0834,0.0818,0.0829,99040.3
1654052400000.0,0.0828,0.0828,0.0808,0.082,156489.9
1654056000000.0,0.0821,0.0831,0.081,0.083,87123.2
1654059600000.0,0.0831,0.0835,0.0822,0.0829,626106.9
1654063200000.0,0.0828,0.0843,0.0824,0.0837,271251.5
1654066800000.0,0.0836,0.084,0.0821,0.0827,230197.6
1654070400000.0,0.0826,0.0838,0.0823,0.0838,143465.2
1654074000000.0,0.0839,0.0853,0.0836,0.085,94351.4
1654077600000.0,0.0849,0.0851,0.0833,0.0834,181084.5
1654081200000.0,0.0836,0.0842,0.0824,0.083,153666.8
1654084800000.0,0.0829,0.0842,0.0821,0.0837,131403.3
1654088400000.0,0.0837,0.0846,0.0835,0.0838,99578.6
1654092000000.0,0.0839,0.0841,0.077,0.0783,596914.6
1654095600000.0,0.0781,0.0785,0.0767,0.0767,289591.6
1654099200000.0,0.0768,0.0768,0.0751,0.0753,238979.9
1654102800000.0,0.0756,0.0756,0.0734,0.0743,222050.9
1654106400000.0,0.0743,0.0747,0.0732,0.0732,166623.7
1654110000000.0,0.0732,0.0785,0.0726,0.0783,863756.7
1654113600000.0,0.0782,0.0789,0.0743,0.0783,648597.3
1654117200000.0,0.0783,0.08,0.0783,0.0787,379384.5
1654120800000.0,0.0787,0.0808,0.0787,0.0802,331893.6
1654124400000.0,0.0803,0.0816,0.08,0.0802,650988.0
1654128000000.0,0.0799,0.0807,0.0784,0.079,787374.9
1654131600000.0,0.0791,0.0799,0.0789,0.0791,100979.6
1654135200000.0,0.0789,0.0794,0.0785,0.0793,172737.8
1654138800000.0,0.0793,0.0797,0.0786,0.0786,176434.6
1654142400000.0,0.0785,0.0792,0.0779,0.0785,219956.7
1654146000000.0,0.0784,0.079,0.0776,0.0788,196924.2
1654149600000.0,0.0787,0.0793,0.0785,0.0792,128200.8
1654153200000.0,0.0793,0.0802,0.0789,0.0792,333462.7
1654156800000.0,0.079,0.0796,0.0788,0.0792,126269.6
1654160400000.0,0.0792,0.0798,0.0788,0.0797,158311.0
1654164000000.0,0.0797,0.08,0.0789,0.08,135945.3
1654167600000.0,0.0797,0.0811,0.0792,0.081,94930.2
1654171200000.0,0.0807,0.0818,0.0807,0.081,89222.0
1654174800000.0,0.0813,0.0813,0.0789,0.0802,241969.3
1654178400000.0,0.08,0.0828,0.0799,0.0827,498448.4
1654182000000.0,0.0828,0.0836,0.0809,0.0814,565421.8
1654185600000.0,0.0816,0.0821,0.0803,0.0805,220289.7
1654189200000.0,0.0805,0.0816,0.0804,0.0807,184133.3
1654192800000.0,0.0806,0.0811,0.08,0.08,148188.1
1654196400000.0,0.08,0.0801,0.0787,0.0798,226013.2
1654200000000.0,0.0797,0.0807,0.0797,0.0803,136957.5
1654203600000.0,0.0802,0.0811,0.0801,0.0801,30262.7
1654207200000.0,0.0802,0.0806,0.0797,0.0804,124592.6
1654210800000.0,0.0804,0.0811,0.0802,0.0802,44621.0
1654214400000.0,0.08,0.0804,0.0798,0.08,57873.1
1654218000000.0,0.08,0.0813,0.0799,0.0811,91384.9
1654221600000.0,0.0811,0.0811,0.0806,0.0808,72606.7
1654225200000.0,0.0808,0.0813,0.0807,0.0813,87033.7
1654228800000.0,0.0812,0.0817,0.0805,0.0805,98053.2
1654232400000.0,0.0806,0.0815,0.0805,0.0815,141706.1
1654236000000.0,0.0814,0.082,0.0808,0.0812,139564.9
1654239600000.0,0.081,0.0812,0.0804,0.0806,140344.5
1654243200000.0,0.0807,0.0812,0.0805,0.0806,167951.2
1654246800000.0,0.0805,0.0806,0.0787,0.0794,118712.3
1654250400000.0,0.0793,0.0797,0.0773,0.0776,141050.3
1654254000000.0,0.0778,0.0785,0.0771,0.0776,211558.7
1654257600000.0,0.0775,0.0785,0.0773,0.0776,210513.3
1654261200000.0,0.0775,0.0779,0.0774,0.0776,195238.2
1654264800000.0,0.0778,0.0819,0.077,0.0818,614450.6
1654268400000.0,0.0815,0.0845,0.0802,0.0828,910118.4
1654272000000.0,0.0828,0.0864,0.0827,0.0845,2772885.3
1654275600000.0,0.0845,0.087,0.0835,0.0867,1420444.5
1654279200000.0,0.0865,0.0878,0.0846,0.0855,1077685.1
1654282800000.0,0.0857,0.0869,0.0846,0.0868,573441.5
1654286400000.0,0.0869,0.1014,0.0865,0.0993,6068031.2
1654290000000.0,0.0988,0.0993,0.0931,0.0939,4061959.9
1654293600000.0,0.0939,0.0964,0.093,0.095,1695556.0
1654297200000.0,0.0949,0.0958,0.0931,0.0938,1389258.3
1654300800000.0,0.0937,0.0992,0.0929,0.0983,2920414.7
1654304400000.0,0.0982,0.1049,0.0962,0.0966,4634289.6
1654308000000.0,0.0962,0.0966,0.0937,0.0949,2189381.0
1654311600000.0,0.0949,0.0967,0.0915,0.0924,1325975.1
1654315200000.0,0.0923,0.096,0.0923,0.0947,983641.3
1654318800000.0,0.0946,0.096,0.0931,0.0944,1003748.9
1654322400000.0,0.0945,0.0992,0.0941,0.095,1094632.7
1654326000000.0,0.095,0.0955,0.0922,0.0933,892925.8
1654329600000.0,0.0933,0.0952,0.0912,0.0936,931846.8
1654333200000.0,0.0937,0.0941,0.0916,0.0921,579972.3
1654336800000.0,0.0922,0.0924,0.0899,0.0904,545034.0
1654340400000.0,0.0905,0.0913,0.0893,0.0896,493851.2
1654344000000.0,0.0896,0.0898,0.0876,0.0882,429999.7
1654347600000.0,0.0882,0.0896,0.0872,0.0877,560381.7
1654351200000.0,0.0879,0.0903,0.0873,0.0894,683879.1
1654354800000.0,0.0894,0.0895,0.0882,0.0893,534676.7
1654358400000.0,0.0891,0.0902,0.0887,0.0902,822334.6
1654362000000.0,0.0902,0.0904,0.0889,0.0892,472865.2
1654365600000.0,0.0894,0.0898,0.0892,0.0892,315977.9
1654369200000.0,0.0893,0.0895,0.0885,0.089,315112.8
1654372800000.0,0.0891,0.0896,0.0887,0.0891,248979.3
1654376400000.0,0.0891,0.0892,0.0884,0.0888,188848.5
1654380000000.0,0.0886,0.0922,0.0885,0.0905,1198437.2
1654383600000.0,0.0904,0.0919,0.09,0.0912,405844.2
1654387200000.0,0.0915,0.0915,0.0893,0.0894,328582.4
1654390800000.0,0.0893,0.0896,0.0886,0.0889,416967.3
1654394400000.0,0.0889,0.0893,0.0883,0.0889,336575.0
1654398000000.0,0.0888,0.0889,0.0867,0.088,724103.3
1654401600000.0,0.088,0.0884,0.0863,0.0864,380975.9
1654405200000.0,0.0863,0.088,0.086,0.0877,185248.1
1654408800000.0,0.0877,0.0879,0.0871,0.0878,112669.6
1654412400000.0,0.0877,0.0889,0.087,0.0871,547545.7
1654416000000.0,0.0873,0.0882,0.0873,0.0881,193783.2
1654419600000.0,0.0881,0.0883,0.0873,0.0878,287445.5
1654423200000.0,0.0878,0.0889,0.0876,0.0886,307793.3
1654426800000.0,0.0888,0.0889,0.0875,0.0881,1315114.3
1654430400000.0,0.0881,0.0912,0.0881,0.0902,639414.0
1654434000000.0,0.0903,0.0904,0.0874,0.0878,199631.0
1654437600000.0,0.0875,0.0896,0.0875,0.089,286320.6
1654441200000.0,0.0892,0.0908,0.0891,0.0903,152922.8
1654444800000.0,0.09,0.0977,0.0899,0.0955,2254045.3
1654448400000.0,0.0955,0.099,0.0942,0.0961,867274.6
1654452000000.0,0.0961,0.1039,0.0958,0.1024,2479274.0
1654455600000.0,0.1024,0.1048,0.0981,0.0998,2317298.0
1654459200000.0,0.0998,0.1064,0.0998,0.1029,1947110.5
1654462800000.0,0.1029,0.1033,0.1003,0.1009,1254148.0
1654466400000.0,0.1012,0.1205,0.1001,0.1158,3457428.0
1654470000000.0,0.1156,0.1165,0.1061,0.1067,3281305.2
1654473600000.0,0.1069,0.1086,0.1038,0.1044,1436044.4
1654477200000.0,0.1045,0.1078,0.1043,0.106,1633821.5
1654480800000.0,0.1062,0.1084,0.1032,0.1033,1518453.1
1654484400000.0,0.1035,0.1053,0.1033,0.1044,742464.9
1654488000000.0,0.1044,0.1065,0.1031,0.1043,1870941.3
1654491600000.0,0.1042,0.1045,0.1018,0.1024,567762.5
1654495200000.0,0.1025,0.1127,0.1018,0.107,2331574.8
1654498800000.0,0.1074,0.1114,0.106,0.108,1208713.9
1654502400000.0,0.108,0.1102,0.1066,0.1099,882987.8
1654506000000.0,0.11,0.114,0.1078,0.1121,740301.5
1654509600000.0,0.1121,0.1122,0.1081,0.1087,569285.8
1654513200000.0,0.1084,0.1106,0.1055,0.1059,708220.7
1654516800000.0,0.106,0.1101,0.1055,0.1066,947414.7
1654520400000.0,0.1065,0.1074,0.1004,0.1015,1178104.9
1654524000000.0,0.1016,0.1025,0.1,0.1008,933583.8
1654527600000.0,0.1008,0.1029,0.1003,0.1029,850645.5
1654531200000.0,0.1023,0.1027,0.1009,0.101,479970.9
1654534800000.0,0.1009,0.1021,0.1004,0.1017,221116.8
1654538400000.0,0.1018,0.104,0.1017,0.102,312310.9
1654542000000.0,0.1023,0.103,0.1017,0.1028,159133.1
1654545600000.0,0.1028,0.1034,0.1008,0.1027,399151.1
1654549200000.0,0.1025,0.1038,0.1021,0.1034,252869.8
1654552800000.0,0.1032,0.1038,0.101,0.1016,215046.5
1654556400000.0,0.1016,0.1021,0.0996,0.101,515902.9
1654560000000.0,0.101,0.1039,0.0997,0.1019,428675.7
1654563600000.0,0.1017,0.1022,0.0991,0.0997,936628.1
1654567200000.0,0.0997,0.1006,0.0994,0.1003,247975.2
1654570800000.0,0.1002,0.1044,0.0999,0.1031,370075.7
1654574400000.0,0.1031,0.1049,0.1024,0.1044,244930.3
1654578000000.0,0.1042,0.1094,0.1041,0.109,1145253.3
1654581600000.0,0.1087,0.1097,0.104,0.1072,569112.2
1654585200000.0,0.1073,0.1079,0.1056,0.1056,374600.6
1654588800000.0,0.1053,0.1095,0.105,0.1079,709966.3
1654592400000.0,0.1078,0.1103,0.107,0.107,778012.5
1654596000000.0,0.1072,0.1091,0.1068,0.109,554686.6
1654599600000.0,0.1089,0.1091,0.1075,0.1088,650214.5
1654603200000.0,0.109,0.1098,0.1074,0.1086,421131.5
1654606800000.0,0.1084,0.1153,0.1078,0.1138,1408432.8
1654610400000.0,0.1137,0.1241,0.1113,0.114,3177789.2
1654614000000.0,0.1141,0.1198,0.1101,0.1118,1685501.7
1654617600000.0,0.1115,0.1132,0.1091,0.1115,2076149.7
1654621200000.0,0.1114,0.1122,0.1102,0.1108,896683.2
1654624800000.0,0.1109,0.1118,0.1098,0.1102,661096.7
1654628400000.0,0.1105,0.1254,0.1099,0.1221,2034807.6
1654632000000.0,0.1217,0.1885,0.1185,0.1393,13855404.3
1654635600000.0,0.1399,0.1462,0.1306,0.1343,5911767.6
1654639200000.0,0.1343,0.1409,0.1233,0.1337,4417230.4
1654642800000.0,0.1336,0.1461,0.1202,0.121,5145305.0
1654646400000.0,0.1203,0.1358,0.1172,0.1303,3759507.2
1654650000000.0,0.1299,0.1362,0.1244,0.1305,3640750.6
1654653600000.0,0.1306,0.1408,0.1274,0.1406,2873204.5
1654657200000.0,0.1401,0.1491,0.1285,0.1362,5298444.7
1654660800000.0,0.1368,0.1396,0.1302,0.1362,2612009.5
1654664400000.0,0.1366,0.1532,0.1356,0.1469,4180625.4
1654668000000.0,0.1471,0.16,0.1452,0.1538,5290771.3
1654671600000.0,0.1531,0.1716,0.151,0.1686,6188803.4
1654675200000.0,0.1684,0.1844,0.1531,0.1608,6890094.5
1654678800000.0,0.1607,0.1619,0.1481,0.153,4761179.5
1654682400000.0,0.1531,0.1612,0.1461,0.1499,4054794.3
1654686000000.0,0.1502,0.1517,0.145,0.1488,1782551.2
1654689600000.0,0.1489,0.1494,0.1359,0.1398,2392106.5
1654693200000.0,0.1395,0.1669,0.1364,0.1632,5934612.6
1654696800000.0,0.163,0.1689,0.1558,0.1669,4207465.6
1654700400000.0,0.1664,0.1706,0.1577,0.1614,2902669.3
1654704000000.0,0.161,0.1659,0.1532,0.1641,2093280.4
1654707600000.0,0.1635,0.1945,0.1616,0.1778,7963616.0
1654711200000.0,0.1773,0.1846,0.1654,0.1687,8363548.1
1654714800000.0,0.1687,0.1755,0.1626,0.1683,4760509.0
1654718400000.0,0.1684,0.1693,0.1568,0.1576,3794541.0
1654722000000.0,0.158,0.1676,0.158,0.164,1911243.7
1654725600000.0,0.1643,0.1643,0.1515,0.1574,3261481.1
1654729200000.0,0.1575,0.1616,0.1546,0.1547,1447653.3
1654732800000.0,0.1551,0.1561,0.1446,0.1475,2357653.7
1654736400000.0,0.1478,0.1485,0.1412,0.1417,1989425.3
1654740000000.0,0.1422,0.1462,0.1422,0.1422,856246.0
1654743600000.0,0.1426,0.1486,0.1413,0.1475,485371.1
1654747200000.0,0.1474,0.1531,0.1452,0.1501,1018761.4
1654750800000.0,0.1506,0.1506,0.1447,0.1459,443225.0
1654754400000.0,0.1457,0.1551,0.1447,0.1547,838956.9
1654758000000.0,0.1546,0.1741,0.1528,0.165,4908051.0
1654761600000.0,0.1652,0.1748,0.161,0.1718,4506400.8
1654765200000.0,0.1721,0.1799,0.1701,0.1707,3702013.2
1654768800000.0,0.1705,0.1774,0.1683,0.1726,1541520.4
1654772400000.0,0.1723,0.1747,0.1678,0.172,1151536.7
1654776000000.0,0.1714,0.1717,0.1663,0.1679,907489.0
1654779600000.0,0.1677,0.1855,0.1675,0.1768,5624467.3
1654783200000.0,0.1767,0.1808,0.1713,0.1737,2452704.3
1654786800000.0,0.1738,0.1782,0.1704,0.1772,1559519.8
1654790400000.0,0.1771,0.1808,0.1687,0.1727,2317277.3
1654794000000.0,0.1727,0.1737,0.1689,0.1689,794287.0
1654797600000.0,0.1694,0.1724,0.1692,0.1706,479525.5
1654801200000.0,0.17,0.1715,0.1656,0.1684,868208.9
1654804800000.0,0.1687,0.1735,0.1678,0.1695,1043597.0
1654808400000.0,0.1693,0.1768,0.1693,0.1751,1528988.8
1654812000000.0,0.1759,0.1759,0.1703,0.1708,868039.1
1654815600000.0,0.1705,0.1724,0.1675,0.1704,342115.2
1654819200000.0,0.1703,0.1775,0.1642,0.1757,1630384.0
1654822800000.0,0.1752,0.1797,0.1748,0.1771,1708543.4
1654826400000.0,0.1766,0.1845,0.1758,0.1806,3631927.1
1654830000000.0,0.1808,0.1865,0.1776,0.178,1738042.2
1654833600000.0,0.1781,0.1801,0.1756,0.1784,614356.3
1654837200000.0,0.179,0.1889,0.1758,0.1875,1367206.8
1654840800000.0,0.1874,0.192,0.1827,0.1847,2271256.1
1654844400000.0,0.1853,0.1877,0.182,0.1846,865173.8
1654848000000.0,0.1849,0.1891,0.178,0.1796,2170821.4
1654851600000.0,0.1796,0.1799,0.1753,0.1759,1031091.3
1654855200000.0,0.1759,0.1794,0.1757,0.1787,383772.4
1654858800000.0,0.1788,0.1919,0.1785,0.1865,1928709.4
1654862400000.0,0.1862,0.197,0.1818,0.1873,1885118.9
1654866000000.0,0.1876,0.1924,0.1844,0.1875,1903995.2
1654869600000.0,0.1876,0.2068,0.1858,0.2024,2697374.1
1654873200000.0,0.2022,0.2044,0.1964,0.1975,1739513.2
1654876800000.0,0.1975,0.2013,0.1714,0.1777,3923471.0
1654880400000.0,0.1771,0.1789,0.1716,0.1774,1537147.8
1654884000000.0,0.1779,0.1788,0.1731,0.1765,1261275.8
1654887600000.0,0.1763,0.1763,0.1643,0.1668,1424449.6
1654891200000.0,0.1665,0.1726,0.1663,0.1725,458069.6
1654894800000.0,0.1724,0.1767,0.1693,0.1728,1286549.8
1654898400000.0,0.1729,0.1759,0.1724,0.1725,804992.1
1654902000000.0,0.1727,0.1729,0.1655,0.1667,602610.7
1654905600000.0,0.1667,0.168,0.1613,0.167,1440552.5
1654909200000.0,0.1671,0.1741,0.1667,0.1736,627378.8
1654912800000.0,0.1728,0.1732,0.1681,0.1689,266458.7
1654916400000.0,0.168,0.1692,0.1666,0.1674,236298.7
1654920000000.0,0.1678,0.1708,0.1671,0.1706,158244.4
1654923600000.0,0.1702,0.1712,0.167,0.1705,446374.8
1654927200000.0,0.1696,0.1716,0.1645,0.1655,521263.7
1654930800000.0,0.1656,0.1681,0.1654,0.168,202569.3
1654934400000.0,0.1665,0.1672,0.1575,0.158,746164.3
1654938000000.0,0.1578,0.1638,0.1576,0.1608,690129.3
1654941600000.0,0.1606,0.1613,0.1585,0.1588,324832.8
1654945200000.0,0.1587,0.1593,0.1546,0.1566,739912.2
1654948800000.0,0.1566,0.1827,0.1556,0.172,4392017.5
1654952400000.0,0.172,0.172,0.166,0.1664,714769.2
1654956000000.0,0.1661,0.1665,0.1601,0.1602,936701.1
1654959600000.0,0.1613,0.1674,0.1578,0.1617,1189104.6
1654963200000.0,0.1618,0.1665,0.1604,0.1645,574759.8
1654966800000.0,0.1648,0.1692,0.1646,0.1668,535262.6
1654970400000.0,0.1673,0.1719,0.1665,0.1699,664911.2
1654974000000.0,0.17,0.1705,0.1653,0.1655,416443.7
1654977600000.0,0.1653,0.1666,0.1617,0.1618,515132.4
1654981200000.0,0.1618,0.1649,0.1616,0.1624,254629.7
1654984800000.0,0.1623,0.1633,0.1609,0.1621,221408.0
1654988400000.0,0.1616,0.1616,0.1586,0.1609,207479.5
1654992000000.0,0.1609,0.1635,0.1596,0.1617,299582.2
1654995600000.0,0.1613,0.1615,0.15,0.1521,1306585.3
1654999200000.0,0.1516,0.1536,0.1448,0.1498,1530311.4
1655002800000.0,0.1495,0.1511,0.146,0.1485,1020789.1
1655006400000.0,0.1481,0.1503,0.1445,0.1447,875528.3
1655010000000.0,0.1444,0.1446,0.1351,0.1389,1776725.2
1655013600000.0,0.1393,0.1521,0.1393,0.1494,2880524.7
1655017200000.0,0.1494,0.151,0.1464,0.1497,617985.8
1655020800000.0,0.1495,0.1522,0.148,0.1492,374176.4
1655024400000.0,0.149,0.1505,0.1469,0.1472,225651.3
1655028000000.0,0.1469,0.1486,0.143,0.1439,2176538.9
1655031600000.0,0.1438,0.1454,0.1419,0.145,827741.8
1655035200000.0,0.1445,0.147,0.1439,0.1444,429736.5
1655038800000.0,0.1444,0.1464,0.141,0.1422,340857.8
1655042400000.0,0.1423,0.1512,0.1388,0.1492,523947.9
1655046000000.0,0.1491,0.1531,0.1484,0.1485,820936.1
1655049600000.0,0.1486,0.1506,0.1464,0.1474,316891.2
1655053200000.0,0.1472,0.1569,0.1471,0.1527,435321.3
1655056800000.0,0.1524,0.1532,0.1502,0.1509,225913.0
1655060400000.0,0.1509,0.151,0.1466,0.1467,214478.2
1655064000000.0,0.1471,0.1473,0.1437,0.1437,364501.0
1655067600000.0,0.144,0.1549,0.1433,0.1499,438705.9
1655071200000.0,0.1498,0.1498,0.1436,0.1446,455777.2
1655074800000.0,0.1445,0.1461,0.1372,0.1382,430481.8
1655078400000.0,0.1376,0.1399,0.1254,0.1274,2382752.5
1655082000000.0,0.1279,0.1302,0.125,0.1292,2334391.7
1655085600000.0,0.1287,0.1299,0.1246,0.1246,2098655.6
1655089200000.0,0.1246,0.1307,0.1225,0.1289,958142.8
1655092800000.0,0.1287,0.1354,0.1281,0.13,762965.0
1655096400000.0,0.1301,0.1341,0.1264,0.1264,633715.4
1655100000000.0,0.1263,0.1294,0.1248,0.1265,587476.8
1655103600000.0,0.1267,0.1284,0.1185,0.1213,1147819.3
1655107200000.0,0.1215,0.1233,0.1152,0.1157,1611765.5
1655110800000.0,0.1157,0.1212,0.1151,0.1182,1283289.6
1655114400000.0,0.1182,0.1217,0.1173,0.1177,947500.8
1655118000000.0,0.1176,0.1184,0.111,0.1133,4129322.9
1655121600000.0,0.1135,0.1185,0.1131,0.1133,827162.0
1655125200000.0,0.1131,0.1164,0.1114,0.1151,624010.7
1655128800000.0,0.1154,0.1169,0.1092,0.1128,832332.6
1655132400000.0,0.1126,0.1164,0.112,0.1146,379713.0
1655136000000.0,0.1145,0.1267,0.1143,0.1186,2012239.7
1655139600000.0,0.1186,0.119,0.1135,0.1155,598056.3
1655143200000.0,0.1156,0.1175,0.1142,0.1143,501858.6
1655146800000.0,0.1144,0.1149,0.1129,0.1146,210546.5
1655150400000.0,0.1146,0.1214,0.1145,0.118,748577.5
1655154000000.0,0.118,0.1194,0.114,0.1144,683374.3
1655157600000.0,0.1141,0.1148,0.1073,0.1077,1581921.4
1655161200000.0,0.1079,0.1127,0.1078,0.1127,328086.9
1655164800000.0,0.1117,0.1174,0.1112,0.1115,540547.5
1655168400000.0,0.1115,0.1126,0.1036,0.1038,660344.7
1655172000000.0,0.1038,0.1092,0.1027,0.1092,597768.5
1655175600000.0,0.1091,0.1166,0.1075,0.1162,605532.9
1655179200000.0,0.1164,0.1178,0.1128,0.1143,416488.2
1655182800000.0,0.1144,0.1242,0.1137,0.122,543318.1
1655186400000.0,0.1216,0.1228,0.1198,0.122,724293.1
1655190000000.0,0.1222,0.1232,0.118,0.1215,369932.5
1655193600000.0,0.121,0.121,0.1173,0.118,284610.9
1655197200000.0,0.1183,0.1185,0.115,0.1165,164468.6
1655200800000.0,0.1169,0.117,0.1144,0.1148,65846.9
1655204400000.0,0.1146,0.1159,0.1121,0.1146,359775.6
1655208000000.0,0.1144,0.1152,0.111,0.114,440221.0
1655211600000.0,0.1146,0.1173,0.1139,0.116,308062.0
1655215200000.0,0.1161,0.1163,0.1122,0.1148,286914.8
1655218800000.0,0.115,0.1196,0.1144,0.1196,634393.4
1655222400000.0,0.1196,0.1201,0.1156,0.1168,597807.7
1655226000000.0,0.1165,0.1192,0.1153,0.1153,486551.4
1655229600000.0,0.1159,0.1175,0.1146,0.1147,110822.4
1655233200000.0,0.1147,0.1149,0.1126,0.1143,132973.9
1655236800000.0,0.114,0.1146,0.1088,0.1103,466011.6
1655240400000.0,0.1105,0.1107,0.1074,0.1082,589939.6
1655244000000.0,0.1081,0.1093,0.1075,0.1083,363948.4
1655247600000.0,0.1081,0.1124,0.1081,0.111,278534.2
1655251200000.0,0.111,0.1112,0.1084,0.1084,267526.5
1655254800000.0,0.1085,0.1111,0.1077,0.1102,320730.5
1655258400000.0,0.1104,0.1106,0.1073,0.1086,173604.2
1655262000000.0,0.1088,0.1091,0.1047,0.1052,320264.2
1655265600000.0,0.1052,0.1053,0.1007,0.1016,554303.6
1655269200000.0,0.1016,0.1021,0.0991,0.101,298403.2
1655272800000.0,0.1011,0.1019,0.0983,0.1,313175.2
1655276400000.0,0.0998,0.1003,0.0952,0.0954,247653.5
1655280000000.0,0.0955,0.0964,0.0937,0.0941,801835.0
1655283600000.0,0.0941,0.0947,0.0915,0.0931,282711.1
1655287200000.0,0.0931,0.0962,0.0924,0.0946,460796.9
1655290800000.0,0.0947,0.0981,0.0934,0.0972,251757.3
1655294400000.0,0.0972,0.0987,0.0962,0.0978,315220.1
1655298000000.0,0.0976,0.1018,0.0974,0.1004,763019.5
1655301600000.0,0.1003,0.1014,0.0953,0.0962,723432.6
1655305200000.0,0.0962,0.0976,0.0951,0.0973,172128.1
1655308800000.0,0.0974,0.0977,0.0918,0.0921,683670.2
1655312400000.0,0.092,0.0972,0.091,0.0964,655483.2
1655316000000.0,0.0967,0.104,0.0908,0.1023,1526315.2
1655319600000.0,0.1025,0.1064,0.1018,0.1028,1321668.8
1655323200000.0,0.103,0.1044,0.1013,0.1035,267847.4
1655326800000.0,0.1035,0.1085,0.1023,0.1071,586426.8
1655330400000.0,0.1071,0.109,0.1067,0.1073,648892.7
1655334000000.0,0.1074,0.1111,0.1073,0.1098,846113.7
1655337600000.0,0.1098,0.1145,0.1084,0.11,762929.2
1655341200000.0,0.1096,0.1116,0.1073,0.1078,612261.9
1655344800000.0,0.1075,0.1081,0.1058,0.1065,353889.9
1655348400000.0,0.1065,0.107,0.1056,0.1061,201505.5
1655352000000.0,0.1063,0.108,0.1051,0.1053,338811.2
1655355600000.0,0.1055,0.1058,0.1027,0.1029,306394.7
1655359200000.0,0.1031,0.1035,0.0997,0.1002,305113.0
1655362800000.0,0.1002,0.1027,0.0989,0.0995,299763.9
1655366400000.0,0.0996,0.101,0.0982,0.0997,248584.5
1655370000000.0,0.1002,0.1002,0.0939,0.0943,252146.1
1655373600000.0,0.0944,0.0951,0.0894,0.0922,427494.8
1655377200000.0,0.0921,0.0923,0.0897,0.0903,308073.8
1655380800000.0,0.0903,0.0947,0.0903,0.0919,469062.1
1655384400000.0,0.0922,0.0931,0.0898,0.0902,268929.2
1655388000000.0,0.0902,0.0913,0.0887,0.0895,283299.5
1655391600000.0,0.0895,0.0921,0.0895,0.0908,191132.8
1655395200000.0,0.0907,0.0931,0.0897,0.0927,149848.5
1655398800000.0,0.0927,0.0935,0.0909,0.091,529709.1
1655402400000.0,0.091,0.0917,0.0901,0.0909,234621.4
1655406000000.0,0.0911,0.0918,0.0887,0.0892,910574.3
1655409600000.0,0.089,0.091,0.089,0.0901,460412.5
1655413200000.0,0.0901,0.0914,0.0894,0.0897,183775.1
1655416800000.0,0.0895,0.0903,0.0867,0.0869,1776170.6
1655420400000.0,0.087,0.0889,0.0858,0.0883,872459.8
1655424000000.0,0.0883,0.0909,0.0873,0.0874,951947.5
1655427600000.0,0.0876,0.0926,0.0876,0.0922,639447.1
1655431200000.0,0.0923,0.0927,0.0907,0.0912,183385.6
1655434800000.0,0.0911,0.0921,0.0901,0.0904,91298.5
1655438400000.0,0.0902,0.0922,0.0901,0.0916,111608.4
1655442000000.0,0.092,0.094,0.0919,0.0925,137411.9
1655445600000.0,0.0925,0.094,0.0912,0.0935,372245.7
1655449200000.0,0.0935,0.0958,0.0928,0.0942,172285.2
1655452800000.0,0.0939,0.0944,0.0926,0.0928,262060.1
1655456400000.0,0.0929,0.094,0.0916,0.094,150627.9
1655460000000.0,0.0941,0.0947,0.0927,0.0943,288123.5
1655463600000.0,0.0944,0.0948,0.0933,0.0933,159027.1
1655467200000.0,0.0933,0.0935,0.0899,0.09,286936.0
1655470800000.0,0.09,0.0924,0.0896,0.0915,115544.8
1655474400000.0,0.0914,0.0916,0.0888,0.0899,442249.6
1655478000000.0,0.0901,0.0906,0.0891,0.0902,181495.1
1655481600000.0,0.0899,0.0907,0.0893,0.0895,59603.5
1655485200000.0,0.0894,0.0901,0.0892,0.0897,85675.2
1655488800000.0,0.0895,0.0903,0.0888,0.0893,243134.7
1655492400000.0,0.0893,0.0893,0.088,0.0887,162033.6
1655496000000.0,0.0886,0.0902,0.0886,0.0899,243634.0
1655499600000.0,0.0899,0.0901,0.089,0.0893,20502.0
1655503200000.0,0.0893,0.0895,0.0885,0.0885,127494.6
1655506800000.0,0.0885,0.0903,0.0885,0.0891,91407.4
1655510400000.0,0.0891,0.0902,0.0889,0.0889,55840.8
1655514000000.0,0.0893,0.0893,0.0842,0.0842,213710.9
1655517600000.0,0.0844,0.0851,0.0833,0.085,306798.2
1655521200000.0,0.0849,0.0858,0.0845,0.0855,159117.1
1655524800000.0,0.0856,0.0879,0.0855,0.0875,153938.6
1655528400000.0,0.0877,0.0882,0.0863,0.0864,56043.1
1655532000000.0,0.0867,0.0871,0.0824,0.0826,398071.2
1655535600000.0,0.0833,0.0834,0.0789,0.0792,414590.3
1655539200000.0,0.0794,0.0833,0.0776,0.0806,255958.6
1655542800000.0,0.0803,0.0823,0.0799,0.0823,148463.3
1655546400000.0,0.0823,0.0848,0.0823,0.0833,127565.3
1655550000000.0,0.0832,0.0845,0.0824,0.0832,124670.3
1655553600000.0,0.0832,0.0843,0.0832,0.0836,110441.0
1655557200000.0,0.0835,0.0847,0.083,0.0846,238227.3
1655560800000.0,0.0847,0.0859,0.0839,0.084,112148.0
1655564400000.0,0.084,0.0859,0.0832,0.084,576056.8
1655568000000.0,0.0844,0.0859,0.0842,0.0847,164743.9
1655571600000.0,0.0849,0.0853,0.0828,0.0832,87911.6
1655575200000.0,0.083,0.0855,0.0829,0.0837,316787.0
1655578800000.0,0.0837,0.0841,0.0794,0.0797,181531.8
1655582400000.0,0.0798,0.0819,0.0779,0.0799,288852.0
1655586000000.0,0.0798,0.0857,0.0797,0.0845,604472.7
1655589600000.0,0.0845,0.0884,0.0845,0.0876,329615.1
1655593200000.0,0.0876,0.0882,0.0864,0.0879,89223.6
1655596800000.0,0.0876,0.0903,0.087,0.0871,304865.3
1655600400000.0,0.0873,0.0876,0.0857,0.0871,181059.2
1655604000000.0,0.0871,0.0875,0.0849,0.0865,507464.3
1655607600000.0,0.0865,0.0893,0.0863,0.0865,556029.8
1655611200000.0,0.0863,0.0881,0.0858,0.0881,406353.5
1655614800000.0,0.088,0.0887,0.0857,0.0863,280549.8
1655618400000.0,0.0862,0.0915,0.0858,0.0886,585660.7
1655622000000.0,0.0884,0.0937,0.0883,0.0909,560099.8
1655625600000.0,0.0908,0.0927,0.0897,0.092,703394.6
1655629200000.0,0.092,0.0954,0.0917,0.0933,502232.7
1655632800000.0,0.0933,0.0953,0.0927,0.0941,761446.3
1655636400000.0,0.0942,0.0947,0.0919,0.0929,317555.1
1655640000000.0,0.0927,0.093,0.0886,0.0887,284988.0
1655643600000.0,0.0888,0.0905,0.0874,0.0877,633711.5
1655647200000.0,0.088,0.0892,0.0879,0.0892,310921.7
1655650800000.0,0.0893,0.0912,0.0888,0.091,296273.0
1655654400000.0,0.0907,0.091,0.088,0.0889,334034.4
1655658000000.0,0.089,0.0894,0.0881,0.0887,139632.1
1655661600000.0,0.0888,0.0914,0.0886,0.0914,178105.2
1655665200000.0,0.0914,0.0918,0.0901,0.0908,293840.4
1655668800000.0,0.0906,0.0938,0.09,0.0929,241088.0
1655672400000.0,0.0928,0.0928,0.0906,0.091,256075.9
1655676000000.0,0.091,0.0916,0.0891,0.0897,238608.1
1655679600000.0,0.0897,0.0906,0.0889,0.0906,101067.7
1655683200000.0,0.0905,0.0909,0.0876,0.0877,278649.8
1655686800000.0,0.0878,0.0881,0.0856,0.0863,241957.4
1655690400000.0,0.0863,0.0874,0.0856,0.0867,178117.5
1655694000000.0,0.0867,0.0881,0.0867,0.0877,148867.8
1655697600000.0,0.0875,0.0886,0.0867,0.0871,59502.3
1655701200000.0,0.0868,0.0878,0.0862,0.0878,131036.1
1655704800000.0,0.0876,0.0895,0.0868,0.0895,97269.7
1655708400000.0,0.0894,0.0897,0.0875,0.0886,91276.8
1655712000000.0,0.0885,0.0909,0.0885,0.0901,114561.4
1655715600000.0,0.09,0.0911,0.0897,0.0908,94143.4
1655719200000.0,0.0908,0.0925,0.0898,0.0923,413414.1
1655722800000.0,0.0924,0.0938,0.0907,0.0931,198239.2
1655726400000.0,0.093,0.093,0.0901,0.0912,189015.2
1655730000000.0,0.0912,0.0918,0.0896,0.0901,230022.3
1655733600000.0,0.09,0.0933,0.09,0.0928,197403.3
1655737200000.0,0.0927,0.0929,0.0901,0.0921,328399.3
1655740800000.0,0.0916,0.0919,0.0894,0.09,240377.4
1655744400000.0,0.0903,0.0909,0.088,0.088,179112.0
1655748000000.0,0.088,0.0886,0.0867,0.0883,469282.9
1655751600000.0,0.0882,0.0886,0.0872,0.0881,144673.2
1655755200000.0,0.0881,0.0893,0.0873,0.0889,101421.3
1655758800000.0,0.0891,0.0905,0.087,0.0876,477327.2
1655762400000.0,0.0875,0.0882,0.0865,0.0882,159456.4
1655766000000.0,0.0881,0.0907,0.0872,0.0898,194812.6
1655769600000.0,0.0899,0.0903,0.0877,0.0899,90898.2
1655773200000.0,0.0899,0.0905,0.0887,0.0898,427499.7
1655776800000.0,0.0899,0.0899,0.0885,0.0895,101497.5
1655780400000.0,0.0896,0.0906,0.0889,0.0901,266529.6
1655784000000.0,0.0902,0.0909,0.0892,0.0904,88068.3
1655787600000.0,0.0905,0.0919,0.0904,0.0915,242933.1
1655791200000.0,0.0915,0.0924,0.0911,0.0911,118226.8
1655794800000.0,0.0911,0.0914,0.0906,0.0911,98327.2
1655798400000.0,0.091,0.0931,0.0909,0.0925,129484.6
1655802000000.0,0.0926,0.0926,0.0907,0.0913,68843.7
1655805600000.0,0.091,0.0926,0.0906,0.0922,98446.8
1655809200000.0,0.0922,0.0927,0.0894,0.0899,113708.3
1655812800000.0,0.0899,0.0912,0.0893,0.0912,95141.5
1655816400000.0,0.0912,0.0937,0.09,0.0935,319810.4
1655820000000.0,0.0935,0.095,0.0924,0.0943,192147.9
1655823600000.0,0.0942,0.0943,0.0925,0.0933,75963.9
1655827200000.0,0.0932,0.0952,0.0927,0.0933,268456.1
1655830800000.0,0.0933,0.0939,0.0917,0.0917,151568.0
1655834400000.0,0.0917,0.0917,0.0907,0.0908,187513.1
1655838000000.0,0.0909,0.092,0.0875,0.088,565773.0
1655841600000.0,0.0879,0.0889,0.0875,0.0883,193482.8
1655845200000.0,0.0885,0.0895,0.0882,0.0889,123220.9
1655848800000.0,0.0889,0.0896,0.0878,0.0895,168272.4
1655852400000.0,0.0895,0.09,0.0871,0.088,296059.2
1655856000000.0,0.0882,0.0882,0.084,0.0854,614216.3
1655859600000.0,0.0853,0.0863,0.0837,0.0837,197599.8
1655863200000.0,0.0839,0.084,0.0827,0.0838,328895.6
1655866800000.0,0.084,0.0845,0.0828,0.0831,112840.7
1655870400000.0,0.0831,0.0847,0.0829,0.0844,195207.2
1655874000000.0,0.0843,0.0854,0.0841,0.0843,159863.5
1655877600000.0,0.0843,0.0847,0.082,0.0828,145126.4
1655881200000.0,0.0826,0.0833,0.0814,0.0818,192119.0
1655884800000.0,0.0815,0.0832,0.0812,0.0831,256550.9
1655888400000.0,0.0832,0.0841,0.083,0.0837,104942.1
1655892000000.0,0.0836,0.084,0.0832,0.0838,86390.4
1655895600000.0,0.0838,0.0846,0.0835,0.084,85979.2
1655899200000.0,0.0843,0.0846,0.0827,0.0838,165287.2
1655902800000.0,0.0837,0.0858,0.0833,0.0858,152119.3
1655906400000.0,0.0854,0.0868,0.0849,0.0851,171324.4
1655910000000.0,0.0851,0.0854,0.084,0.0843,259460.2
1655913600000.0,0.0843,0.0849,0.0828,0.0849,234397.7
1655917200000.0,0.0845,0.0855,0.0841,0.0847,192324.8
1655920800000.0,0.0847,0.0849,0.0839,0.0841,240387.8
1655924400000.0,0.084,0.0844,0.083,0.0838,156462.1
1655928000000.0,0.0839,0.0845,0.0824,0.0829,157211.3
1655931600000.0,0.0832,0.0834,0.0817,0.0832,195031.8
1655935200000.0,0.0833,0.0841,0.083,0.084,250980.3
1655938800000.0,0.084,0.0845,0.0821,0.0822,202830.0
1655942400000.0,0.0824,0.0856,0.0823,0.0851,161813.2
1655946000000.0,0.0853,0.0868,0.085,0.0855,92505.4
1655949600000.0,0.0855,0.0865,0.0851,0.0859,69814.8
1655953200000.0,0.0858,0.0859,0.0852,0.0856,23773.0
1655956800000.0,0.0855,0.0873,0.0849,0.087,78316.1
1655960400000.0,0.087,0.0895,0.0863,0.0874,226392.4
1655964000000.0,0.0874,0.0904,0.0874,0.0897,158520.0
1655967600000.0,0.0898,0.0903,0.0886,0.0889,110991.4
1655971200000.0,0.0889,0.0896,0.0887,0.0895,70044.2
1655974800000.0,0.0896,0.0913,0.0895,0.0907,158729.8
1655978400000.0,0.0907,0.0909,0.0898,0.0908,152621.4
1655982000000.0,0.0908,0.0908,0.0891,0.0896,140036.1
1655985600000.0,0.0898,0.0901,0.088,0.0887,103592.5
1655989200000.0,0.0889,0.0894,0.0875,0.0875,82322.4
1655992800000.0,0.0876,0.0889,0.0867,0.0888,86449.7
1655996400000.0,0.0887,0.0893,0.0869,0.0869,59966.5
1656000000000.0,0.0871,0.0879,0.0869,0.087,63769.2
1656003600000.0,0.087,0.0882,0.0865,0.0877,138739.4
1656007200000.0,0.088,0.0887,0.0876,0.0878,108855.9
1656010800000.0,0.0878,0.0899,0.0872,0.0896,116084.2
1656014400000.0,0.0896,0.0903,0.0891,0.0897,136019.1
1656018000000.0,0.0898,0.0945,0.0893,0.0905,322159.7
1656021600000.0,0.0906,0.0923,0.0903,0.0914,152471.6
1656025200000.0,0.0915,0.0921,0.0908,0.0912,198682.4
1656028800000.0,0.0915,0.0931,0.0915,0.0924,257730.2
1656032400000.0,0.0924,0.093,0.0915,0.092,160245.5
1656036000000.0,0.0918,0.0937,0.0914,0.0926,167575.7
1656039600000.0,0.0929,0.0939,0.092,0.0923,158946.0
1656043200000.0,0.0927,0.0931,0.0911,0.0913,84702.5
1656046800000.0,0.0914,0.0922,0.0905,0.0907,94713.5
1656050400000.0,0.0908,0.0917,0.0904,0.0911,79637.1
1656054000000.0,0.091,0.092,0.0902,0.0916,104524.0
1656057600000.0,0.0911,0.0927,0.091,0.0925,238286.2
1656061200000.0,0.0925,0.0928,0.0906,0.0911,67557.6
1656064800000.0,0.0909,0.0921,0.0909,0.0921,75205.4
1656068400000.0,0.0921,0.0937,0.092,0.0924,63572.0
1656072000000.0,0.0926,0.0944,0.0922,0.093,121009.9
1656075600000.0,0.0927,0.0928,0.0918,0.0918,96411.0
1656079200000.0,0.0921,0.0989,0.0919,0.0945,699576.0
1656082800000.0,0.0946,0.0949,0.0928,0.0941,209258.9
1656086400000.0,0.0943,0.0945,0.0927,0.0942,180088.6
1656090000000.0,0.0941,0.0951,0.0933,0.0933,129538.5
1656093600000.0,0.0935,0.0947,0.0933,0.0946,106185.4
1656097200000.0,0.0947,0.0968,0.0941,0.0959,311941.5
1656100800000.0,0.0961,0.097,0.0947,0.0954,149415.8
1656104400000.0,0.0954,0.0967,0.0952,0.0965,81257.1
1656108000000.0,0.0965,0.0975,0.096,0.0964,224350.5
1656111600000.0,0.0962,0.097,0.0954,0.0959,76342.8
1656115200000.0,0.0956,0.0956,0.0933,0.0938,237882.6
1656118800000.0,0.0941,0.0958,0.0937,0.0953,91427.2
1656122400000.0,0.0951,0.0954,0.0928,0.093,76500.2
1656126000000.0,0.0932,0.0944,0.0927,0.0941,55786.4
1656129600000.0,0.0939,0.0942,0.0931,0.0939,67340.7
1656133200000.0,0.094,0.0958,0.0936,0.0947,68113.1
1656136800000.0,0.0947,0.0955,0.0944,0.0954,193101.2
1656140400000.0,0.0955,0.0963,0.0952,0.0962,62539.0
1656144000000.0,0.0962,0.0963,0.0952,0.0952,28773.6
1656147600000.0,0.0952,0.1035,0.0952,0.1004,831268.0
1656151200000.0,0.0999,0.1002,0.0982,0.0993,339742.3
1656154800000.0,0.0992,0.1009,0.0985,0.0998,147883.2
1656158400000.0,0.0998,0.1011,0.096,0.0972,1035920.8
1656162000000.0,0.0973,0.1021,0.0966,0.0999,1187275.6
1656165600000.0,0.1,0.1011,0.0984,0.1009,84875.7
1656169200000.0,0.1004,0.1038,0.0988,0.0999,507381.6
1656172800000.0,0.0997,0.1038,0.0995,0.103,532822.2
1656176400000.0,0.103,0.1032,0.1013,0.1017,553281.8
1656180000000.0,0.1017,0.1025,0.1007,0.1025,330412.3
1656183600000.0,0.1026,0.1027,0.101,0.1015,167468.5
1656187200000.0,0.1018,0.1021,0.1008,0.1016,249069.4
1656190800000.0,0.1017,0.1054,0.1017,0.1035,790933.5
1656194400000.0,0.1035,0.1036,0.1011,0.102,297682.4
1656198000000.0,0.1017,0.1024,0.1011,0.1021,297788.6
1656201600000.0,0.1019,0.1026,0.1009,0.1015,89772.7
1656205200000.0,0.1016,0.1024,0.099,0.1004,258170.8
1656208800000.0,0.0999,0.1003,0.0985,0.0992,308070.3
1656212400000.0,0.0994,0.1003,0.0992,0.1001,60694.9
1656216000000.0,0.1002,0.1005,0.0992,0.0997,123161.7
1656219600000.0,0.0996,0.0997,0.0988,0.0993,101385.1
1656223200000.0,0.0992,0.0995,0.0982,0.0995,55734.0
1656226800000.0,0.0992,0.0994,0.0986,0.0994,80083.7
1656230400000.0,0.0995,0.1002,0.099,0.1002,59464.8
1656234000000.0,0.1002,0.1004,0.0987,0.0992,40079.7
1656237600000.0,0.0992,0.0993,0.0982,0.0988,188079.3
1656241200000.0,0.0988,0.1013,0.0988,0.101,190174.9
1656244800000.0,0.101,0.1016,0.0987,0.0987,96414.7
1656248400000.0,0.0985,0.0987,0.0964,0.0974,266518.9
1656252000000.0,0.0975,0.0985,0.0975,0.0976,78281.8
1656255600000.0,0.0975,0.0975,0.0941,0.0959,423998.2
1656259200000.0,0.0958,0.0969,0.0957,0.0961,238646.8
1656262800000.0,0.096,0.0964,0.0944,0.095,187265.9
1656266400000.0,0.0947,0.0947,0.093,0.0937,101716.4
1656270000000.0,0.0938,0.095,0.0937,0.0949,90673.5
1656273600000.0,0.0949,0.0965,0.0949,0.0964,96288.0
1656277200000.0,0.0963,0.0963,0.0952,0.0956,115812.6
1656280800000.0,0.0956,0.0956,0.0897,0.0909,425337.4
1656284400000.0,0.0908,0.0917,0.0897,0.0905,354596.8
1656288000000.0,0.0904,0.093,0.0902,0.0918,521398.1
1656291600000.0,0.0917,0.0925,0.0911,0.0924,136013.6
1656295200000.0,0.0924,0.0937,0.0921,0.0934,91113.7
1656298800000.0,0.0931,0.0938,0.0929,0.0938,290459.1
1656302400000.0,0.0938,0.0943,0.093,0.0941,138991.2
1656306000000.0,0.0938,0.0941,0.0926,0.0933,34029.0
1656309600000.0,0.0933,0.0948,0.0929,0.0947,85073.2
1656313200000.0,0.0947,0.0955,0.0946,0.0952,135610.8
1656316800000.0,0.0952,0.0959,0.0949,0.0958,72681.9
1656320400000.0,0.0959,0.0962,0.0955,0.0956,108133.7
1656324000000.0,0.0955,0.0956,0.0946,0.0951,108412.3
1656327600000.0,0.0951,0.0951,0.0932,0.094,126993.5
1656331200000.0,0.0941,0.0943,0.0928,0.0933,145882.5
1656334800000.0,0.0933,0.094,0.0903,0.0904,130281.8
1656338400000.0,0.0904,0.0919,0.0897,0.0918,364673.7
1656342000000.0,0.0916,0.0919,0.0906,0.0913,252536.5
1656345600000.0,0.0911,0.0917,0.0904,0.0917,48749.2
1656349200000.0,0.0916,0.0922,0.0906,0.0907,231554.1
1656352800000.0,0.0906,0.0927,0.0897,0.0913,214420.6
1656356400000.0,0.0912,0.0912,0.0897,0.0908,258480.2
1656360000000.0,0.0907,0.0924,0.0905,0.0919,203543.0
1656363600000.0,0.0919,0.0923,0.0912,0.0916,49164.0
1656367200000.0,0.0914,0.094,0.0914,0.0934,112024.1
1656370800000.0,0.0933,0.0942,0.0918,0.092,87148.6
1656374400000.0,0.0918,0.0948,0.0917,0.0942,145423.0
1656378000000.0,0.0943,0.0943,0.091,0.0912,139094.8
1656381600000.0,0.0911,0.0914,0.09,0.091,144989.2
1656385200000.0,0.0913,0.092,0.091,0.092,54231.0
1656388800000.0,0.092,0.0928,0.0913,0.0928,46843.9
1656392400000.0,0.0927,0.0933,0.0916,0.0919,81812.6
1656396000000.0,0.092,0.0944,0.0919,0.0935,207523.0
1656399600000.0,0.0935,0.0943,0.0926,0.0926,87030.7
1656403200000.0,0.0931,0.0942,0.0921,0.0942,98875.6
1656406800000.0,0.0943,0.0944,0.093,0.093,163724.8
1656410400000.0,0.093,0.093,0.0922,0.0927,31401.9
1656414000000.0,0.0927,0.0937,0.0922,0.0929,83465.4
1656417600000.0,0.0929,0.0941,0.0929,0.093,89890.3
1656421200000.0,0.0931,0.0947,0.0927,0.094,97390.6
1656424800000.0,0.0939,0.0939,0.0915,0.0925,86270.8
1656428400000.0,0.0921,0.0925,0.091,0.091,73606.4
1656432000000.0,0.0911,0.0918,0.0907,0.091,57794.1
1656435600000.0,0.0912,0.0914,0.0903,0.0904,51464.9
1656439200000.0,0.0903,0.0908,0.0884,0.0901,388712.8
1656442800000.0,0.0901,0.0905,0.0899,0.0903,64267.2
1656446400000.0,0.0901,0.0909,0.0898,0.0905,261346.2
1656450000000.0,0.0904,0.0908,0.0902,0.0907,70831.2
1656453600000.0,0.0906,0.0906,0.0884,0.0885,87679.8
1656457200000.0,0.0884,0.0887,0.0877,0.0884,256105.9
1656460800000.0,0.0882,0.0897,0.0879,0.0891,294634.0
1656464400000.0,0.0891,0.0898,0.0887,0.0895,75147.6
1656468000000.0,0.0894,0.09,0.089,0.0898,61350.1
1656471600000.0,0.0898,0.0902,0.0893,0.0893,76892.0
1656475200000.0,0.0893,0.09,0.089,0.0896,54644.4
1656478800000.0,0.0897,0.0903,0.0884,0.089,135736.3
1656482400000.0,0.089,0.0893,0.0879,0.0892,77278.5
1656486000000.0,0.0888,0.0932,0.0888,0.0921,381951.0
1656489600000.0,0.092,0.0956,0.0919,0.0932,417533.7
1656493200000.0,0.0931,0.0948,0.0931,0.0935,282948.9
1656496800000.0,0.0935,0.0942,0.0932,0.0939,140210.9
1656500400000.0,0.0939,0.0942,0.0915,0.0939,331141.9
1656504000000.0,0.094,0.0941,0.0916,0.0922,180309.8
1656507600000.0,0.0923,0.0947,0.0919,0.0943,123901.2
1656511200000.0,0.0944,0.0951,0.0937,0.0946,170241.1
1656514800000.0,0.0946,0.0951,0.093,0.0938,115440.0
1656518400000.0,0.0937,0.0937,0.0919,0.0922,152099.9
1656522000000.0,0.0921,0.0933,0.0909,0.0932,174114.9
1656525600000.0,0.0932,0.0941,0.0923,0.0929,140667.9
1656529200000.0,0.0928,0.094,0.0925,0.094,56909.3
1656532800000.0,0.0941,0.095,0.0935,0.094,116482.1
1656536400000.0,0.094,0.0947,0.0935,0.0935,70897.7
1656540000000.0,0.0937,0.0939,0.0925,0.0928,84034.5
1656543600000.0,0.0928,0.0928,0.091,0.0923,200427.7
1656547200000.0,0.0924,0.0932,0.0911,0.0913,150934.1
1656550800000.0,0.0913,0.0922,0.09,0.0906,336214.5
1656554400000.0,0.0905,0.0924,0.0903,0.0921,96493.7
1656558000000.0,0.092,0.0923,0.0915,0.092,175267.7
1656561600000.0,0.0918,0.0926,0.091,0.0914,89790.1
1656565200000.0,0.0915,0.0918,0.0903,0.0905,122240.0
1656568800000.0,0.0907,0.0908,0.0881,0.0882,202032.0
1656572400000.0,0.0885,0.0885,0.085,0.0851,267747.0
1656576000000.0,0.085,0.0855,0.0841,0.0846,107815.3
1656579600000.0,0.0845,0.0851,0.0825,0.0846,265561.0
1656583200000.0,0.0846,0.0849,0.0834,0.0845,284461.2
1656586800000.0,0.0845,0.0852,0.0838,0.085,95161.8
1656590400000.0,0.0851,0.0865,0.0846,0.0861,561325.4
1656594000000.0,0.086,0.0862,0.0829,0.0834,186369.0
1656597600000.0,0.0834,0.0848,0.0833,0.0845,105211.6
1656601200000.0,0.0846,0.0855,0.0844,0.0847,86803.9
1656604800000.0,0.0849,0.0868,0.0846,0.0854,105079.5
1656608400000.0,0.0855,0.0857,0.0846,0.0849,84365.1
1656612000000.0,0.0848,0.0848,0.0836,0.0839,119126.9
1656615600000.0,0.0841,0.0849,0.0833,0.0847,74886.8
1656619200000.0,0.0847,0.0852,0.0831,0.0841,117976.3
1656622800000.0,0.0841,0.0849,0.0839,0.0843,60288.5
1656626400000.0,0.0843,0.0856,0.0839,0.0853,66167.0
1656630000000.0,0.0855,0.0866,0.0833,0.0864,229144.8
1656633600000.0,0.0864,0.0899,0.086,0.0891,344546.4
1656637200000.0,0.0893,0.0907,0.0891,0.0904,126275.4
1656640800000.0,0.0905,0.0911,0.0901,0.0907,67548.8
1656644400000.0,0.0905,0.0905,0.0866,0.0873,163298.8
1656648000000.0,0.087,0.0878,0.0859,0.0862,55919.9
1656651600000.0,0.086,0.0884,0.0859,0.0875,62585.3
1656655200000.0,0.0874,0.0879,0.0866,0.0874,51913.5
1656658800000.0,0.0874,0.0902,0.087,0.0893,50548.1
1656662400000.0,0.0892,0.09,0.0885,0.0889,70751.7
1656666000000.0,0.0889,0.0891,0.0866,0.0871,114540.0
1656669600000.0,0.0868,0.087,0.0842,0.0842,74798.6
1656673200000.0,0.0841,0.0852,0.0836,0.0852,256267.1
1656676800000.0,0.0852,0.0856,0.0844,0.0845,246630.9
1656680400000.0,0.0846,0.0864,0.0842,0.0859,195629.5
1656684000000.0,0.086,0.0867,0.0849,0.0863,225305.1
1656687600000.0,0.0865,0.0874,0.0852,0.0858,210123.9
1656691200000.0,0.0858,0.0868,0.0858,0.0862,66484.4
1656694800000.0,0.0862,0.0866,0.0854,0.0863,47616.2
1656698400000.0,0.0865,0.0867,0.0857,0.0858,62722.6
1656702000000.0,0.0859,0.0865,0.0854,0.0865,39329.7
1656705600000.0,0.0866,0.0879,0.0861,0.0864,290028.6
1656709200000.0,0.0864,0.0865,0.0847,0.0856,57843.3
1656712800000.0,0.0857,0.086,0.0847,0.0851,73446.8
1656716400000.0,0.085,0.086,0.0844,0.0852,71393.6
1656720000000.0,0.0848,0.0859,0.0841,0.0841,137535.9
1656723600000.0,0.084,0.0851,0.0839,0.0843,71543.5
1656727200000.0,0.0842,0.0848,0.0833,0.0839,43882.8
1656730800000.0,0.0838,0.0838,0.0828,0.0834,65515.9
1656734400000.0,0.0835,0.0844,0.0833,0.0841,29470.4
1656738000000.0,0.084,0.0849,0.084,0.0848,53878.5
1656741600000.0,0.0848,0.0852,0.0842,0.0845,30917.8
1656745200000.0,0.0845,0.0852,0.0842,0.0846,42705.1
1656748800000.0,0.0845,0.0848,0.0832,0.0835,94711.6
1656752400000.0,0.0838,0.0838,0.0823,0.0835,120927.9
1656756000000.0,0.0835,0.0837,0.0828,0.0834,49860.2
1656759600000.0,0.0836,0.0839,0.0827,0.0829,78171.4
1656763200000.0,0.0829,0.0841,0.0824,0.0839,263131.9
1656766800000.0,0.0839,0.084,0.0828,0.0831,87348.7
1656770400000.0,0.083,0.0839,0.083,0.083,176828.5
1656774000000.0,0.0831,0.0832,0.082,0.0826,85258.3
1656777600000.0,0.0824,0.084,0.0824,0.084,30353.2
1656781200000.0,0.084,0.0843,0.0835,0.0839,61389.6
1656784800000.0,0.0842,0.0849,0.0838,0.0847,31654.6
1656788400000.0,0.0846,0.085,0.0841,0.0846,79287.8
1656792000000.0,0.0848,0.0848,0.0841,0.0842,58872.6
1656795600000.0,0.0842,0.0847,0.0842,0.0847,25500.8
1656799200000.0,0.0847,0.085,0.0846,0.0849,68434.5
1656802800000.0,0.0848,0.0848,0.084,0.0841,146599.5
1656806400000.0,0.0844,0.0849,0.0837,0.0842,425635.3
1656810000000.0,0.0841,0.0845,0.0833,0.0838,67185.3
1656813600000.0,0.0839,0.0849,0.0839,0.0845,84097.6
1656817200000.0,0.0844,0.0849,0.0842,0.0846,107337.3
1656820800000.0,0.0847,0.0871,0.0831,0.0851,612053.0
1656824400000.0,0.0851,0.0858,0.0833,0.0834,77601.8
1656828000000.0,0.0834,0.0845,0.0832,0.0842,81790.9
1656831600000.0,0.0843,0.0854,0.0838,0.0846,35498.4
1656835200000.0,0.0848,0.0851,0.0844,0.0848,13046.7
1656838800000.0,0.0846,0.0872,0.0845,0.0872,61718.3
1656842400000.0,0.0872,0.0889,0.0871,0.088,275008.2
1656846000000.0,0.0879,0.0892,0.087,0.0877,284984.8
1656849600000.0,0.0876,0.0877,0.0854,0.0862,818570.1
1656853200000.0,0.0861,0.0869,0.0857,0.0858,219071.1
1656856800000.0,0.0858,0.087,0.0856,0.0865,98816.9
1656860400000.0,0.0866,0.0894,0.0863,0.0863,699531.3
1656864000000.0,0.0867,0.0871,0.0859,0.0867,29106.0
1656867600000.0,0.0867,0.0874,0.0867,0.0871,27337.5
1656871200000.0,0.0872,0.0877,0.0868,0.0874,67920.8
1656874800000.0,0.0874,0.0886,0.0874,0.0886,53703.1
1656878400000.0,0.0885,0.0886,0.0875,0.088,27277.8
1656882000000.0,0.088,0.0881,0.0871,0.0877,215367.5
1656885600000.0,0.0875,0.088,0.0868,0.0873,55564.3
1656889200000.0,0.0872,0.0878,0.0866,0.0873,49996.4
1656892800000.0,0.0872,0.0882,0.0868,0.0877,91668.4
1656896400000.0,0.0877,0.0881,0.0869,0.0878,45330.9
1656900000000.0,0.0879,0.0905,0.0857,0.086,1731088.8
1656903600000.0,0.0858,0.0863,0.0854,0.086,79419.5
1656907200000.0,0.0859,0.0868,0.0857,0.0867,35152.5
1656910800000.0,0.0869,0.0873,0.0864,0.0868,39039.0
1656914400000.0,0.0868,0.0874,0.0858,0.0863,57130.6
1656918000000.0,0.0866,0.0867,0.0861,0.0863,42816.6
1656921600000.0,0.0866,0.0872,0.0861,0.0861,29206.2
1656925200000.0,0.0862,0.0873,0.0862,0.0872,27250.6
1656928800000.0,0.0873,0.0876,0.087,0.0872,73389.7
1656932400000.0,0.0871,0.0889,0.0871,0.0885,114485.1
1656936000000.0,0.0888,0.093,0.0881,0.0903,1016572.8
1656939600000.0,0.0905,0.091,0.0896,0.0899,276183.4
1656943200000.0,0.0899,0.0904,0.0897,0.0903,227235.2
1656946800000.0,0.0903,0.0922,0.0901,0.0905,221154.2
1656950400000.0,0.0904,0.0908,0.0894,0.0903,147853.1
1656954000000.0,0.0901,0.0917,0.0897,0.0911,263551.9
1656957600000.0,0.091,0.0915,0.0907,0.0915,98016.3
1656961200000.0,0.0915,0.0917,0.0904,0.0911,121810.0
1656964800000.0,0.0911,0.0913,0.0902,0.0909,42867.8
1656968400000.0,0.0908,0.0927,0.0907,0.0921,69298.6
1656972000000.0,0.0921,0.0928,0.0916,0.0921,66978.3
1656975600000.0,0.0926,0.093,0.0919,0.0919,113606.6
1656979200000.0,0.0918,0.0931,0.0918,0.093,29514.9
1656982800000.0,0.0932,0.0933,0.0924,0.093,31953.6
1656986400000.0,0.0932,0.0934,0.0925,0.0928,44696.9
1656990000000.0,0.0929,0.0933,0.0926,0.0931,35691.4
1656993600000.0,0.093,0.093,0.0916,0.0928,25149.0
1656997200000.0,0.0928,0.0945,0.0925,0.0937,88928.9
1657000800000.0,0.0937,0.0942,0.0935,0.0936,16684.8
1657004400000.0,0.0937,0.0937,0.0922,0.0924,37252.2
1657008000000.0,0.0921,0.0921,0.0897,0.0901,120220.4
1657011600000.0,0.0901,0.0906,0.0887,0.089,260470.8
1657015200000.0,0.089,0.0899,0.0889,0.0897,229243.7
1657018800000.0,0.0896,0.0904,0.0887,0.0888,26347.1
1657022400000.0,0.0887,0.0887,0.0861,0.0869,252254.6
1657026000000.0,0.0867,0.0881,0.0867,0.0872,72332.9
1657029600000.0,0.0874,0.088,0.0872,0.0874,84873.4
1657033200000.0,0.0873,0.0883,0.0866,0.0883,85643.9
1657036800000.0,0.088,0.0889,0.0876,0.0877,57369.1
1657040400000.0,0.0876,0.0884,0.0873,0.0879,56267.3
1657044000000.0,0.0878,0.0899,0.0877,0.0894,66098.1
1657047600000.0,0.0897,0.0906,0.0893,0.0902,263553.2
1657051200000.0,0.0902,0.0911,0.0901,0.0903,189821.6
1657054800000.0,0.0904,0.0905,0.0892,0.09,202683.5
1657058400000.0,0.09,0.0902,0.0887,0.09,100539.6
1657062000000.0,0.0901,0.0906,0.0882,0.0883,397943.4
1657065600000.0,0.0889,0.0899,0.0881,0.0893,33482.8
1657069200000.0,0.0894,0.0896,0.0869,0.0874,134854.5
1657072800000.0,0.0875,0.0885,0.0875,0.088,1957382.8
1657076400000.0,0.0878,0.09,0.0876,0.0899,52218.5
1657080000000.0,0.09,0.0908,0.0896,0.0898,160837.0
1657083600000.0,0.0898,0.0906,0.0891,0.0896,41671.0
1657087200000.0,0.0894,0.09,0.0889,0.0899,40011.3
1657090800000.0,0.0899,0.0901,0.0893,0.0893,117204.8
1657094400000.0,0.0897,0.0907,0.0897,0.0902,152932.6
1657098000000.0,0.09,0.0903,0.0898,0.0899,147882.1
1657101600000.0,0.0899,0.0901,0.0891,0.0893,72030.7
1657105200000.0,0.0894,0.0898,0.0891,0.0896,50978.1
1657108800000.0,0.0891,0.0902,0.089,0.0902,43807.8
1657112400000.0,0.0901,0.0909,0.0896,0.0904,127033.2
1657116000000.0,0.0906,0.0907,0.0899,0.0906,21235.6
1657119600000.0,0.0904,0.0905,0.0896,0.0898,36369.8
1657123200000.0,0.09,0.0902,0.0894,0.0902,95452.9
1657126800000.0,0.0903,0.0903,0.0894,0.0899,75212.6
1657130400000.0,0.0899,0.0907,0.0893,0.0903,150495.7
1657134000000.0,0.0903,0.0908,0.0898,0.0902,31533.2
1657137600000.0,0.0901,0.0905,0.0897,0.0904,72751.9
1657141200000.0,0.0904,0.0905,0.0902,0.0905,37090.9
1657144800000.0,0.0903,0.0911,0.0903,0.0907,36310.5
1657148400000.0,0.0909,0.0911,0.0899,0.09,18371.2
1657152000000.0,0.0898,0.0911,0.0898,0.0901,4956792.8
1657155600000.0,0.0901,0.0907,0.0898,0.0907,420345.7
1657159200000.0,0.0907,0.0907,0.0898,0.0903,78671.0
1657162800000.0,0.0903,0.0906,0.09,0.0906,88109.9
1657166400000.0,0.0906,0.0907,0.09,0.0902,320495.0
1657170000000.0,0.0901,0.0905,0.0896,0.0897,45211.1
1657173600000.0,0.0897,0.0901,0.0897,0.0901,28266.4
1657177200000.0,0.0901,0.0919,0.0901,0.0912,63030.5
1657180800000.0,0.0911,0.0921,0.091,0.0917,280914.5
1657184400000.0,0.0917,0.0918,0.0911,0.0912,203405.9
1657188000000.0,0.0911,0.0912,0.0903,0.0903,40077.6
1657191600000.0,0.0906,0.0909,0.0902,0.0904,86421.4
1657195200000.0,0.0905,0.0911,0.0902,0.0908,135836.1
1657198800000.0,0.0909,0.0913,0.0904,0.0912,44594.0
1657202400000.0,0.0911,0.0926,0.0909,0.0926,161723.3
1657206000000.0,0.0925,0.0926,0.0915,0.0918,20447.5
1657209600000.0,0.092,0.093,0.0917,0.0926,77240.0
1657213200000.0,0.0926,0.0926,0.0916,0.0917,118080.1
1657216800000.0,0.0918,0.0928,0.0918,0.0927,221378.7
1657220400000.0,0.0925,0.0933,0.0925,0.0929,33298.6
1657224000000.0,0.0927,0.0927,0.0921,0.0921,57861.6
1657227600000.0,0.0921,0.0924,0.0917,0.092,19985.1
1657231200000.0,0.092,0.0922,0.0913,0.092,134154.4
1657234800000.0,0.0918,0.0928,0.0917,0.0925,35215.5
1657238400000.0,0.0925,0.097,0.0925,0.0967,651944.1
1657242000000.0,0.0965,0.0972,0.0946,0.0946,185285.6
1657245600000.0,0.0946,0.0948,0.0935,0.0938,50021.7
1657249200000.0,0.094,0.095,0.0936,0.095,96420.2
1657252800000.0,0.0949,0.0952,0.094,0.094,97876.7
1657256400000.0,0.0943,0.0948,0.0925,0.0932,112921.5
1657260000000.0,0.0932,0.0941,0.0932,0.094,37423.2
1657263600000.0,0.0938,0.0943,0.0931,0.0935,36002.6
1657267200000.0,0.0937,0.094,0.0919,0.0919,32713.1
1657270800000.0,0.0919,0.0919,0.0904,0.0917,202533.9
1657274400000.0,0.0916,0.0924,0.0915,0.0915,20098.5
1657278000000.0,0.0919,0.0926,0.0919,0.0926,9179.8
1657281600000.0,0.0926,0.0929,0.0911,0.0917,112100.7
1657285200000.0,0.0917,0.0918,0.091,0.0912,124152.5
1657288800000.0,0.0915,0.093,0.0914,0.0928,39651.4
1657292400000.0,0.0928,0.0937,0.0924,0.0929,53467.2
1657296000000.0,0.0929,0.0929,0.0919,0.0923,35786.3
1657299600000.0,0.0921,0.0928,0.092,0.0926,38183.1
1657303200000.0,0.0925,0.0935,0.0925,0.0927,54379.7
1657306800000.0,0.0927,0.0935,0.0927,0.0933,24948.9
1657310400000.0,0.0932,0.0937,0.0929,0.0935,27976.6
1657314000000.0,0.0935,0.0941,0.0927,0.0927,35658.7
1657317600000.0,0.0929,0.0934,0.0928,0.0931,33522.9
1657321200000.0,0.0932,0.0945,0.0925,0.0925,95510.2
1657324800000.0,0.0927,0.0938,0.0927,0.0929,25697.5
1657328400000.0,0.093,0.0935,0.0924,0.0927,131789.9
1657332000000.0,0.0928,0.0937,0.0928,0.0933,48244.1
1657335600000.0,0.0931,0.0938,0.0924,0.0938,76238.1
1657339200000.0,0.0937,0.0941,0.0932,0.094,71892.1
1657342800000.0,0.0942,0.0945,0.0939,0.0941,79775.7
1657346400000.0,0.0941,0.0957,0.0941,0.0955,56291.0
1657350000000.0,0.0956,0.096,0.0951,0.0951,61544.0
1657353600000.0,0.0955,0.0955,0.0949,0.0953,22419.5
1657357200000.0,0.0953,0.0956,0.0947,0.0955,113790.4
1657360800000.0,0.0955,0.0972,0.0955,0.0967,32033.8
1657364400000.0,0.0967,0.0967,0.0947,0.0949,68878.6
1657368000000.0,0.0951,0.0971,0.0951,0.0962,823183.1
1657371600000.0,0.0962,0.0967,0.0956,0.0962,26901.7
1657375200000.0,0.0961,0.0967,0.0957,0.0961,54116.9
1657378800000.0,0.0961,0.0963,0.0956,0.0959,31758.9
1657382400000.0,0.0957,0.0968,0.0957,0.0968,22551.0
1657386000000.0,0.0968,0.098,0.0967,0.098,132854.9
1657389600000.0,0.0981,0.0982,0.097,0.0971,36521.8
1657393200000.0,0.0974,0.0974,0.0964,0.0965,38345.6
1657396800000.0,0.0963,0.0978,0.0961,0.0977,53157.5
1657400400000.0,0.0976,0.0981,0.0975,0.0976,119167.0
1657404000000.0,0.0978,0.1029,0.0978,0.1024,444368.6
1657407600000.0,0.1025,0.1044,0.1011,0.1016,2665302.2
1657411200000.0,0.1012,0.1021,0.0979,0.0988,328979.6
1657414800000.0,0.0989,0.0994,0.0986,0.0986,93747.8
1657418400000.0,0.0986,0.0996,0.0968,0.0977,188852.6
1657422000000.0,0.0976,0.0979,0.0966,0.0971,101172.8
1657425600000.0,0.0972,0.0975,0.0963,0.0972,146520.7
1657429200000.0,0.0973,0.0984,0.0973,0.0984,73203.4
1657432800000.0,0.0979,0.0983,0.0975,0.098,60987.1
1657436400000.0,0.098,0.1004,0.0978,0.1,47602.5
1657440000000.0,0.0999,0.1037,0.0998,0.1036,260667.1
1657443600000.0,0.1037,0.1042,0.1016,0.1016,596005.8
1657447200000.0,0.1017,0.1024,0.1007,0.1008,170705.0
1657450800000.0,0.101,0.1012,0.0989,0.1012,1000335.3
1657454400000.0,0.1012,0.1014,0.1002,0.1007,75403.7
1657458000000.0,0.1006,0.1008,0.0984,0.0985,606301.1
1657461600000.0,0.0984,0.0984,0.0962,0.0965,329191.6
1657465200000.0,0.0964,0.0975,0.0947,0.0956,473967.9
1657468800000.0,0.0956,0.0964,0.0946,0.0962,94358.4
1657472400000.0,0.096,0.0972,0.096,0.0972,26322.3
1657476000000.0,0.0972,0.0977,0.0965,0.0968,45361.4
1657479600000.0,0.0967,0.0978,0.0957,0.0975,158103.8
1657483200000.0,0.0973,0.0973,0.0963,0.0969,121117.0
1657486800000.0,0.0968,0.0977,0.0966,0.0966,38434.1
1657490400000.0,0.0963,0.0963,0.0954,0.096,209938.6
1657494000000.0,0.0957,0.0961,0.0952,0.0952,80289.0
1657497600000.0,0.0952,0.0955,0.0936,0.0953,92937.0
1657501200000.0,0.0951,0.0953,0.0927,0.0937,289024.9
1657504800000.0,0.0938,0.0943,0.0931,0.0938,30088.3
1657508400000.0,0.0939,0.0947,0.0938,0.0942,54305.5
1657512000000.0,0.0942,0.0942,0.0935,0.094,22517.3
1657515600000.0,0.0941,0.0944,0.093,0.093,112339.4
1657519200000.0,0.093,0.0932,0.0909,0.0912,144099.9
1657522800000.0,0.0912,0.092,0.0911,0.0916,57391.4
1657526400000.0,0.0917,0.0917,0.0898,0.091,221796.8
1657530000000.0,0.0909,0.092,0.0909,0.0915,90989.9
1657533600000.0,0.0918,0.0927,0.0917,0.092,85283.8
1657537200000.0,0.0921,0.0924,0.0915,0.0916,91068.0
1657540800000.0,0.0914,0.0922,0.0906,0.0919,108495.6
1657544400000.0,0.092,0.0921,0.0901,0.0902,75979.6
1657548000000.0,0.0901,0.0905,0.0897,0.0899,40899.1
1657551600000.0,0.0899,0.0903,0.0891,0.09,213174.0
1657555200000.0,0.09,0.0907,0.0897,0.0897,24008.1
1657558800000.0,0.0899,0.0906,0.0898,0.0904,92055.8
1657562400000.0,0.0903,0.0907,0.0901,0.0902,54699.8
1657566000000.0,0.0902,0.0902,0.0893,0.0897,40441.2
1657569600000.0,0.0897,0.0899,0.0887,0.0888,247769.1
1657573200000.0,0.0889,0.089,0.0862,0.0868,742227.6
1657576800000.0,0.0869,0.0869,0.0846,0.0847,212290.9
1657580400000.0,0.0846,0.0853,0.0837,0.0844,130490.9
1657584000000.0,0.0842,0.0855,0.084,0.0847,50234.0
1657587600000.0,0.0849,0.0852,0.0843,0.0846,98273.6
1657591200000.0,0.0848,0.0856,0.0848,0.0856,22477.2
1657594800000.0,0.0855,0.0856,0.0844,0.0848,24266.5
1657598400000.0,0.0853,0.0859,0.0851,0.0858,60499.8
1657602000000.0,0.0858,0.0866,0.0857,0.0858,41481.9
1657605600000.0,0.0859,0.0861,0.0855,0.0861,20847.9
1657609200000.0,0.0861,0.0861,0.0846,0.0853,51623.7
1657612800000.0,0.0855,0.0857,0.0851,0.0855,18027.8
1657616400000.0,0.0856,0.0857,0.084,0.0843,22135.4
1657620000000.0,0.0843,0.0848,0.0842,0.0846,46296.3
1657623600000.0,0.0845,0.0858,0.0844,0.0857,24749.1
1657627200000.0,0.0857,0.0862,0.0856,0.0857,20016.0
1657630800000.0,0.0858,0.0864,0.0853,0.0855,78674.5
1657634400000.0,0.0857,0.0863,0.0854,0.0863,29886.9
1657638000000.0,0.0863,0.0872,0.0863,0.0869,56860.5
1657641600000.0,0.0871,0.0884,0.0871,0.0873,87482.3
1657645200000.0,0.0872,0.0874,0.0864,0.0869,16807.4
1657648800000.0,0.0867,0.0867,0.0852,0.0853,55716.0
1657652400000.0,0.0853,0.0858,0.0843,0.0847,51034.1
1657656000000.0,0.0848,0.0856,0.0843,0.0846,420887.3
1657659600000.0,0.0846,0.0852,0.0845,0.0846,26492.3
1657663200000.0,0.0845,0.0855,0.0842,0.085,76643.5
1657666800000.0,0.0851,0.0856,0.0837,0.0842,48134.2
1657670400000.0,0.0837,0.0842,0.0827,0.084,128093.5
1657674000000.0,0.0844,0.0845,0.0837,0.0842,54171.4
1657677600000.0,0.0844,0.0852,0.0844,0.085,120330.0
1657681200000.0,0.085,0.0853,0.0846,0.0848,143502.8
1657684800000.0,0.0848,0.0857,0.0848,0.0854,79724.4
1657688400000.0,0.0853,0.0858,0.0848,0.0856,47037.8
1657692000000.0,0.0854,0.0854,0.0848,0.0852,33349.6
1657695600000.0,0.0852,0.0859,0.0849,0.0859,36177.9
1657699200000.0,0.086,0.0866,0.0856,0.0859,26375.3
1657702800000.0,0.0861,0.0864,0.0853,0.0853,16934.1
1657706400000.0,0.0851,0.0851,0.0844,0.0844,12673.9
1657710000000.0,0.0843,0.0857,0.0843,0.0856,97607.4
1657713600000.0,0.0856,0.0866,0.0773,0.0801,386342.3
1657717200000.0,0.0804,0.0815,0.0794,0.0809,631230.2
1657720800000.0,0.0811,0.084,0.0811,0.0832,1226993.4
1657724400000.0,0.0831,0.0844,0.0829,0.0829,82513.2
1657728000000.0,0.0829,0.0839,0.0819,0.0837,157739.8
1657731600000.0,0.0837,0.0855,0.0837,0.0852,210971.2
1657735200000.0,0.085,0.0852,0.0845,0.0848,143018.2
1657738800000.0,0.085,0.0851,0.0843,0.0843,66564.0
1657742400000.0,0.0845,0.0845,0.0838,0.0841,45761.1
1657746000000.0,0.0841,0.0858,0.084,0.0856,20122.7
1657749600000.0,0.0856,0.0864,0.085,0.0857,928287.9
1657753200000.0,0.0857,0.0878,0.0857,0.0875,229206.7
1657756800000.0,0.0875,0.0875,0.0865,0.0874,351214.5
1657760400000.0,0.0874,0.0881,0.087,0.0873,101064.3
1657764000000.0,0.0872,0.088,0.087,0.0876,380451.7
1657767600000.0,0.0877,0.0885,0.0874,0.0879,103725.9
1657771200000.0,0.0879,0.0882,0.0866,0.0869,165292.8
1657774800000.0,0.0869,0.0878,0.0869,0.0873,81493.5
1657778400000.0,0.0873,0.0873,0.0865,0.087,25144.4
1657782000000.0,0.0867,0.087,0.0866,0.0868,23692.4
1657785600000.0,0.0868,0.0868,0.0855,0.0855,7333.8
1657789200000.0,0.0854,0.0854,0.0845,0.0851,40083.7
1657792800000.0,0.0852,0.0854,0.0849,0.0854,3515.5
1657796400000.0,0.0852,0.086,0.0848,0.0859,32608.3
1657800000000.0,0.0858,0.0864,0.0854,0.0861,22952.0
1657803600000.0,0.086,0.0861,0.0854,0.0855,52282.1
1657807200000.0,0.0856,0.0864,0.0848,0.0864,259060.0
1657810800000.0,0.0865,0.0881,0.0865,0.088,50502.2
1657814400000.0,0.0882,0.0893,0.0873,0.0875,831087.0
1657818000000.0,0.0876,0.0897,0.087,0.0897,256135.0
1657821600000.0,0.0896,0.0897,0.0884,0.0893,403851.4
1657825200000.0,0.0892,0.0896,0.0884,0.0884,57266.3
1657828800000.0,0.0886,0.0889,0.088,0.0887,38236.6
1657832400000.0,0.0886,0.0888,0.0878,0.0878,16637.8
1657836000000.0,0.0875,0.0882,0.0873,0.0881,50167.7
1657839600000.0,0.0882,0.0901,0.0879,0.0892,661591.8
1657843200000.0,0.0892,0.0893,0.0884,0.0887,297048.6
1657846800000.0,0.0888,0.0912,0.0884,0.0912,727287.7
1657850400000.0,0.0912,0.0912,0.0888,0.0892,249941.2
1657854000000.0,0.0892,0.0904,0.0892,0.0903,103882.7
1657857600000.0,0.0903,0.0906,0.0894,0.0896,73361.5
1657861200000.0,0.0897,0.0903,0.0893,0.0902,45121.3
1657864800000.0,0.0903,0.0908,0.0894,0.0897,158592.9
1657868400000.0,0.0895,0.0904,0.0895,0.0904,265648.1
1657872000000.0,0.0903,0.0927,0.0903,0.092,194103.0
1657875600000.0,0.0921,0.0942,0.0916,0.092,218788.5
1657879200000.0,0.0919,0.092,0.0912,0.0919,103020.9
1657882800000.0,0.092,0.0935,0.0916,0.0917,159549.4
1657886400000.0,0.0916,0.0949,0.0913,0.0939,177797.5
1657890000000.0,0.0939,0.0943,0.0916,0.0924,123498.3
1657893600000.0,0.0923,0.0927,0.0911,0.0918,207475.5
1657897200000.0,0.0916,0.0918,0.0892,0.0896,332708.4
1657900800000.0,0.0892,0.0917,0.0884,0.0895,546499.8
1657904400000.0,0.0895,0.0905,0.0894,0.0895,110151.3
1657908000000.0,0.0897,0.0918,0.0896,0.0917,43022.6
1657911600000.0,0.0917,0.0927,0.0909,0.0927,173285.5
1657915200000.0,0.0924,0.0932,0.0903,0.0909,193794.6
1657918800000.0,0.0908,0.0914,0.0899,0.0913,50147.4
1657922400000.0,0.0914,0.0923,0.0907,0.0919,188744.5
1657926000000.0,0.092,0.092,0.0905,0.0913,92895.8
1657929600000.0,0.0915,0.0915,0.0895,0.0898,93690.1
1657933200000.0,0.0898,0.0906,0.0897,0.09,36200.0
1657936800000.0,0.0902,0.0904,0.0893,0.0899,45068.6
1657940400000.0,0.0899,0.09,0.0896,0.0899,9512.7
1657944000000.0,0.09,0.0902,0.0893,0.0902,23785.1
1657947600000.0,0.0902,0.0903,0.0892,0.0892,176823.1
1657951200000.0,0.0891,0.0893,0.0886,0.0889,24684.5
1657954800000.0,0.0889,0.0893,0.0883,0.0883,66773.8
1657958400000.0,0.0882,0.0891,0.0882,0.0887,4882.9
1657962000000.0,0.0886,0.0889,0.0881,0.0888,17431.3
1657965600000.0,0.0886,0.0892,0.0886,0.0891,3714.6
1657969200000.0,0.089,0.0899,0.0889,0.0893,21088.8
1657972800000.0,0.0892,0.0917,0.0892,0.0911,74494.6
1657976400000.0,0.0911,0.0935,0.0909,0.0915,408016.5
1657980000000.0,0.0914,0.0923,0.0909,0.0923,82979.3
1657983600000.0,0.092,0.093,0.0915,0.093,173984.0
1657987200000.0,0.0928,0.0946,0.0927,0.0937,625722.5
1657990800000.0,0.0937,0.0942,0.092,0.0923,318234.1
1657994400000.0,0.0927,0.0933,0.0925,0.0928,91094.0
1657998000000.0,0.0929,0.0935,0.0922,0.0925,23341.4
1658001600000.0,0.0925,0.0933,0.0915,0.0932,28330.1
1658005200000.0,0.0932,0.0932,0.0924,0.0924,21621.4
1658008800000.0,0.0926,0.0936,0.0924,0.0936,15161.5
1658012400000.0,0.0937,0.0937,0.0926,0.0926,156406.5
1658016000000.0,0.093,0.0941,0.0926,0.0932,547857.8
1658019600000.0,0.0931,0.0931,0.0911,0.0922,547616.7
1658023200000.0,0.0923,0.093,0.0923,0.0926,66708.3
1658026800000.0,0.0929,0.0935,0.0929,0.0932,34505.9
1658030400000.0,0.0933,0.0939,0.0929,0.0929,80379.7
1658034000000.0,0.0929,0.0939,0.0929,0.0937,24942.7
1658037600000.0,0.0938,0.0971,0.0937,0.0966,304401.3
1658041200000.0,0.0965,0.0982,0.0952,0.0961,671907.1
1658044800000.0,0.096,0.0966,0.0949,0.0957,216297.2
1658048400000.0,0.0958,0.096,0.0938,0.0947,129620.4
1658052000000.0,0.095,0.095,0.0935,0.0944,33867.5
1658055600000.0,0.0945,0.0948,0.0939,0.0948,30243.1
1658059200000.0,0.0948,0.0948,0.0941,0.0942,35255.2
1658062800000.0,0.0939,0.0943,0.0926,0.0934,99076.7
1658066400000.0,0.0935,0.0941,0.0933,0.0935,44889.1
1658070000000.0,0.0936,0.0939,0.0928,0.0928,37512.1
1658073600000.0,0.0928,0.0931,0.0915,0.0925,74129.1
1658077200000.0,0.0925,0.0941,0.091,0.0913,65352.0
1658080800000.0,0.0914,0.0925,0.0912,0.0921,61791.2
1658084400000.0,0.0922,0.0927,0.0919,0.0925,188571.9
1658088000000.0,0.0924,0.0927,0.0919,0.0921,54295.7
1658091600000.0,0.092,0.0932,0.0919,0.0932,62135.5
1658095200000.0,0.0933,0.0933,0.0925,0.0931,49942.2
1658098800000.0,0.0931,0.0931,0.091,0.0916,44188.0
1658102400000.0,0.0917,0.0926,0.0916,0.0917,74772.3
1658106000000.0,0.0916,0.0936,0.0915,0.0936,91677.4
1658109600000.0,0.0933,0.0948,0.0933,0.0947,42550.4
1658113200000.0,0.0949,0.0954,0.0945,0.0949,77316.6
1658116800000.0,0.0951,0.0954,0.0942,0.095,223446.5
1658120400000.0,0.0951,0.0968,0.0951,0.0967,83013.7
1658124000000.0,0.0965,0.0975,0.096,0.0975,95685.5
1658127600000.0,0.0972,0.0979,0.0962,0.0971,75454.4
1658131200000.0,0.0973,0.0986,0.0968,0.0973,69070.7
1658134800000.0,0.0973,0.0984,0.0971,0.098,70608.7
1658138400000.0,0.098,0.099,0.0975,0.0979,68334.0
1658142000000.0,0.0979,0.0984,0.0956,0.0969,50205.0
1658145600000.0,0.0969,0.0987,0.0958,0.0974,321666.6
1658149200000.0,0.0974,0.0994,0.0972,0.0992,143533.9
1658152800000.0,0.099,0.0995,0.0971,0.0988,114197.8
1658156400000.0,0.0988,0.0996,0.0984,0.0991,123425.9
1658160000000.0,0.0988,0.0989,0.0973,0.0978,38827.2
1658163600000.0,0.0977,0.0978,0.0952,0.0952,84965.7
1658167200000.0,0.0951,0.0965,0.0949,0.0951,82349.2
1658170800000.0,0.0949,0.0952,0.093,0.0939,518727.7
1658174400000.0,0.094,0.0953,0.0939,0.0952,68486.0
1658178000000.0,0.0951,0.0963,0.0949,0.0955,56205.7
1658181600000.0,0.0955,0.0975,0.0954,0.0975,130963.6
1658185200000.0,0.0976,0.0996,0.0975,0.0989,154199.6
1658188800000.0,0.0987,0.1003,0.0978,0.099,99214.0
1658192400000.0,0.099,0.0996,0.0973,0.0977,59522.2
1658196000000.0,0.0977,0.0977,0.0968,0.0975,70787.6
1658199600000.0,0.0973,0.0995,0.0971,0.0974,88892.9
1658203200000.0,0.0971,0.0975,0.0963,0.0973,46396.7
1658206800000.0,0.0973,0.0983,0.0968,0.0974,48484.2
1658210400000.0,0.0976,0.0985,0.0962,0.097,61238.8
1658214000000.0,0.0971,0.0976,0.0964,0.0968,79043.1
1658217600000.0,0.0967,0.0975,0.0962,0.0975,67465.3
1658221200000.0,0.0976,0.098,0.0966,0.0977,85904.8
1658224800000.0,0.0979,0.1002,0.0972,0.0992,68792.9
1658228400000.0,0.0992,0.101,0.0991,0.0998,84055.4
1658232000000.0,0.0999,0.1031,0.0997,0.1021,186659.6
1658235600000.0,0.1019,0.1036,0.1004,0.102,183114.7
1658239200000.0,0.1017,0.1024,0.1009,0.1022,52621.7
1658242800000.0,0.1022,0.1029,0.0998,0.102,204008.2
1658246400000.0,0.1018,0.103,0.1014,0.1017,52628.1
1658250000000.0,0.1016,0.1019,0.1007,0.1015,47443.3
1658253600000.0,0.1015,0.1019,0.1009,0.1016,32089.5
1658257200000.0,0.1014,0.1024,0.1,0.1001,42957.9
1658260800000.0,0.1,0.1018,0.1,0.1017,39808.9
1658264400000.0,0.1018,0.103,0.1014,0.1029,55647.3
1658268000000.0,0.1028,0.1042,0.1004,0.102,381158.2
1658271600000.0,0.1021,0.1025,0.1006,0.102,104778.3
1658275200000.0,0.1022,0.1022,0.0992,0.0998,80798.7
1658278800000.0,0.0997,0.102,0.0992,0.1015,33225.8
1658282400000.0,0.1019,0.1032,0.1019,0.1025,14130.8
1658286000000.0,0.1027,0.1032,0.1022,0.1031,18659.5
1658289600000.0,0.1033,0.1044,0.1026,0.1031,30411.1
1658293200000.0,0.1033,0.104,0.103,0.104,6677.3
1658296800000.0,0.1039,0.1053,0.1039,0.1044,50341.3
1658300400000.0,0.1037,0.1046,0.1024,0.1027,40333.5
1658304000000.0,0.1027,0.1029,0.0996,0.0998,127186.2
1658307600000.0,0.0999,0.1018,0.0993,0.1015,51863.2
1658311200000.0,0.1015,0.1036,0.1014,0.1026,131689.5
1658314800000.0,0.1024,0.1028,0.1005,0.1014,66052.4
1658318400000.0,0.1014,0.1025,0.1006,0.1016,40530.9
1658322000000.0,0.1017,0.103,0.1009,0.1011,135180.0
1658325600000.0,0.1013,0.1048,0.101,0.1037,1097986.1
1658329200000.0,0.1036,0.1067,0.1028,0.1035,2615877.0
1658332800000.0,0.1037,0.1044,0.1003,0.1011,1077018.1
1658336400000.0,0.1013,0.1041,0.1,0.1005,1972117.7
1658340000000.0,0.1006,0.1013,0.0993,0.1008,1501548.5
1658343600000.0,0.101,0.1015,0.1,0.1005,216519.2
1658347200000.0,0.1005,0.1012,0.0955,0.0969,564245.4
1658350800000.0,0.0969,0.0994,0.0968,0.0993,91732.2
1658354400000.0,0.0989,0.0995,0.0974,0.0975,301977.7
1658358000000.0,0.0976,0.0976,0.0961,0.0968,42661.2
1658361600000.0,0.097,0.098,0.0968,0.0977,45112.0
1658365200000.0,0.098,0.0988,0.097,0.0975,51790.5
1658368800000.0,0.0975,0.0982,0.093,0.0938,146457.6
1658372400000.0,0.0941,0.097,0.0936,0.0943,769323.4
1658376000000.0,0.0942,0.0954,0.0933,0.0952,47203.5
1658379600000.0,0.0951,0.0959,0.0949,0.0953,21645.4
1658383200000.0,0.0951,0.0955,0.0947,0.0947,14020.0
1658386800000.0,0.095,0.0965,0.095,0.0955,21895.7
1658390400000.0,0.0954,0.0958,0.0949,0.0955,17673.0
1658394000000.0,0.0955,0.0962,0.0953,0.096,22489.0
1658397600000.0,0.0962,0.0964,0.0951,0.0953,91066.4
1658401200000.0,0.0953,0.0962,0.0947,0.0955,125350.9
1658404800000.0,0.0954,0.0968,0.0949,0.0962,37181.9
1658408400000.0,0.0961,0.0964,0.0954,0.0962,73974.4
1658412000000.0,0.0964,0.0964,0.095,0.0963,93417.8
1658415600000.0,0.0965,0.0972,0.096,0.0971,109963.1
1658419200000.0,0.0972,0.1003,0.097,0.0998,322268.1
1658422800000.0,0.0998,0.1,0.0976,0.0979,112411.0
1658426400000.0,0.0981,0.0986,0.0973,0.098,155638.1
1658430000000.0,0.0979,0.0989,0.0979,0.0989,126916.1
1658433600000.0,0.099,0.0996,0.0986,0.0986,63292.1
1658437200000.0,0.0985,0.0992,0.0984,0.0991,33891.7
1658440800000.0,0.0987,0.0987,0.098,0.0987,49183.3
1658444400000.0,0.0985,0.0995,0.0984,0.0988,127826.1
1658448000000.0,0.0985,0.1004,0.0982,0.0997,59621.4
1658451600000.0,0.0999,0.1002,0.0991,0.0992,24166.2
1658455200000.0,0.0992,0.1002,0.0992,0.1001,71720.0
1658458800000.0,0.1,0.1003,0.0992,0.0997,625547.7
1658462400000.0,0.1,0.1013,0.1,0.1012,69748.6
1658466000000.0,0.1014,0.102,0.1013,0.102,19123.3
1658469600000.0,0.102,0.1026,0.1017,0.1018,251110.1
1658473200000.0,0.1018,0.1023,0.1012,0.1018,83972.8
1658476800000.0,0.1016,0.105,0.1014,0.1042,148853.7
1658480400000.0,0.1046,0.1135,0.1042,0.1134,1166647.4
1658484000000.0,0.1133,0.1137,0.1112,0.1129,685282.9
1658487600000.0,0.1124,0.1125,0.1097,0.1117,229665.1
1658491200000.0,0.1116,0.1163,0.111,0.1143,412616.5
1658494800000.0,0.1146,0.1156,0.1116,0.1135,546017.5
1658498400000.0,0.1137,0.1171,0.1135,0.1142,1408825.9
1658502000000.0,0.1141,0.1142,0.1106,0.1111,410182.5
1658505600000.0,0.1111,0.1153,0.111,0.1131,606521.1
1658509200000.0,0.1131,0.114,0.1113,0.1126,349014.0
1658512800000.0,0.1124,0.1124,0.1096,0.111,461934.2
1658516400000.0,0.111,0.1123,0.1073,0.1077,399401.4
1658520000000.0,0.1078,0.1086,0.1069,0.1076,517216.3
1658523600000.0,0.1076,0.1093,0.1073,0.1092,118849.8
1658527200000.0,0.1093,0.1121,0.1091,0.1118,947063.8
1658530800000.0,0.1118,0.1118,0.1099,0.1114,625229.3
1658534400000.0,0.1116,0.1117,0.1085,0.1095,277090.2
1658538000000.0,0.1095,0.1108,0.1088,0.1099,55865.4
1658541600000.0,0.1098,0.1099,0.109,0.1095,219195.9
1658545200000.0,0.1092,0.1092,0.1075,0.1078,181599.4
1658548800000.0,0.1079,0.1089,0.1072,0.1084,83756.8
1658552400000.0,0.1084,0.1091,0.1075,0.1077,74086.7
1658556000000.0,0.1077,0.1083,0.1074,0.108,42614.7
1658559600000.0,0.1076,0.1076,0.1062,0.1068,155200.1
1658563200000.0,0.1068,0.1081,0.1057,0.1062,172211.6
1658566800000.0,0.1061,0.1069,0.1054,0.1069,160179.0
1658570400000.0,0.1066,0.1079,0.1061,0.1065,245643.0
1658574000000.0,0.1063,0.1063,0.1032,0.1032,565995.9
1658577600000.0,0.1035,0.1042,0.1028,0.1036,54169.8
1658581200000.0,0.1037,0.1048,0.1036,0.1045,104856.8
1658584800000.0,0.1045,0.1048,0.1031,0.1036,59318.4
1658588400000.0,0.1039,0.1042,0.1028,0.1031,1167670.0
1658592000000.0,0.1032,0.1037,0.1027,0.1027,96288.8
1658595600000.0,0.1028,0.1028,0.1012,0.1013,312603.9
1658599200000.0,0.1014,0.1015,0.1004,0.1004,305762.0
1658602800000.0,0.1004,0.1014,0.0997,0.1011,123256.8
1658606400000.0,0.1013,0.1017,0.1,0.1004,124263.4
1658610000000.0,0.1003,0.1007,0.0994,0.0997,522180.9
1658613600000.0,0.0996,0.1015,0.0996,0.1013,210009.1
1658617200000.0,0.1011,0.1014,0.1004,0.101,83141.9
1658620800000.0,0.1012,0.1021,0.1011,0.1014,54094.2
1658624400000.0,0.1016,0.1019,0.1005,0.1012,31627.1
1658628000000.0,0.101,0.1015,0.1006,0.1014,11434.5
1658631600000.0,0.1014,0.1014,0.0994,0.0995,150596.4
1658635200000.0,0.0995,0.1008,0.0994,0.1007,39870.5
1658638800000.0,0.1004,0.1021,0.1004,0.1019,19815.7
1658642400000.0,0.1018,0.1019,0.1014,0.1018,84194.9
1658646000000.0,0.1019,0.103,0.1017,0.1028,203699.9
1658649600000.0,0.1023,0.1026,0.1012,0.1024,110216.9
1658653200000.0,0.1025,0.1026,0.1017,0.1017,7522.4
1658656800000.0,0.1017,0.1019,0.1007,0.1008,44632.0
1658660400000.0,0.1011,0.1024,0.101,0.1017,14947.5
1658664000000.0,0.1015,0.1023,0.101,0.101,19427.2
1658667600000.0,0.1009,0.1012,0.1005,0.1011,26680.5
1658671200000.0,0.101,0.102,0.1008,0.1017,21957.7
1658674800000.0,0.1017,0.102,0.1015,0.1018,32451.8
1658678400000.0,0.102,0.102,0.101,0.1017,571443.3
1658682000000.0,0.1017,0.1022,0.1014,0.1019,168805.1
1658685600000.0,0.1017,0.1018,0.1012,0.1012,50934.7
1658689200000.0,0.1014,0.102,0.1013,0.1016,50324.1
1658692800000.0,0.1015,0.1022,0.1012,0.102,7567.7
1658696400000.0,0.102,0.1026,0.1017,0.1026,30291.7
1658700000000.0,0.1025,0.1031,0.1012,0.1013,117209.0
1658703600000.0,0.1013,0.1018,0.1005,0.1009,72733.5
1658707200000.0,0.101,0.1016,0.0977,0.0978,77749.4
1658710800000.0,0.0979,0.098,0.0963,0.0968,89416.5
1658714400000.0,0.0966,0.0972,0.0962,0.0964,135780.2
1658718000000.0,0.0963,0.0969,0.0959,0.0961,372186.4
1658721600000.0,0.0961,0.097,0.0959,0.0969,51309.2
1658725200000.0,0.097,0.098,0.097,0.098,21909.6
1658728800000.0,0.0979,0.0986,0.0974,0.0978,142152.2
1658732400000.0,0.0978,0.0981,0.0976,0.0976,2832.3
1658736000000.0,0.0975,0.0978,0.0963,0.0974,13638.4
1658739600000.0,0.0975,0.0978,0.0972,0.0972,15004.9
1658743200000.0,0.0974,0.0978,0.0973,0.0977,4224.6
1658746800000.0,0.0979,0.0979,0.0966,0.0966,3173.9
1658750400000.0,0.0965,0.0969,0.0964,0.0969,7063.3
1658754000000.0,0.0969,0.097,0.0962,0.0968,50538.9
1658757600000.0,0.0967,0.0967,0.0955,0.0964,30726.6
1658761200000.0,0.096,0.0964,0.0957,0.0964,9286.5
1658764800000.0,0.0965,0.0966,0.0957,0.0963,10187.9
1658768400000.0,0.0963,0.0964,0.0951,0.0951,40125.4
1658772000000.0,0.0953,0.0956,0.0951,0.0952,27402.7
1658775600000.0,0.0953,0.0953,0.0932,0.0948,119614.5
1658779200000.0,0.0951,0.0959,0.095,0.0956,81740.1
1658782800000.0,0.0954,0.0954,0.0947,0.0948,80555.6
1658786400000.0,0.0948,0.0948,0.0938,0.0941,31607.4
1658790000000.0,0.094,0.0941,0.0908,0.0909,86216.4
1658793600000.0,0.0907,0.0908,0.0896,0.0896,78854.9
1658797200000.0,0.0899,0.0904,0.0894,0.0896,35222.2
1658800800000.0,0.0897,0.0902,0.0897,0.09,43020.4
1658804400000.0,0.09,0.0912,0.0894,0.091,35807.4
1658808000000.0,0.0911,0.0918,0.091,0.0911,25931.3
1658811600000.0,0.0909,0.0916,0.0908,0.0912,23360.8
1658815200000.0,0.0912,0.0913,0.0905,0.0905,7696.6
1658818800000.0,0.0905,0.0909,0.0901,0.0901,18023.7
1658822400000.0,0.0901,0.0903,0.0898,0.0902,11499.2
1658826000000.0,0.0902,0.0905,0.09,0.0902,87754.4
1658829600000.0,0.0904,0.0905,0.0888,0.0891,78750.8
1658833200000.0,0.0891,0.0897,0.0887,0.0895,21995.3
1658836800000.0,0.0889,0.09,0.0882,0.0885,56602.2
1658840400000.0,0.0883,0.0886,0.0876,0.0883,8633.0
1658844000000.0,0.0882,0.0887,0.0875,0.0879,34428.0
1658847600000.0,0.0881,0.0881,0.0868,0.087,43060.7
1658851200000.0,0.0871,0.0882,0.0867,0.0879,42091.2
1658854800000.0,0.0881,0.0883,0.0873,0.0874,27825.9
1658858400000.0,0.0874,0.0877,0.0863,0.0867,606208.9
1658862000000.0,0.0867,0.0869,0.0861,0.0869,160687.6
1658865600000.0,0.0866,0.0874,0.0864,0.0874,21458.3
1658869200000.0,0.0873,0.0879,0.0868,0.087,22679.5
1658872800000.0,0.0871,0.0887,0.0871,0.0885,40343.7
1658876400000.0,0.0885,0.0903,0.0883,0.0902,214326.2
1658880000000.0,0.0903,0.0908,0.089,0.0894,213324.8
1658883600000.0,0.0894,0.0897,0.0888,0.0888,5355.7
1658887200000.0,0.0888,0.0893,0.0886,0.0893,254351.1
1658890800000.0,0.0892,0.0892,0.0886,0.0888,21820.8
1658894400000.0,0.0888,0.0897,0.0888,0.0896,21857.7
1658898000000.0,0.0895,0.0938,0.0895,0.0934,304440.9
1658901600000.0,0.0935,0.0936,0.0918,0.0924,43735.5
1658905200000.0,0.0923,0.0931,0.092,0.093,61231.3
1658908800000.0,0.0928,0.0933,0.0919,0.0922,18184.0
1658912400000.0,0.0922,0.0923,0.0907,0.0918,163772.9
1658916000000.0,0.0918,0.092,0.0912,0.0914,25641.8
1658919600000.0,0.0913,0.0926,0.0907,0.0909,129140.1
1658923200000.0,0.0909,0.0929,0.0909,0.0927,127569.2
1658926800000.0,0.0925,0.0934,0.0915,0.0932,107971.9
1658930400000.0,0.0931,0.0934,0.0924,0.0928,30725.1
1658934000000.0,0.093,0.093,0.0916,0.092,70991.3
1658937600000.0,0.0924,0.0929,0.0902,0.0903,31720.7
1658941200000.0,0.0904,0.0918,0.0903,0.0913,10719.4
1658944800000.0,0.0916,0.0958,0.0913,0.0954,372386.6
1658948400000.0,0.0957,0.097,0.0952,0.0957,172446.8
1658952000000.0,0.096,0.0964,0.0955,0.0957,80982.9
1658955600000.0,0.0957,0.0965,0.0955,0.0962,6366.4
1658959200000.0,0.0964,0.0976,0.0962,0.0972,73120.0
1658962800000.0,0.0972,0.0984,0.097,0.0982,163790.4
1658966400000.0,0.0984,0.0984,0.0971,0.0977,63127.4
1658970000000.0,0.0976,0.0981,0.0974,0.098,13785.2
1658973600000.0,0.098,0.0999,0.0978,0.0995,57901.5
1658977200000.0,0.0997,0.1,0.0995,0.0996,37127.8
1658980800000.0,0.0996,0.1026,0.0996,0.1015,199722.1
1658984400000.0,0.1015,0.1046,0.1013,0.1036,147713.2
1658988000000.0,0.1034,0.1034,0.1007,0.1011,101618.7
1658991600000.0,0.101,0.1012,0.0993,0.0996,121076.8
1658995200000.0,0.0997,0.1006,0.0993,0.1005,6072.6
1658998800000.0,0.1009,0.1014,0.0996,0.1008,24486.6
1659002400000.0,0.1009,0.1018,0.1005,0.1005,38642.9
1659006000000.0,0.1005,0.1031,0.1005,0.1025,118849.2
1659009600000.0,0.1025,0.1025,0.0979,0.101,314131.1
1659013200000.0,0.1007,0.1021,0.0997,0.1004,520956.2
1659016800000.0,0.1005,0.1017,0.0998,0.1015,85854.8
1659020400000.0,0.1017,0.1039,0.1015,0.1028,335720.6
1659024000000.0,0.1028,0.1071,0.1028,0.1049,336169.1
1659027600000.0,0.1048,0.106,0.104,0.1052,135654.1
1659031200000.0,0.1053,0.1055,0.103,0.1035,100197.4
1659034800000.0,0.1038,0.1046,0.1035,0.1042,27451.6
1659038400000.0,0.104,0.1061,0.104,0.1054,74503.9
1659042000000.0,0.1055,0.1056,0.104,0.1053,24784.6
1659045600000.0,0.1052,0.1052,0.1034,0.1043,20100.8
1659049200000.0,0.1042,0.1043,0.1032,0.1043,25288.5
1659052800000.0,0.1044,0.106,0.1037,0.1056,68387.2
1659056400000.0,0.1057,0.1066,0.105,0.1055,314254.9
1659060000000.0,0.1052,0.106,0.1049,0.1052,41292.4
1659063600000.0,0.1053,0.1077,0.1049,0.1075,356392.8
1659067200000.0,0.1074,0.1081,0.1068,0.1076,156830.6
1659070800000.0,0.1075,0.1088,0.1063,0.1067,82964.3
1659074400000.0,0.1069,0.1077,0.1044,0.1048,103735.5
1659078000000.0,0.1048,0.1052,0.1031,0.1046,96405.8
1659081600000.0,0.1043,0.1052,0.1035,0.1048,23643.8
1659085200000.0,0.1047,0.1057,0.1043,0.1054,6349.9
1659088800000.0,0.1055,0.1073,0.105,0.1063,74865.3
1659092400000.0,0.1061,0.1063,0.1014,0.1024,163130.7
1659096000000.0,0.1024,0.1027,0.1003,0.1011,166895.8
1659099600000.0,0.1011,0.1041,0.1011,0.1037,109730.8
1659103200000.0,0.1038,0.1067,0.1035,0.1049,171602.6
1659106800000.0,0.1047,0.1056,0.1025,0.1028,627258.2
1659110400000.0,0.1028,0.1035,0.0995,0.1015,637264.6
1659114000000.0,0.1012,0.1013,0.0995,0.101,152050.5
1659117600000.0,0.1007,0.1023,0.1006,0.1015,21279.0
1659121200000.0,0.1016,0.1017,0.1004,0.1013,245136.1
1659124800000.0,0.101,0.1023,0.101,0.1019,25080.2
1659128400000.0,0.1018,0.102,0.1003,0.1006,17214.7
1659132000000.0,0.1007,0.1033,0.1007,0.103,157442.0
1659135600000.0,0.1029,0.1036,0.1008,0.1011,42433.7
1659139200000.0,0.1012,0.1035,0.1011,0.1035,48365.6
1659142800000.0,0.1034,0.1039,0.1016,0.1033,67363.7
1659146400000.0,0.1035,0.1035,0.1021,0.1027,177478.2
1659150000000.0,0.1025,0.1029,0.1019,0.1026,24298.2
1659153600000.0,0.1026,0.1028,0.1016,0.1022,14125.7
1659157200000.0,0.1024,0.1047,0.1022,0.1038,110970.3
1659160800000.0,0.1036,0.106,0.1033,0.1057,61219.1
1659164400000.0,0.1056,0.1073,0.1054,0.1061,141499.1
1659168000000.0,0.1059,0.1091,0.1055,0.1077,99505.9
1659171600000.0,0.1078,0.1097,0.1055,0.1064,544589.2
1659175200000.0,0.1063,0.1136,0.106,0.1114,921668.6
1659178800000.0,0.1115,0.1123,0.1094,0.1099,366266.3
1659182400000.0,0.1098,0.1106,0.109,0.1102,104026.9
1659186000000.0,0.1102,0.1116,0.1101,0.1111,39920.7
1659189600000.0,0.1112,0.1119,0.1099,0.1105,64666.4
1659193200000.0,0.1106,0.1118,0.1106,0.1115,27172.9
1659196800000.0,0.1114,0.1127,0.1107,0.1119,221293.9
1659200400000.0,0.1121,0.1133,0.1112,0.1125,173751.3
1659204000000.0,0.1126,0.1128,0.112,0.1123,53091.9
1659207600000.0,0.1123,0.1125,0.1075,0.1077,108089.6
1659211200000.0,0.1076,0.1096,0.107,0.108,331722.4
1659214800000.0,0.1083,0.1085,0.1056,0.1058,80226.5
1659218400000.0,0.1055,0.1055,0.1034,0.1046,382244.7
1659222000000.0,0.1043,0.1053,0.1037,0.1053,78388.3
1659225600000.0,0.1051,0.1073,0.1042,0.1059,434401.1
1659229200000.0,0.106,0.1061,0.1051,0.1054,89518.4
1659232800000.0,0.1055,0.1064,0.105,0.1057,91829.4
1659236400000.0,0.1058,0.1059,0.1043,0.1047,37721.5
1659240000000.0,0.1048,0.1066,0.1048,0.1064,22129.6
1659243600000.0,0.1064,0.1072,0.1055,0.1055,265290.6
1659247200000.0,0.1056,0.1061,0.1052,0.1061,54394.0
1659250800000.0,0.106,0.1077,0.1052,0.1055,193171.7
1659254400000.0,0.1054,0.106,0.1027,0.1031,98492.0
1659258000000.0,0.1031,0.1048,0.1026,0.1048,49657.0
1659261600000.0,0.1048,0.1069,0.1046,0.1066,40655.7
1659265200000.0,0.1066,0.1073,0.1056,0.1061,12052.1
1659268800000.0,0.1061,0.1073,0.1059,0.1072,61040.5
1659272400000.0,0.107,0.107,0.1046,0.1056,35753.5
1659276000000.0,0.1053,0.1066,0.1047,0.1052,28854.0
1659279600000.0,0.1054,0.1063,0.1052,0.1061,40726.7
1659283200000.0,0.1064,0.1086,0.1052,0.1077,118745.9
1659286800000.0,0.1075,0.1147,0.1072,0.1098,665414.0
1659290400000.0,0.1098,0.1115,0.1047,0.1076,620148.0
1659294000000.0,0.1075,0.1105,0.1071,0.1079,163840.1
1659297600000.0,0.108,0.1084,0.1069,0.1079,72610.7
1659301200000.0,0.1076,0.1083,0.1055,0.1057,44575.3
1659304800000.0,0.1056,0.1061,0.1008,0.1016,327753.5
1659308400000.0,0.1017,0.1028,0.1011,0.102,24745.6
1659312000000.0,0.102,0.1054,0.1014,0.1053,175653.5
1659315600000.0,0.1051,0.1094,0.1046,0.107,419232.2
1659319200000.0,0.107,0.1081,0.1063,0.1075,90235.8
1659322800000.0,0.1077,0.1083,0.1065,0.1083,15633.9
1659326400000.0,0.1084,0.1092,0.1075,0.1088,18334.2
1659330000000.0,0.1086,0.109,0.1066,0.1072,282917.8
1659333600000.0,0.1072,0.1073,0.1042,0.1057,133249.5
1659337200000.0,0.106,0.1068,0.1046,0.1064,54127.1
1659340800000.0,0.1066,0.1076,0.1061,0.1061,118110.8
1659344400000.0,0.1062,0.1073,0.1058,0.1061,128617.3
1659348000000.0,0.1063,0.1066,0.1033,0.1038,210385.2
1659351600000.0,0.1037,0.1052,0.103,0.105,130368.3
1659355200000.0,0.105,0.1054,0.1035,0.1038,118698.5
1659358800000.0,0.1036,0.105,0.1022,0.1045,164852.7
1659362400000.0,0.1048,0.1061,0.1046,0.1058,128108.7
1659366000000.0,0.1056,0.1064,0.1052,0.1054,35518.3
1659369600000.0,0.1052,0.1054,0.1042,0.1042,23367.8
1659373200000.0,0.1042,0.1043,0.1026,0.1031,16131.8
1659376800000.0,0.1032,0.1032,0.1021,0.1029,33939.9
1659380400000.0,0.1028,0.1041,0.1025,0.1041,6558.6
1659384000000.0,0.1041,0.1047,0.1033,0.1047,19969.1
1659387600000.0,0.1044,0.1047,0.1035,0.1042,249360.3
1659391200000.0,0.1038,0.106,0.1028,0.1056,115015.2
1659394800000.0,0.1059,0.1069,0.1055,0.106,140608.4
1659398400000.0,0.106,0.1074,0.1052,0.1058,175505.9
1659402000000.0,0.106,0.1064,0.1025,0.1025,161744.4
1659405600000.0,0.1023,0.1023,0.1001,0.1005,217212.7
1659409200000.0,0.1004,0.1004,0.0986,0.0991,165877.1
1659412800000.0,0.0992,0.0996,0.0978,0.0987,32957.0
1659416400000.0,0.0988,0.1,0.0988,0.0994,39894.2
1659420000000.0,0.0994,0.1008,0.0994,0.1005,39247.0
1659423600000.0,0.1003,0.1003,0.0991,0.0998,85197.5
1659427200000.0,0.0999,0.0999,0.0987,0.0989,3782.4
1659430800000.0,0.0987,0.0992,0.098,0.0984,23211.5
1659434400000.0,0.0983,0.0995,0.0983,0.0992,16991.3
1659438000000.0,0.0995,0.1001,0.0993,0.0994,7730.1
1659441600000.0,0.0996,0.0999,0.0982,0.0985,15552.2
1659445200000.0,0.0988,0.1,0.0985,0.0993,54615.8
1659448800000.0,0.0993,0.1012,0.0982,0.1009,79784.8
1659452400000.0,0.1012,0.1019,0.1,0.1015,101622.0
1659456000000.0,0.1015,0.1041,0.1014,0.1037,65244.7
1659459600000.0,0.1038,0.1045,0.1018,0.102,41291.7
1659463200000.0,0.102,0.1028,0.1012,0.1014,36510.2
1659466800000.0,0.1012,0.1022,0.1007,0.1013,50206.7
1659470400000.0,0.1014,0.1018,0.1009,0.1014,55460.7
1659474000000.0,0.1014,0.1022,0.1007,0.102,17615.5
1659477600000.0,0.1018,0.1022,0.1012,0.102,21306.0
1659481200000.0,0.1019,0.102,0.1005,0.1006,13910.3
1659484800000.0,0.1007,0.1011,0.0974,0.0976,36619.4
1659488400000.0,0.0978,0.0993,0.097,0.099,50359.1
1659492000000.0,0.099,0.0998,0.0986,0.0989,107304.2
1659495600000.0,0.0989,0.1008,0.0989,0.1003,17716.1
1659499200000.0,0.1002,0.1009,0.0999,0.1005,11377.9
1659502800000.0,0.1004,0.1022,0.1004,0.1021,7155.6
1659506400000.0,0.102,0.1029,0.1017,0.1019,163385.0
1659510000000.0,0.102,0.1023,0.1014,0.1019,64978.1
1659513600000.0,0.1021,0.1029,0.1019,0.1029,5164.0
1659517200000.0,0.1029,0.1034,0.1027,0.1029,7082.5
1659520800000.0,0.103,0.1033,0.102,0.1023,27851.4
1659524400000.0,0.1029,0.1029,0.1022,0.1026,5824.9
1659528000000.0,0.1026,0.1043,0.1023,0.1023,33020.3
1659531600000.0,0.1024,0.1032,0.1023,0.1029,36232.1
1659535200000.0,0.1028,0.1035,0.1016,0.102,63889.0
1659538800000.0,0.1019,0.1027,0.1018,0.1025,3348.2
1659542400000.0,0.1022,0.103,0.1018,0.1027,12448.8
1659546000000.0,0.1027,0.1034,0.1025,0.1031,39340.5
1659549600000.0,0.1028,0.103,0.1021,0.1024,60548.5
1659553200000.0,0.1024,0.1028,0.1019,0.1022,26553.0
1659556800000.0,0.102,0.1022,0.1013,0.1015,3472.0
1659560400000.0,0.1018,0.1018,0.1012,0.1012,25088.6
1659564000000.0,0.1011,0.1011,0.0993,0.0993,11599.9
1659567600000.0,0.0992,0.0992,0.0979,0.0981,134504.6
1659571200000.0,0.098,0.1003,0.098,0.1001,33709.8
1659574800000.0,0.1003,0.1013,0.1,0.1004,64191.6
1659578400000.0,0.1005,0.1013,0.0999,0.1008,11495.7
1659582000000.0,0.1009,0.1011,0.0999,0.1008,5107.5
1659585600000.0,0.1008,0.1022,0.1008,0.1016,111972.8
1659589200000.0,0.1018,0.102,0.1012,0.1017,56618.4
1659592800000.0,0.1018,0.1018,0.0992,0.1001,103036.5
1659596400000.0,0.1,0.1005,0.0996,0.0996,11948.0
1659600000000.0,0.0999,0.0999,0.0989,0.0993,142873.4
1659603600000.0,0.0991,0.1,0.0987,0.1,57525.3
1659607200000.0,0.1,0.1006,0.0997,0.0999,6269.4
1659610800000.0,0.0997,0.1002,0.0994,0.1,6573.0
1659614400000.0,0.1001,0.1001,0.0987,0.0995,9823.4
1659618000000.0,0.0995,0.1017,0.0995,0.1011,107341.6
1659621600000.0,0.1011,0.1016,0.0996,0.1006,17661.7
1659625200000.0,0.1005,0.1009,0.1,0.1008,5319.1
1659628800000.0,0.101,0.1014,0.0987,0.0993,126106.7
1659632400000.0,0.0991,0.1,0.099,0.1,25057.2
1659636000000.0,0.0999,0.1006,0.0993,0.1001,51009.4
1659639600000.0,0.0999,0.1005,0.0993,0.0999,15610.7
1659643200000.0,0.1,0.1005,0.0996,0.1001,14799.3
1659646800000.0,0.1002,0.1009,0.0997,0.0997,105782.9
1659650400000.0,0.0997,0.1008,0.0997,0.1007,38404.4
1659654000000.0,0.1008,0.1019,0.1008,0.1017,19513.9
1659657600000.0,0.1017,0.1019,0.1012,0.1014,78854.5
1659661200000.0,0.1015,0.1035,0.1015,0.1035,64079.2
1659664800000.0,0.1036,0.104,0.103,0.1037,150211.9
1659668400000.0,0.1036,0.1044,0.1036,0.1044,82923.1
1659672000000.0,0.1045,0.1048,0.1041,0.1047,9796.1
1659675600000.0,0.1044,0.1044,0.1034,0.1043,100012.3
1659679200000.0,0.1044,0.1047,0.1044,0.1044,7942.0
1659682800000.0,0.1043,0.1046,0.1041,0.1046,26258.2
1659686400000.0,0.105,0.105,0.104,0.1045,17297.0
1659690000000.0,0.1043,0.1068,0.1043,0.1067,90018.4
1659693600000.0,0.1068,0.1069,0.1057,0.1066,114726.1
1659697200000.0,0.1062,0.1073,0.1061,0.1067,52198.2
1659700800000.0,0.1068,0.1071,0.1044,0.1046,77630.4
1659704400000.0,0.1048,0.1052,0.1036,0.1047,16529.7
1659708000000.0,0.1048,0.1059,0.1046,0.1047,225626.6
1659711600000.0,0.1047,0.1048,0.1034,0.1035,44956.9
1659715200000.0,0.1035,0.1045,0.1035,0.104,34001.8
1659718800000.0,0.1037,0.1039,0.1028,0.1032,50384.9
1659722400000.0,0.1031,0.1038,0.1029,0.1031,10328.8
1659726000000.0,0.1033,0.1039,0.1033,0.1036,5365.5
1659729600000.0,0.1034,0.1039,0.1032,0.1035,32401.6
1659733200000.0,0.1039,0.1047,0.1039,0.1042,17476.2
1659736800000.0,0.1042,0.1052,0.1042,0.1049,23489.3
1659740400000.0,0.1052,0.1064,0.105,0.1064,42960.3
1659744000000.0,0.1065,0.1069,0.1062,0.1065,23535.8
1659747600000.0,0.1065,0.1075,0.1063,0.1068,31212.6
1659751200000.0,0.1068,0.107,0.1066,0.107,8159.8
1659754800000.0,0.1069,0.1069,0.1059,0.1059,94571.8
1659758400000.0,0.106,0.1064,0.1058,0.1064,10930.8
1659762000000.0,0.1066,0.107,0.1066,0.107,10844.4
1659765600000.0,0.1069,0.1077,0.1067,0.107,34154.4
1659769200000.0,0.107,0.107,0.1061,0.1067,68190.2
1659772800000.0,0.1067,0.1077,0.1066,0.1068,93595.8
1659776400000.0,0.1067,0.1068,0.1059,0.1063,13031.5
1659780000000.0,0.1062,0.1068,0.1062,0.1065,15527.0
1659783600000.0,0.1067,0.1069,0.106,0.1063,49366.4
1659787200000.0,0.1064,0.1065,0.1059,0.106,1994.2
1659790800000.0,0.1065,0.1087,0.1064,0.1073,101645.1
1659794400000.0,0.1071,0.1071,0.1067,0.1069,27860.3
1659798000000.0,0.1069,0.107,0.1062,0.1065,5449.3
1659801600000.0,0.1066,0.1069,0.1057,0.1057,5175.5
1659805200000.0,0.1056,0.1056,0.1033,0.1049,107877.6
1659808800000.0,0.1047,0.1051,0.1045,0.1046,18274.7
1659812400000.0,0.1047,0.1047,0.1045,0.1046,9402.9
1659816000000.0,0.1046,0.1046,0.1037,0.104,33018.1
1659819600000.0,0.1041,0.1044,0.104,0.1042,5284.4
1659823200000.0,0.1044,0.1044,0.1035,0.1035,136501.4
1659826800000.0,0.1038,0.104,0.1024,0.1031,204516.8
1659830400000.0,0.1032,0.1041,0.1022,0.1024,102812.3
1659834000000.0,0.102,0.1032,0.1019,0.1031,87490.3
1659837600000.0,0.1032,0.1041,0.103,0.1041,32825.7
1659841200000.0,0.1041,0.1042,0.1038,0.1042,33871.0
1659844800000.0,0.1043,0.1046,0.1037,0.104,87507.7
1659848400000.0,0.1041,0.1048,0.104,0.1046,86247.4
1659852000000.0,0.1046,0.1047,0.1044,0.1045,66832.8
1659855600000.0,0.1049,0.1056,0.1047,0.105,56634.6
1659859200000.0,0.105,0.105,0.1041,0.1042,28244.6
1659862800000.0,0.1041,0.1043,0.1038,0.1043,3315.8
1659866400000.0,0.1042,0.1048,0.1042,0.1045,1711.4
1659870000000.0,0.1045,0.1047,0.1041,0.1047,8712.5
1659873600000.0,0.1047,0.1053,0.1045,0.1053,9077.9
1659877200000.0,0.1054,0.1063,0.1048,0.1053,1748110.7
1659880800000.0,0.1054,0.1058,0.1049,0.1054,357597.3
1659884400000.0,0.1051,0.1051,0.1038,0.1039,863969.1
1659888000000.0,0.104,0.1046,0.1034,0.1044,273515.5
1659891600000.0,0.1045,0.1049,0.1041,0.1045,79761.0
1659895200000.0,0.1046,0.1047,0.104,0.1044,118386.2
1659898800000.0,0.1042,0.1046,0.1031,0.1031,1095216.4
1659902400000.0,0.1031,0.1043,0.103,0.1043,1014841.6
1659906000000.0,0.1042,0.1046,0.1038,0.1039,143187.2
1659909600000.0,0.1038,0.1038,0.1025,0.1025,381965.1
1659913200000.0,0.1023,0.1025,0.1017,0.102,218000.4
1659916800000.0,0.1021,0.1029,0.1019,0.1025,141693.5
1659920400000.0,0.1028,0.1029,0.102,0.1024,51926.1
1659924000000.0,0.1024,0.1035,0.1022,0.1033,67164.1
1659927600000.0,0.1032,0.1043,0.1032,0.1042,122024.4
1659931200000.0,0.1041,0.1046,0.104,0.1045,78705.9
1659934800000.0,0.1044,0.1052,0.1043,0.105,146550.4
1659938400000.0,0.1052,0.1082,0.1052,0.1077,151502.5
1659942000000.0,0.1079,0.1091,0.1062,0.1084,131891.3
1659945600000.0,0.1083,0.1095,0.1076,0.1084,422521.7
1659949200000.0,0.1084,0.1091,0.1078,0.1083,83169.9
1659952800000.0,0.1082,0.1092,0.1078,0.1091,115050.8
1659956400000.0,0.1091,0.1091,0.1083,0.1085,74931.8
1659960000000.0,0.1084,0.1089,0.1078,0.1078,17881.7
1659963600000.0,0.1077,0.1081,0.1064,0.1081,247365.7
1659967200000.0,0.1081,0.1083,0.1076,0.108,81303.9
1659970800000.0,0.108,0.1082,0.1068,0.1072,95604.8
1659974400000.0,0.1073,0.1073,0.1048,0.1051,80954.4
1659978000000.0,0.1052,0.1055,0.1049,0.1054,101316.8
1659981600000.0,0.1053,0.1053,0.1042,0.1048,87583.1
1659985200000.0,0.1047,0.1052,0.1044,0.1049,145700.4
1659988800000.0,0.1049,0.1059,0.1047,0.1059,27781.6
1659992400000.0,0.1057,0.1059,0.1045,0.1048,69680.2
1659996000000.0,0.1048,0.1048,0.103,0.1045,61081.7
1659999600000.0,0.1047,0.1049,0.1041,0.1044,111911.0
1660003200000.0,0.1044,0.1056,0.104,0.1051,133409.1
1660006800000.0,0.1051,0.1053,0.1044,0.1049,42335.0
1660010400000.0,0.105,0.1073,0.1049,0.1073,88904.7
1660014000000.0,0.1074,0.1082,0.1069,0.1078,108502.3
1660017600000.0,0.1077,0.1087,0.1073,0.1087,54940.6
1660021200000.0,0.1089,0.109,0.1076,0.1076,21713.8
1660024800000.0,0.1073,0.1073,0.1058,0.1066,23918.1
1660028400000.0,0.1066,0.108,0.1065,0.1076,21511.2
1660032000000.0,0.1077,0.1084,0.1064,0.1064,17035.1
1660035600000.0,0.1062,0.1071,0.1031,0.1031,68033.6
1660039200000.0,0.1033,0.1037,0.1024,0.1029,130317.4
1660042800000.0,0.1028,0.1038,0.1022,0.1029,55367.2
1660046400000.0,0.1028,0.1041,0.1025,0.1035,49219.4
1660050000000.0,0.1035,0.1041,0.1014,0.1015,130219.1
1660053600000.0,0.1017,0.1018,0.099,0.0995,104677.1
1660057200000.0,0.0992,0.1002,0.099,0.099,149572.2
1660060800000.0,0.0991,0.0999,0.0989,0.0999,8594.6
1660064400000.0,0.0999,0.1001,0.0992,0.0993,43266.0
1660068000000.0,0.0991,0.0993,0.0986,0.0986,82233.8
1660071600000.0,0.0986,0.099,0.0983,0.0988,53324.3
1660075200000.0,0.0987,0.0993,0.0983,0.0991,89563.4
1660078800000.0,0.0988,0.0997,0.0988,0.0995,45230.2
1660082400000.0,0.0994,0.1,0.0992,0.0997,48105.4
1660086000000.0,0.0997,0.0999,0.0989,0.0989,3729.3
1660089600000.0,0.0988,0.0993,0.0963,0.0972,67813.3
1660093200000.0,0.0971,0.0982,0.0971,0.0978,129795.2
1660096800000.0,0.0977,0.0982,0.0965,0.0975,181371.4
1660100400000.0,0.0975,0.0976,0.0968,0.097,207793.7
1660104000000.0,0.0973,0.0985,0.0972,0.0985,90230.5
1660107600000.0,0.0985,0.099,0.0983,0.0983,39047.1
1660111200000.0,0.0979,0.0986,0.0976,0.0983,13245.8
1660114800000.0,0.0985,0.0988,0.0981,0.0985,36691.2
1660118400000.0,0.0987,0.0996,0.0985,0.0995,24465.0
1660122000000.0,0.0995,0.0995,0.0992,0.0994,2683.9
1660125600000.0,0.0992,0.0993,0.0988,0.099,52202.1
1660129200000.0,0.0991,0.0999,0.0991,0.0995,131143.4
1660132800000.0,0.0998,0.104,0.0989,0.1038,242747.4
1660136400000.0,0.1037,0.1044,0.103,0.1032,81435.3
1660140000000.0,0.1032,0.1037,0.1027,0.1037,12760.9
1660143600000.0,0.1036,0.1037,0.103,0.1031,9413.3
1660147200000.0,0.1032,0.1038,0.1029,0.1036,16012.8
1660150800000.0,0.1034,0.104,0.103,0.1037,29838.6
1660154400000.0,0.1037,0.1039,0.1023,0.1026,319985.8
1660158000000.0,0.1025,0.1031,0.1022,0.1026,177912.5
1660161600000.0,0.1027,0.1039,0.1026,0.1037,95102.9
1660165200000.0,0.1037,0.1042,0.1033,0.1037,72969.5
1660168800000.0,0.1038,0.1041,0.1033,0.1036,136615.9
1660172400000.0,0.1037,0.1044,0.1035,0.1044,132490.8
1660176000000.0,0.1044,0.1074,0.1044,0.1074,76809.0
1660179600000.0,0.1074,0.1082,0.1063,0.1071,276053.1
1660183200000.0,0.1071,0.1075,0.1055,0.106,31868.5
1660186800000.0,0.1061,0.1079,0.1059,0.1077,88172.2
1660190400000.0,0.1076,0.109,0.1074,0.1087,74123.9
1660194000000.0,0.1088,0.1088,0.107,0.1081,45602.5
1660197600000.0,0.1081,0.1113,0.1081,0.1091,259996.6
1660201200000.0,0.109,0.1104,0.1082,0.1091,165067.2
1660204800000.0,0.109,0.11,0.1087,0.11,60316.6
1660208400000.0,0.1101,0.1103,0.1085,0.109,36324.7
1660212000000.0,0.109,0.1095,0.1084,0.1084,28864.3
1660215600000.0,0.1085,0.1085,0.1078,0.1078,7170.8
1660219200000.0,0.108,0.1099,0.1079,0.1095,33149.9
1660222800000.0,0.1095,0.1095,0.1078,0.1086,138013.2
1660226400000.0,0.1091,0.1096,0.1069,0.1078,174934.2
1660230000000.0,0.1079,0.1085,0.1072,0.1077,21274.5
1660233600000.0,0.1078,0.108,0.1074,0.1078,56005.0
1660237200000.0,0.1078,0.1083,0.1075,0.1082,35896.0
1660240800000.0,0.1081,0.1082,0.1057,0.1069,86716.2
1660244400000.0,0.107,0.1071,0.1064,0.1067,40428.7
1660248000000.0,0.1067,0.1067,0.1059,0.1065,6822.1
1660251600000.0,0.1063,0.1083,0.1062,0.1068,151936.7
1660255200000.0,0.1067,0.1068,0.106,0.106,140668.0
1660258800000.0,0.106,0.1062,0.1055,0.1061,90711.3
1660262400000.0,0.1061,0.1061,0.1041,0.1061,88983.7
1660266000000.0,0.106,0.1065,0.1058,0.106,25079.0
1660269600000.0,0.106,0.1072,0.1052,0.1066,48936.1
1660273200000.0,0.1067,0.1067,0.1064,0.1067,12518.1
1660276800000.0,0.1068,0.1068,0.1062,0.1065,66858.6
1660280400000.0,0.1065,0.1069,0.1064,0.1068,33148.5
1660284000000.0,0.1069,0.107,0.106,0.1062,35062.3
1660287600000.0,0.1062,0.107,0.1062,0.107,24080.4
1660291200000.0,0.1068,0.1071,0.1067,0.1069,13233.2
1660294800000.0,0.107,0.1075,0.1066,0.1072,4799.6
1660298400000.0,0.1073,0.1073,0.1027,0.1034,90207.1
1660302000000.0,0.1035,0.1042,0.1031,0.1036,33657.8
1660305600000.0,0.1036,0.1047,0.1034,0.1046,51079.3
1660309200000.0,0.1046,0.1054,0.1045,0.1049,18339.3
1660312800000.0,0.1047,0.1058,0.1045,0.1055,28380.8
1660316400000.0,0.1054,0.1059,0.105,0.1056,15942.5
1660320000000.0,0.1055,0.1058,0.105,0.105,11545.7
1660323600000.0,0.1051,0.1057,0.1051,0.1057,61004.4
1660327200000.0,0.1055,0.1061,0.1053,0.1061,4104.6
1660330800000.0,0.1062,0.1066,0.1057,0.106,67208.8
1660334400000.0,0.1059,0.1063,0.1056,0.1063,10229.3
1660338000000.0,0.1063,0.1063,0.1058,0.1059,18048.6
1660341600000.0,0.1059,0.1069,0.1057,0.1069,23174.6
1660345200000.0,0.107,0.1085,0.1069,0.1081,64323.8
1660348800000.0,0.1079,0.1079,0.1072,0.1079,9804.2
1660352400000.0,0.1078,0.1083,0.1076,0.1081,29632.0
1660356000000.0,0.1082,0.1085,0.108,0.1085,27157.0
1660359600000.0,0.1086,0.1092,0.1079,0.1087,43491.9
1660363200000.0,0.1085,0.1085,0.1069,0.1075,121607.3
1660366800000.0,0.1074,0.1075,0.1071,0.1075,15244.6
1660370400000.0,0.1078,0.1084,0.1073,0.1073,3366.5
1660374000000.0,0.1073,0.1075,0.107,0.1072,1842.7
1660377600000.0,0.107,0.1074,0.1059,0.1061,11318.4
1660381200000.0,0.1059,0.1071,0.1059,0.1066,32735.9
1660384800000.0,0.1067,0.1067,0.1061,0.1062,5228.4
1660388400000.0,0.1061,0.1061,0.1052,0.1057,14445.0
1660392000000.0,0.1056,0.1056,0.1046,0.105,19625.0
1660395600000.0,0.1053,0.1056,0.1052,0.1053,3565.0
1660399200000.0,0.1053,0.1056,0.1052,0.1054,62085.7
1660402800000.0,0.1055,0.1056,0.1049,0.1054,670928.7
1660406400000.0,0.1054,0.1055,0.1049,0.1054,341254.4
1660410000000.0,0.1054,0.1059,0.105,0.1055,181253.2
1660413600000.0,0.1053,0.1053,0.1042,0.1045,44226.2
1660417200000.0,0.1046,0.1046,0.1037,0.104,31503.2
1660420800000.0,0.104,0.1046,0.1037,0.1046,14222.4
1660424400000.0,0.1046,0.1047,0.1042,0.1042,7990.8
1660428000000.0,0.1044,0.1044,0.1037,0.1038,19038.4
1660431600000.0,0.1039,0.1041,0.1034,0.1037,13177.8
1660435200000.0,0.1036,0.1047,0.1033,0.1044,38711.1
1660438800000.0,0.1045,0.1047,0.1036,0.1047,21667.2
1660442400000.0,0.1048,0.1053,0.1045,0.1053,18665.3
1660446000000.0,0.1053,0.1054,0.105,0.1052,31008.5
1660449600000.0,0.1054,0.1058,0.1049,0.1053,158780.4
1660453200000.0,0.1052,0.1058,0.1051,0.1058,37789.1
1660456800000.0,0.1059,0.1063,0.1057,0.1063,18683.2
1660460400000.0,0.1065,0.1067,0.1058,0.1061,39460.9
1660464000000.0,0.1058,0.1059,0.1049,0.1054,12281.5
1660467600000.0,0.1055,0.1062,0.1055,0.1062,9848.4
1660471200000.0,0.1063,0.1064,0.1056,0.1057,9056.8
1660474800000.0,0.1058,0.106,0.1049,0.1049,5820.0
1660478400000.0,0.1048,0.1049,0.1044,0.1046,17216.5
1660482000000.0,0.1048,0.1048,0.1027,0.103,100729.0
1660485600000.0,0.103,0.1038,0.103,0.1037,5673.0
1660489200000.0,0.1037,0.1038,0.1034,0.1037,5276.5
1660492800000.0,0.1036,0.1036,0.0999,0.0999,81767.4
1660496400000.0,0.0998,0.0998,0.0979,0.0986,263537.2
1660500000000.0,0.0983,0.0998,0.0982,0.0995,19132.4
1660503600000.0,0.0994,0.0997,0.0985,0.0989,35414.8
1660507200000.0,0.0988,0.0995,0.0985,0.099,82596.6
1660510800000.0,0.0991,0.0996,0.0984,0.0984,16225.1
1660514400000.0,0.0983,0.0985,0.0975,0.0979,396283.7
1660518000000.0,0.098,0.0985,0.0977,0.0977,43779.4
1660521600000.0,0.0976,0.0992,0.0975,0.0991,34068.0
1660525200000.0,0.0991,0.0994,0.0985,0.0993,53743.4
1660528800000.0,0.0994,0.1004,0.099,0.1004,59625.8
1660532400000.0,0.1005,0.1011,0.0997,0.0997,23185.2
1660536000000.0,0.0998,0.1002,0.0994,0.1001,158596.2
1660539600000.0,0.1,0.1006,0.0996,0.0998,44732.8
1660543200000.0,0.0998,0.0998,0.0962,0.0963,87307.6
1660546800000.0,0.0963,0.0973,0.0961,0.0967,30500.9
1660550400000.0,0.0968,0.0968,0.0956,0.0965,31540.6
1660554000000.0,0.0964,0.0977,0.0964,0.0976,17820.6
1660557600000.0,0.0975,0.0977,0.097,0.0975,22255.3
1660561200000.0,0.0978,0.0978,0.0965,0.0968,48706.3
1660564800000.0,0.0966,0.0972,0.0958,0.096,66584.3
1660568400000.0,0.0959,0.0972,0.0959,0.097,27454.3
1660572000000.0,0.0971,0.0977,0.0967,0.0972,134383.4
1660575600000.0,0.0971,0.0979,0.0968,0.0979,4769.6
1660579200000.0,0.098,0.0985,0.0976,0.0983,29726.8
1660582800000.0,0.0983,0.0983,0.0966,0.0966,40986.1
1660586400000.0,0.0966,0.0967,0.0959,0.0962,22901.2
1660590000000.0,0.0963,0.0967,0.0958,0.096,36098.0
1660593600000.0,0.0961,0.0962,0.0958,0.0962,43601.9
1660597200000.0,0.0963,0.0968,0.0959,0.0959,61654.5
1660600800000.0,0.0962,0.0968,0.0952,0.0953,56139.7
1660604400000.0,0.0951,0.0959,0.0943,0.0957,80922.5
1660608000000.0,0.0957,0.0964,0.0953,0.0964,104566.6
1660611600000.0,0.0965,0.0971,0.0962,0.0963,30224.3
1660615200000.0,0.0962,0.0964,0.0956,0.0956,13490.6
1660618800000.0,0.0957,0.0968,0.0949,0.0968,31725.4
1660622400000.0,0.0969,0.097,0.0959,0.0959,90773.0
1660626000000.0,0.0958,0.096,0.0953,0.0954,16859.3
1660629600000.0,0.0957,0.0961,0.0956,0.0958,17758.9
1660633200000.0,0.0958,0.0961,0.0956,0.096,27696.4
1660636800000.0,0.0961,0.0961,0.0953,0.0953,14985.9
1660640400000.0,0.0954,0.0967,0.0954,0.0965,34955.3
1660644000000.0,0.0964,0.0967,0.0956,0.0958,7913.4
1660647600000.0,0.0956,0.0965,0.0956,0.0962,11197.3
1660651200000.0,0.0963,0.0966,0.0954,0.0955,15825.6
1660654800000.0,0.0954,0.096,0.0951,0.0952,124843.6
1660658400000.0,0.0951,0.0951,0.0941,0.0946,44137.5
1660662000000.0,0.0947,0.0959,0.0945,0.0955,133864.4
1660665600000.0,0.0953,0.0959,0.0944,0.0949,74328.7
1660669200000.0,0.0951,0.0953,0.0945,0.0949,10363.5
1660672800000.0,0.0948,0.0957,0.0935,0.0942,23376.1
1660676400000.0,0.0942,0.0947,0.0939,0.0945,42544.5
1660680000000.0,0.0945,0.095,0.0944,0.095,12691.9
1660683600000.0,0.0951,0.0952,0.0944,0.0944,41106.4
1660687200000.0,0.0943,0.0945,0.0937,0.0943,3500.3
1660690800000.0,0.0942,0.0946,0.0938,0.0943,48385.7
1660694400000.0,0.0942,0.0953,0.0941,0.0952,31618.9
1660698000000.0,0.0952,0.0954,0.0948,0.0948,6962.7
1660701600000.0,0.0949,0.0955,0.0945,0.0952,80969.5
1660705200000.0,0.0953,0.096,0.0953,0.096,15701.1
1660708800000.0,0.0961,0.0963,0.0959,0.0963,4952.9
1660712400000.0,0.0964,0.097,0.0961,0.097,14159.9
1660716000000.0,0.0971,0.0975,0.0966,0.0966,16544.8
1660719600000.0,0.0966,0.0967,0.0939,0.0945,91920.3
1660723200000.0,0.0943,0.0946,0.0941,0.0944,31698.1
1660726800000.0,0.0945,0.0969,0.0945,0.0962,188828.7
1660730400000.0,0.0959,0.0959,0.0933,0.0938,156093.5
1660734000000.0,0.0939,0.0941,0.091,0.0922,329474.9
1660737600000.0,0.0922,0.0924,0.0894,0.0904,124327.6
1660741200000.0,0.0903,0.0916,0.0872,0.0895,367413.1
1660744800000.0,0.0896,0.0896,0.0883,0.089,148362.9
1660748400000.0,0.0889,0.0893,0.0884,0.0884,69923.7
1660752000000.0,0.0885,0.0891,0.0882,0.0889,105709.8
1660755600000.0,0.0887,0.0889,0.0882,0.0889,55842.7
1660759200000.0,0.0888,0.0894,0.0882,0.089,190518.6
1660762800000.0,0.089,0.0892,0.0878,0.0881,133809.9
1660766400000.0,0.0881,0.0888,0.0874,0.0885,55099.9
1660770000000.0,0.0878,0.0881,0.0847,0.0854,133002.3
1660773600000.0,0.0854,0.086,0.0852,0.0854,132949.3
1660777200000.0,0.0855,0.0856,0.0848,0.0853,160225.5
1660780800000.0,0.0852,0.0868,0.0851,0.0866,55803.2
1660784400000.0,0.0867,0.0874,0.0865,0.0871,133335.8
1660788000000.0,0.087,0.0872,0.0865,0.0868,122623.5
1660791600000.0,0.0868,0.0875,0.0868,0.087,101628.3
1660795200000.0,0.0871,0.0872,0.0862,0.0866,112825.8
1660798800000.0,0.0866,0.0873,0.0863,0.0873,60035.8
1660802400000.0,0.087,0.087,0.086,0.086,36973.2
1660806000000.0,0.086,0.0867,0.0859,0.0866,24183.3
1660809600000.0,0.0867,0.087,0.0861,0.0867,45903.6
1660813200000.0,0.0866,0.0879,0.0865,0.0879,50725.5
1660816800000.0,0.0879,0.0884,0.0872,0.0874,52075.1
1660820400000.0,0.0874,0.0882,0.0874,0.0881,37114.0
1660824000000.0,0.0882,0.0883,0.0876,0.0881,67034.8
1660827600000.0,0.0879,0.0879,0.0866,0.0867,53472.4
1660831200000.0,0.0865,0.0873,0.0862,0.0866,43740.9
1660834800000.0,0.0865,0.0867,0.0859,0.0864,118901.8
1660838400000.0,0.0864,0.0864,0.0849,0.0853,358452.2
1660842000000.0,0.0853,0.0856,0.0848,0.0849,90046.7
1660845600000.0,0.0848,0.085,0.0842,0.0848,95019.9
1660849200000.0,0.0848,0.085,0.0845,0.0845,37302.0
1660852800000.0,0.0846,0.0846,0.084,0.0841,126228.5
1660856400000.0,0.0843,0.0844,0.0838,0.084,17573.6
1660860000000.0,0.084,0.0841,0.0826,0.0826,500165.2
1660863600000.0,0.0826,0.0846,0.0761,0.0782,580767.9
1660867200000.0,0.0782,0.0792,0.077,0.0771,345332.9
1660870800000.0,0.077,0.0772,0.0757,0.0762,252175.2
1660874400000.0,0.0761,0.0769,0.0757,0.0763,367586.3
1660878000000.0,0.0762,0.0767,0.0758,0.0766,71991.1
1660881600000.0,0.0764,0.0771,0.0762,0.0769,65894.2
1660885200000.0,0.0769,0.0773,0.0767,0.0773,232393.0
1660888800000.0,0.0772,0.0779,0.0722,0.0729,534411.0
1660892400000.0,0.0729,0.0741,0.0728,0.0738,143152.2
1660896000000.0,0.0739,0.0739,0.0731,0.0736,39469.6
1660899600000.0,0.0736,0.0741,0.0733,0.0741,70472.7
1660903200000.0,0.0741,0.0742,0.0731,0.0733,195634.4
1660906800000.0,0.0732,0.0737,0.0723,0.0735,100302.1
1660910400000.0,0.0735,0.0816,0.0728,0.0813,452753.4
1660914000000.0,0.0815,0.0834,0.0793,0.0802,581551.7
1660917600000.0,0.0802,0.0817,0.0802,0.081,275690.8
1660921200000.0,0.0807,0.082,0.0803,0.082,113891.4
1660924800000.0,0.0819,0.0819,0.0798,0.0803,83963.9
1660928400000.0,0.0803,0.0807,0.0794,0.0798,261250.6
1660932000000.0,0.0798,0.08,0.0786,0.0795,76910.7
1660935600000.0,0.0795,0.0815,0.0788,0.0805,73956.6
1660939200000.0,0.0803,0.0803,0.0792,0.08,91010.8
1660942800000.0,0.0798,0.0798,0.0766,0.0775,382921.5
1660946400000.0,0.0776,0.0797,0.0775,0.079,137422.2
1660950000000.0,0.0794,0.082,0.0782,0.0787,313935.7
1660953600000.0,0.0798,0.0812,0.0796,0.0799,122081.8
1660957200000.0,0.08,0.0807,0.0793,0.0793,143112.3
1660960800000.0,0.0795,0.0804,0.079,0.0797,331667.0
1660964400000.0,0.0797,0.0797,0.0785,0.0789,242695.4
1660968000000.0,0.0789,0.0795,0.0782,0.0795,263941.9
1660971600000.0,0.0795,0.0795,0.0786,0.0789,52098.7
1660975200000.0,0.0791,0.0818,0.0789,0.0812,519704.4
1660978800000.0,0.0811,0.0819,0.0794,0.0805,1789900.1
1660982400000.0,0.0805,0.0806,0.0795,0.0795,207857.5
1660986000000.0,0.0794,0.0805,0.0794,0.0801,72201.1
1660989600000.0,0.0801,0.0807,0.0796,0.0806,225797.7
1660993200000.0,0.0806,0.0825,0.0804,0.081,437619.0
1660996800000.0,0.0811,0.0894,0.0806,0.0829,696550.4
1661000400000.0,0.0827,0.083,0.0798,0.0805,333459.7
1661004000000.0,0.0806,0.0807,0.0788,0.0788,140184.6
1661007600000.0,0.0788,0.0791,0.0776,0.0782,152740.7
1661011200000.0,0.0781,0.0786,0.0777,0.0779,97237.0
1661014800000.0,0.0779,0.0783,0.0774,0.078,123920.4
1661018400000.0,0.078,0.0788,0.0777,0.0777,52883.7
1661022000000.0,0.0775,0.0778,0.0757,0.0768,278411.8
1661025600000.0,0.0769,0.0778,0.0753,0.0758,229988.7
1661029200000.0,0.076,0.0777,0.0759,0.0777,121425.8
1661032800000.0,0.0776,0.078,0.0773,0.078,75198.9
1661036400000.0,0.0777,0.0786,0.0776,0.078,32109.0
1661040000000.0,0.0781,0.0787,0.0778,0.078,32271.6
1661043600000.0,0.0781,0.0795,0.078,0.0791,40687.5
1661047200000.0,0.0792,0.0794,0.0786,0.0792,180450.0
1661050800000.0,0.079,0.0791,0.0786,0.0789,22365.7
1661054400000.0,0.0789,0.0791,0.0787,0.079,12198.3
1661058000000.0,0.0789,0.0795,0.0785,0.0793,6905.4
1661061600000.0,0.0792,0.0794,0.0785,0.0787,32706.6
1661065200000.0,0.0788,0.0801,0.0786,0.08,33786.3
1661068800000.0,0.08,0.081,0.0796,0.0798,82076.0
1661072400000.0,0.0798,0.0806,0.0798,0.0805,41499.1
1661076000000.0,0.0805,0.0807,0.0803,0.0803,12198.8
1661079600000.0,0.0804,0.0809,0.0802,0.0809,15950.9
1661083200000.0,0.0808,0.0809,0.0799,0.0799,21899.4
1661086800000.0,0.0799,0.0801,0.0796,0.0796,13554.1
1661090400000.0,0.0796,0.0796,0.0792,0.0796,11309.9
1661094000000.0,0.0796,0.0798,0.0794,0.0795,33967.6
1661097600000.0,0.0797,0.0805,0.0791,0.08,272923.1
1661101200000.0,0.0801,0.0804,0.0796,0.0796,48022.4
1661104800000.0,0.0798,0.0801,0.0796,0.0799,28525.4
1661108400000.0,0.0798,0.0802,0.0797,0.0801,63321.3
1661112000000.0,0.08,0.0808,0.0797,0.0799,63218.3
1661115600000.0,0.08,0.081,0.08,0.0802,15283.4
1661119200000.0,0.0801,0.0804,0.0787,0.0801,34821.3
1661122800000.0,0.0801,0.0806,0.0799,0.0799,29261.1
1661126400000.0,0.0799,0.0799,0.0789,0.0793,18479.5
1661130000000.0,0.0793,0.0793,0.0788,0.079,8034.4
1661133600000.0,0.0791,0.0793,0.0788,0.0791,29640.0
1661137200000.0,0.0792,0.0793,0.0785,0.0785,30241.8
1661140800000.0,0.0785,0.0788,0.0778,0.0788,8122.3
1661144400000.0,0.0787,0.0787,0.0782,0.0785,50057.5
1661148000000.0,0.0784,0.0784,0.0765,0.0765,42783.6
1661151600000.0,0.0766,0.0768,0.0754,0.0755,22324.6
1661155200000.0,0.0753,0.0759,0.0747,0.0758,36174.5
1661158800000.0,0.0758,0.0781,0.0756,0.0762,208168.8
1661162400000.0,0.0761,0.0773,0.0761,0.0771,9885.5
1661166000000.0,0.0769,0.0773,0.0767,0.0767,7042.5
1661169600000.0,0.0768,0.077,0.0762,0.0764,21096.8
1661173200000.0,0.0763,0.0767,0.0756,0.0764,41543.5
1661176800000.0,0.0763,0.0768,0.0757,0.0761,100863.6
1661180400000.0,0.0762,0.0776,0.0762,0.0775,34693.2
1661184000000.0,0.0777,0.0778,0.077,0.0772,40867.6
1661187600000.0,0.0772,0.0772,0.0764,0.0767,14062.8
1661191200000.0,0.0764,0.0765,0.0755,0.0759,49486.1
1661194800000.0,0.076,0.0763,0.0758,0.0761,59415.4
1661198400000.0,0.0762,0.0771,0.0762,0.0767,115027.6
1661202000000.0,0.0767,0.0767,0.0763,0.0763,8664.2
1661205600000.0,0.0763,0.077,0.0763,0.0764,67439.7
1661209200000.0,0.0766,0.078,0.0764,0.0778,163729.4
1661212800000.0,0.0779,0.0784,0.0777,0.078,68000.5
1661216400000.0,0.0782,0.0785,0.0782,0.0783,14749.7
1661220000000.0,0.0783,0.0787,0.0782,0.0785,99013.9
1661223600000.0,0.0785,0.0786,0.0776,0.0776,43874.1
1661227200000.0,0.0778,0.0782,0.0777,0.0779,39740.7
1661230800000.0,0.0778,0.0778,0.0757,0.0757,26659.1
1661234400000.0,0.0758,0.0769,0.0756,0.0769,130748.3
1661238000000.0,0.0769,0.0777,0.0769,0.0774,54090.4
1661241600000.0,0.0774,0.078,0.0773,0.0776,34298.1
1661245200000.0,0.0777,0.0783,0.0772,0.078,138899.1
1661248800000.0,0.0781,0.0787,0.0774,0.0782,108755.0
1661252400000.0,0.0782,0.0785,0.0778,0.0785,29736.3
1661256000000.0,0.079,0.0797,0.0784,0.0784,18969.8
1661259600000.0,0.0782,0.0796,0.0781,0.0794,117348.2
1661263200000.0,0.0796,0.0802,0.0791,0.0792,77673.1
1661266800000.0,0.079,0.0795,0.0788,0.0788,55899.4
1661270400000.0,0.0787,0.0788,0.0775,0.0784,126576.8
1661274000000.0,0.0784,0.0788,0.0782,0.0786,26526.0
1661277600000.0,0.0783,0.0802,0.0783,0.0799,39788.5
1661281200000.0,0.08,0.0849,0.0799,0.0837,976005.4
1661284800000.0,0.0834,0.0863,0.0822,0.0853,602417.0
1661288400000.0,0.0856,0.0867,0.0837,0.0857,920654.8
1661292000000.0,0.086,0.0912,0.0858,0.0907,3522978.2
1661295600000.0,0.091,0.095,0.0893,0.0942,5822032.0
1661299200000.0,0.094,0.0947,0.0902,0.0938,1465106.6
1661302800000.0,0.0938,0.0987,0.0929,0.0971,3097219.5
1661306400000.0,0.0972,0.0977,0.0944,0.096,1849390.9
1661310000000.0,0.0958,0.096,0.091,0.093,2114801.4
1661313600000.0,0.093,0.0939,0.0907,0.0938,1234673.9
1661317200000.0,0.0939,0.097,0.0934,0.0953,1452802.2
1661320800000.0,0.0952,0.0965,0.0927,0.0936,1142479.7
1661324400000.0,0.0934,0.0998,0.093,0.0969,1022179.3
1661328000000.0,0.0969,0.0978,0.0958,0.0971,924850.4
1661331600000.0,0.0972,0.1004,0.0971,0.0982,1208953.8
1661335200000.0,0.098,0.0982,0.0965,0.0969,950823.3
1661338800000.0,0.097,0.0992,0.0968,0.0974,530146.9
1661342400000.0,0.0977,0.0987,0.0964,0.0976,406680.5
1661346000000.0,0.0976,0.1042,0.0969,0.1013,2194845.6
1661349600000.0,0.1011,0.1021,0.0991,0.1004,1471413.7
1661353200000.0,0.1007,0.102,0.1002,0.101,1448961.6
1661356800000.0,0.1012,0.1039,0.1001,0.1005,1479255.8
1661360400000.0,0.1002,0.1024,0.1001,0.1007,875271.9
1661364000000.0,0.1008,0.1026,0.1003,0.1022,595625.2
1661367600000.0,0.1022,0.1043,0.1017,0.1019,733745.1
1661371200000.0,0.1021,0.185,0.102,0.1435,10454163.6
1661374800000.0,0.1426,0.1454,0.1142,0.1179,13355861.3
1661378400000.0,0.1179,0.125,0.1164,0.1242,5379949.8
1661382000000.0,0.1239,0.1275,0.1192,0.1265,4024338.0
1661385600000.0,0.1262,0.142,0.1234,0.1298,9184741.1
1661389200000.0,0.1298,0.1351,0.1265,0.1316,3154486.7
1661392800000.0,0.1319,0.1589,0.1267,0.1553,7597493.1
1661396400000.0,0.1553,0.1847,0.1495,0.1803,16647928.4
1661400000000.0,0.1796,0.1873,0.1744,0.1821,7322278.4
1661403600000.0,0.1819,0.1886,0.177,0.1824,4810832.0
1661407200000.0,0.1824,0.1855,0.1663,0.1714,3843057.2
1661410800000.0,0.1707,0.1745,0.1593,0.1623,2738096.0
1661414400000.0,0.163,0.1637,0.152,0.1551,4093922.2
1661418000000.0,0.155,0.1632,0.1523,0.1577,1959980.2
1661421600000.0,0.1581,0.1607,0.1473,0.1486,2535440.2
1661425200000.0,0.1487,0.1502,0.1418,0.1437,2812702.7
1661428800000.0,0.1436,0.1488,0.1384,0.1394,2433426.7
1661432400000.0,0.1392,0.1408,0.1303,0.1327,3430743.6
1661436000000.0,0.1331,0.1343,0.1269,0.1287,2309159.3
1661439600000.0,0.129,0.1354,0.1172,0.1182,4507057.6
1661443200000.0,0.1183,0.1258,0.114,0.1192,9486270.7
1661446800000.0,0.1191,0.1201,0.1147,0.1181,4037750.4
1661450400000.0,0.1183,0.1226,0.1176,0.1195,3636536.1
1661454000000.0,0.1195,0.1212,0.1151,0.1169,5163700.4
1661457600000.0,0.1169,0.1244,0.1165,0.1226,2545410.3
1661461200000.0,0.1223,0.1236,0.1179,0.1217,1918972.1
1661464800000.0,0.122,0.1236,0.119,0.1198,1479467.7
1661468400000.0,0.1197,0.1206,0.1172,0.1203,831200.9
1661472000000.0,0.1202,0.1222,0.1167,0.1186,962765.6
1661475600000.0,0.1185,0.122,0.1185,0.12,1179052.7
1661479200000.0,0.12,0.1224,0.12,0.1209,1037261.6
1661482800000.0,0.1209,0.1234,0.1185,0.1224,1063676.9
1661486400000.0,0.1224,0.1235,0.1207,0.122,1291781.3
1661490000000.0,0.1219,0.1222,0.1108,0.1143,2769113.2
1661493600000.0,0.1145,0.1184,0.1143,0.1174,1960274.0
1661497200000.0,0.1174,0.1194,0.1161,0.1176,1220709.9
1661500800000.0,0.1177,0.1189,0.1167,0.1178,560923.0
1661504400000.0,0.1178,0.1232,0.1167,0.1212,2203844.2
1661508000000.0,0.1212,0.1242,0.1188,0.1214,1058756.2
1661511600000.0,0.121,0.1214,0.1173,0.1182,941102.8
1661515200000.0,0.1179,0.122,0.1175,0.1205,1046110.9
1661518800000.0,0.1206,0.1216,0.1171,0.1181,815273.4
1661522400000.0,0.1181,0.1181,0.1143,0.1162,1116152.4
1661526000000.0,0.1162,0.1168,0.1107,0.1132,1872389.3
1661529600000.0,0.1132,0.1228,0.1077,0.1224,4772204.6
1661533200000.0,0.1219,0.1386,0.1208,0.1232,11421953.2
1661536800000.0,0.1234,0.1241,0.1156,0.1223,5212752.8
1661540400000.0,0.1221,0.1242,0.1185,0.1213,3412239.5
1661544000000.0,0.1207,0.1207,0.1173,0.1189,3619044.8
1661547600000.0,0.1189,0.1208,0.1186,0.1187,617186.4
1661551200000.0,0.1187,0.1201,0.117,0.1188,677312.5
1661554800000.0,0.119,0.1222,0.1182,0.1198,1181497.1
1661558400000.0,0.1195,0.1197,0.104,0.1073,5058448.1
1661562000000.0,0.1075,0.1107,0.1074,0.1101,2041245.6
1661565600000.0,0.1098,0.1123,0.1089,0.1097,1721478.9
1661569200000.0,0.1096,0.1117,0.1093,0.1103,1007067.8
1661572800000.0,0.1106,0.1127,0.1101,0.1114,1302841.1
1661576400000.0,0.1117,0.1127,0.1106,0.1118,667816.3
1661580000000.0,0.1117,0.1119,0.1094,0.1113,355249.8
1661583600000.0,0.1115,0.1125,0.1114,0.112,131645.8
1661587200000.0,0.1122,0.1179,0.112,0.1137,1822918.8
1661590800000.0,0.1137,0.1148,0.1128,0.1138,350154.5
1661594400000.0,0.1136,0.114,0.113,0.1132,246893.2
1661598000000.0,0.1135,0.1135,0.1122,0.1129,504864.9
1661601600000.0,0.1128,0.1145,0.1106,0.111,996010.0
1661605200000.0,0.1111,0.1124,0.1105,0.1112,275622.1
1661608800000.0,0.1112,0.112,0.1092,0.1098,529853.0
1661612400000.0,0.1098,0.1118,0.1098,0.1103,563801.3
1661616000000.0,0.1105,0.1131,0.1102,0.1108,693632.0
1661619600000.0,0.1108,0.1111,0.1068,0.1079,1115933.2
1661623200000.0,0.1077,0.1098,0.1073,0.1079,976414.5
1661626800000.0,0.1081,0.1095,0.108,0.1095,305895.7
1661630400000.0,0.1095,0.1109,0.1089,0.1102,397170.1
1661634000000.0,0.1101,0.1102,0.1083,0.1086,135214.3
1661637600000.0,0.1086,0.1091,0.1069,0.1087,340653.0
1661641200000.0,0.1087,0.1094,0.1076,0.1086,211895.4
1661644800000.0,0.1085,0.1132,0.1081,0.1099,1316460.2
1661648400000.0,0.1098,0.1122,0.1098,0.1109,725219.0
1661652000000.0,0.111,0.1124,0.1103,0.1107,423007.3
1661655600000.0,0.1105,0.1105,0.1087,0.109,253484.6
1661659200000.0,0.1088,0.1114,0.1088,0.1106,1104828.6
1661662800000.0,0.1106,0.1116,0.1098,0.1109,419608.4
1661666400000.0,0.111,0.1113,0.1102,0.1108,125050.0
1661670000000.0,0.1109,0.1109,0.1097,0.1107,312732.2
1661673600000.0,0.1106,0.1106,0.1091,0.1092,80597.0
1661677200000.0,0.109,0.1093,0.1081,0.1088,142527.3
1661680800000.0,0.1088,0.1092,0.1085,0.1092,129781.8
1661684400000.0,0.109,0.1092,0.1085,0.1089,75316.2
1661688000000.0,0.1088,0.1093,0.1071,0.1077,209677.8
1661691600000.0,0.1075,0.1079,0.1071,0.1077,109525.0
1661695200000.0,0.1077,0.1078,0.1054,0.1071,370201.3
1661698800000.0,0.1071,0.108,0.1068,0.108,244707.4
1661702400000.0,0.1083,0.1096,0.1074,0.1074,225525.7
1661706000000.0,0.1077,0.1086,0.1074,0.1078,324751.6
1661709600000.0,0.1079,0.109,0.1079,0.109,47390.1
1661713200000.0,0.1089,0.1092,0.1079,0.1084,206039.7
1661716800000.0,0.1083,0.1089,0.1072,0.108,1764395.5
1661720400000.0,0.108,0.1084,0.107,0.1071,119428.2
1661724000000.0,0.1072,0.1073,0.1064,0.1071,192183.1
1661727600000.0,0.1071,0.1073,0.1026,0.1035,181463.1
1661731200000.0,0.1037,0.1065,0.1037,0.1053,306231.5
1661734800000.0,0.1053,0.1054,0.1037,0.1048,88541.9
1661738400000.0,0.1047,0.1052,0.1037,0.1045,78746.8
1661742000000.0,0.1047,0.1059,0.1043,0.1056,153839.7
1661745600000.0,0.1055,0.1058,0.1044,0.1049,82326.1
1661749200000.0,0.1047,0.1049,0.1019,0.1019,195743.5
1661752800000.0,0.102,0.1045,0.102,0.1045,378537.5
1661756400000.0,0.1045,0.1059,0.1042,0.1059,546160.1
1661760000000.0,0.106,0.1063,0.1049,0.105,135921.1
1661763600000.0,0.1052,0.1083,0.1052,0.1075,938573.3
1661767200000.0,0.1076,0.1078,0.1068,0.1073,376719.1
1661770800000.0,0.1075,0.1078,0.1065,0.1073,91680.7
1661774400000.0,0.1072,0.1095,0.1067,0.1085,299957.3
1661778000000.0,0.1084,0.1091,0.1078,0.1084,192104.8
1661781600000.0,0.1084,0.1118,0.1077,0.1083,324456.5
1661785200000.0,0.1084,0.1094,0.1082,0.1091,54848.4
1661788800000.0,0.109,0.1098,0.108,0.1087,114403.3
1661792400000.0,0.1089,0.1091,0.1078,0.1085,335668.7
1661796000000.0,0.1085,0.1087,0.1073,0.1079,261740.5
1661799600000.0,0.1078,0.1088,0.1075,0.1084,220951.3
1661803200000.0,0.1083,0.1091,0.1081,0.109,57773.7
1661806800000.0,0.1087,0.109,0.108,0.1088,60094.7
1661810400000.0,0.1086,0.1092,0.1084,0.1092,116424.8
1661814000000.0,0.1095,0.111,0.1085,0.1104,122527.3
1661817600000.0,0.1104,0.1105,0.1092,0.1096,272372.0
1661821200000.0,0.1097,0.1098,0.1085,0.109,147688.2
1661824800000.0,0.109,0.1098,0.1086,0.1095,73388.2
1661828400000.0,0.1094,0.1106,0.1091,0.1102,82352.2
1661832000000.0,0.1103,0.113,0.1103,0.1109,163054.5
1661835600000.0,0.1111,0.1116,0.1103,0.1108,56902.2
1661839200000.0,0.1106,0.1107,0.1091,0.1093,60934.3
1661842800000.0,0.1091,0.1097,0.1085,0.1088,54429.1
1661846400000.0,0.1089,0.109,0.1076,0.1078,96669.9
1661850000000.0,0.1077,0.1086,0.1072,0.1083,36836.7
1661853600000.0,0.1081,0.1088,0.1076,0.1077,35132.5
1661857200000.0,0.1078,0.1081,0.1077,0.1079,19112.9
1661860800000.0,0.108,0.1081,0.1064,0.1072,241850.9
1661864400000.0,0.1074,0.1081,0.1069,0.1073,89516.5
1661868000000.0,0.1075,0.1075,0.1038,0.1047,349501.9
1661871600000.0,0.1048,0.1057,0.1042,0.1053,222917.2
1661875200000.0,0.1052,0.1054,0.099,0.1003,590086.1
1661878800000.0,0.1004,0.1018,0.0981,0.0996,1021918.0
1661882400000.0,0.0999,0.1011,0.0998,0.1006,155498.0
1661886000000.0,0.1006,0.1032,0.1005,0.1017,220060.1
1661889600000.0,0.1017,0.1026,0.1014,0.102,101363.6
1661893200000.0,0.102,0.1029,0.1011,0.1015,128556.4
1661896800000.0,0.1015,0.1025,0.1014,0.1025,137431.6
1661900400000.0,0.1024,0.1027,0.1016,0.1018,58965.8
1661904000000.0,0.1019,0.1041,0.1019,0.1038,155684.4
1661907600000.0,0.1037,0.1051,0.1035,0.1043,76996.4
1661911200000.0,0.1044,0.1053,0.1044,0.1048,49066.7
1661914800000.0,0.1048,0.1055,0.104,0.1042,70170.6
1661918400000.0,0.1044,0.1049,0.1033,0.1035,160683.4
1661922000000.0,0.1036,0.1043,0.1036,0.1038,29460.8
1661925600000.0,0.104,0.1051,0.1031,0.1036,61654.2
1661929200000.0,0.1036,0.1039,0.1025,0.1028,70960.5
1661932800000.0,0.1026,0.1036,0.1016,0.1024,61356.9
1661936400000.0,0.1023,0.1026,0.102,0.102,55629.3
1661940000000.0,0.1022,0.1032,0.1018,0.103,82773.4
1661943600000.0,0.1029,0.1032,0.1024,0.103,24137.6
1661947200000.0,0.103,0.1034,0.102,0.1027,688954.1
1661950800000.0,0.1026,0.1029,0.1014,0.1021,58837.4
1661954400000.0,0.102,0.1023,0.1005,0.1005,47995.6
1661958000000.0,0.1004,0.1017,0.0988,0.1016,199812.3
1661961600000.0,0.1016,0.1018,0.1006,0.1006,283146.4
1661965200000.0,0.1006,0.1013,0.1004,0.1007,50817.2
1661968800000.0,0.1005,0.1011,0.1004,0.1004,127429.4
1661972400000.0,0.1004,0.1015,0.1004,0.1011,131230.4
1661976000000.0,0.101,0.1012,0.1006,0.1009,255475.9
1661979600000.0,0.1011,0.1013,0.1005,0.1012,40718.3
1661983200000.0,0.1012,0.1016,0.0998,0.1001,759363.0
1661986800000.0,0.1002,0.1004,0.0988,0.0991,347516.0
1661990400000.0,0.099,0.1,0.0945,0.0959,858504.9
1661994000000.0,0.0959,0.0964,0.0954,0.0961,293461.0
1661997600000.0,0.0961,0.0971,0.096,0.0965,152899.4
1662001200000.0,0.0966,0.0976,0.0965,0.0968,89083.6
1662004800000.0,0.097,0.0974,0.0969,0.0971,34939.5
1662008400000.0,0.0973,0.0979,0.097,0.097,18331.9
1662012000000.0,0.0971,0.0971,0.0956,0.0958,132274.2
1662015600000.0,0.0956,0.0956,0.0946,0.0952,79832.1
1662019200000.0,0.0953,0.0962,0.095,0.0962,42450.1
1662022800000.0,0.0964,0.0978,0.0961,0.0973,485542.8
1662026400000.0,0.0973,0.0979,0.097,0.0977,41931.0
1662030000000.0,0.0976,0.0977,0.0971,0.0976,86590.0
1662033600000.0,0.0975,0.0978,0.0957,0.0966,3144636.9
1662037200000.0,0.0968,0.0972,0.0962,0.0967,74440.1
1662040800000.0,0.0966,0.0966,0.0936,0.0944,544999.7
1662044400000.0,0.0945,0.096,0.0942,0.0956,121070.1
1662048000000.0,0.0956,0.0961,0.0951,0.0958,413524.2
1662051600000.0,0.0958,0.0972,0.0956,0.0957,739333.8
1662055200000.0,0.0959,0.0966,0.0957,0.0961,325886.8
1662058800000.0,0.096,0.0965,0.0958,0.0964,56168.1
1662062400000.0,0.0968,0.0972,0.0965,0.0972,46098.6
1662066000000.0,0.0973,0.0992,0.0973,0.098,300093.9
1662069600000.0,0.0981,0.0986,0.0977,0.098,58396.0
1662073200000.0,0.0978,0.0981,0.0976,0.0981,47889.2
1662076800000.0,0.0979,0.0981,0.0971,0.0974,173349.0
1662080400000.0,0.0975,0.0977,0.096,0.0964,72048.0
1662084000000.0,0.0964,0.097,0.0954,0.0962,16181.8
1662087600000.0,0.0962,0.0981,0.0962,0.0976,113832.5
1662091200000.0,0.0978,0.0986,0.0977,0.0982,226939.6
1662094800000.0,0.0981,0.0981,0.0972,0.0978,26283.7
1662098400000.0,0.0977,0.0977,0.0971,0.0974,10735.7
1662102000000.0,0.0974,0.0974,0.0963,0.0968,60460.1
1662105600000.0,0.0969,0.0971,0.0965,0.0968,48382.0
1662109200000.0,0.0966,0.0967,0.0961,0.0962,38094.6
1662112800000.0,0.0962,0.0963,0.0951,0.0955,43950.3
1662116400000.0,0.0956,0.0956,0.0904,0.0929,380746.3
1662120000000.0,0.093,0.0963,0.093,0.0951,240038.6
1662123600000.0,0.0951,0.0969,0.0951,0.0959,104490.6
1662127200000.0,0.0958,0.097,0.0956,0.0965,40835.8
1662130800000.0,0.0966,0.1001,0.0966,0.0996,783535.3
1662134400000.0,0.0993,0.1001,0.0975,0.0982,730402.0
1662138000000.0,0.0981,0.0985,0.0964,0.0966,518427.5
1662141600000.0,0.0966,0.0983,0.096,0.0969,898640.6
1662145200000.0,0.0967,0.0972,0.0955,0.0965,153667.1
1662148800000.0,0.0963,0.0965,0.0956,0.0964,136117.3
1662152400000.0,0.0964,0.0964,0.0949,0.0958,31927.5
1662156000000.0,0.0959,0.0962,0.0953,0.0961,16553.7
1662159600000.0,0.096,0.0962,0.0957,0.0962,23543.4
1662163200000.0,0.0963,0.0968,0.0958,0.0965,73893.6
1662166800000.0,0.0966,0.0966,0.096,0.0962,31661.7
1662170400000.0,0.096,0.096,0.0955,0.0957,9423.1
1662174000000.0,0.0955,0.0956,0.0952,0.0952,28560.4
1662177600000.0,0.0955,0.0965,0.0954,0.0963,29513.2
1662181200000.0,0.0963,0.097,0.0962,0.0963,46189.2
1662184800000.0,0.0965,0.0968,0.0959,0.0963,90848.4
1662188400000.0,0.0964,0.0964,0.0946,0.0954,77662.8
1662192000000.0,0.0953,0.0955,0.0949,0.095,15613.2
1662195600000.0,0.0949,0.0951,0.0941,0.0946,55723.9
1662199200000.0,0.0945,0.0949,0.0943,0.0947,18669.9
1662202800000.0,0.0947,0.0948,0.0943,0.0946,15412.2
1662206400000.0,0.0945,0.0959,0.0944,0.0956,141722.2
1662210000000.0,0.0958,0.0961,0.0953,0.0957,50740.4
1662213600000.0,0.0956,0.0958,0.0951,0.0956,116902.8
1662217200000.0,0.0954,0.0957,0.0952,0.0953,19292.7
1662220800000.0,0.0954,0.0958,0.0954,0.0955,17701.6
1662224400000.0,0.0957,0.0959,0.0954,0.0959,7612.6
1662228000000.0,0.0957,0.0959,0.0951,0.0951,76880.1
1662231600000.0,0.0951,0.0958,0.0945,0.0948,139868.9
1662235200000.0,0.0949,0.0952,0.0948,0.095,65357.3
1662238800000.0,0.095,0.0953,0.0948,0.0951,216184.6
1662242400000.0,0.0951,0.0953,0.0949,0.0949,32015.7
1662246000000.0,0.0949,0.0953,0.0948,0.0953,7490.7
1662249600000.0,0.0954,0.0954,0.095,0.0952,78856.4
1662253200000.0,0.0953,0.0953,0.0946,0.0949,955617.0
1662256800000.0,0.0948,0.0952,0.0948,0.0951,40721.7
1662260400000.0,0.0951,0.0956,0.095,0.0955,58996.8
1662264000000.0,0.0956,0.0956,0.0951,0.0955,241640.5
1662267600000.0,0.0956,0.0959,0.0954,0.0956,84326.8
1662271200000.0,0.0956,0.0963,0.0953,0.0954,64281.0
1662274800000.0,0.0952,0.0955,0.0945,0.0945,28749.3
1662278400000.0,0.0946,0.0948,0.0931,0.0942,370082.1
1662282000000.0,0.0942,0.0946,0.0939,0.0944,243248.0
1662285600000.0,0.0945,0.0945,0.0941,0.0944,9078.0
1662289200000.0,0.0944,0.0947,0.0939,0.0947,24604.4
1662292800000.0,0.0947,0.0954,0.0945,0.095,20157.3
1662296400000.0,0.0951,0.0951,0.0939,0.094,57017.1
1662300000000.0,0.094,0.0946,0.0939,0.0944,44018.3
1662303600000.0,0.0944,0.0949,0.0943,0.0949,10269.1
1662307200000.0,0.0948,0.0954,0.0945,0.0951,22850.7
1662310800000.0,0.0953,0.0954,0.0949,0.0952,95899.7
1662314400000.0,0.0951,0.0955,0.095,0.0954,13492.5
1662318000000.0,0.0954,0.0962,0.0954,0.0958,16919.3
1662321600000.0,0.0958,0.0966,0.0956,0.0962,149164.0
1662325200000.0,0.096,0.0962,0.0959,0.096,27762.9
1662328800000.0,0.0962,0.0964,0.0958,0.0959,165808.3
1662332400000.0,0.0959,0.0967,0.0958,0.0965,680338.6
1662336000000.0,0.0966,0.0972,0.0959,0.0963,108856.7
1662339600000.0,0.0965,0.0969,0.096,0.096,91692.4
1662343200000.0,0.096,0.0962,0.0958,0.096,69932.6
1662346800000.0,0.096,0.0966,0.096,0.0964,20086.7
1662350400000.0,0.0965,0.0968,0.0962,0.0967,136052.5
1662354000000.0,0.0965,0.0965,0.095,0.0952,68260.8
1662357600000.0,0.0952,0.0954,0.0951,0.0951,41149.7
1662361200000.0,0.0951,0.0951,0.0943,0.0945,48571.8
1662364800000.0,0.0944,0.0944,0.0942,0.0944,17963.5
1662368400000.0,0.0944,0.0944,0.0932,0.094,67630.5
1662372000000.0,0.0938,0.0942,0.0924,0.0927,109185.9
1662375600000.0,0.0926,0.0927,0.0921,0.0926,160007.9
1662379200000.0,0.0925,0.0926,0.0916,0.0923,95023.1
1662382800000.0,0.0924,0.0932,0.0923,0.0925,322926.6
1662386400000.0,0.0927,0.0933,0.0927,0.0933,174550.7
1662390000000.0,0.0932,0.0932,0.0924,0.0927,124414.0
1662393600000.0,0.0927,0.0931,0.0926,0.0929,16562.1
1662397200000.0,0.0927,0.0931,0.0925,0.0931,21932.4
1662400800000.0,0.093,0.093,0.0923,0.0924,21077.8
1662404400000.0,0.0924,0.0925,0.0922,0.0924,113574.8
1662408000000.0,0.0924,0.093,0.0921,0.093,47210.8
1662411600000.0,0.0929,0.0929,0.0924,0.0925,67801.4
1662415200000.0,0.0925,0.093,0.0923,0.0929,98926.1
1662418800000.0,0.0928,0.0933,0.0926,0.0933,121348.8
1662422400000.0,0.0933,0.0952,0.0931,0.0943,342032.4
1662426000000.0,0.0945,0.095,0.0926,0.0927,184473.0
1662429600000.0,0.0926,0.0929,0.0916,0.0929,318580.3
1662433200000.0,0.0928,0.0929,0.0921,0.0928,48385.5
1662436800000.0,0.093,0.0936,0.093,0.0935,48766.4
1662440400000.0,0.0936,0.0946,0.0933,0.0941,211548.5
1662444000000.0,0.0942,0.0948,0.0942,0.0946,8025.1
1662447600000.0,0.0946,0.0946,0.0937,0.094,31509.4
1662451200000.0,0.0938,0.0943,0.0937,0.0943,36837.7
1662454800000.0,0.0943,0.0944,0.0932,0.0938,18603.0
1662458400000.0,0.0939,0.0947,0.0939,0.0946,33375.1
1662462000000.0,0.0946,0.095,0.0944,0.0945,111598.5
1662465600000.0,0.0945,0.0952,0.094,0.094,77013.7
1662469200000.0,0.094,0.0941,0.0919,0.0925,132182.9
1662472800000.0,0.0926,0.0929,0.0916,0.0929,42198.5
1662476400000.0,0.0928,0.0931,0.0923,0.0928,68456.5
1662480000000.0,0.0929,0.0929,0.092,0.0923,68267.2
1662483600000.0,0.0922,0.0922,0.0815,0.0853,1607490.5
1662487200000.0,0.0851,0.0871,0.0838,0.0838,698604.3
1662490800000.0,0.0837,0.0847,0.0829,0.0841,287374.6
1662494400000.0,0.0841,0.0845,0.0824,0.0836,630278.7
1662498000000.0,0.0837,0.0838,0.0829,0.0831,87280.1
1662501600000.0,0.0829,0.0839,0.0825,0.0835,1534485.3
1662505200000.0,0.0834,0.0835,0.0821,0.0825,125976.5
1662508800000.0,0.0823,0.0844,0.0823,0.0842,385299.4
1662512400000.0,0.0842,0.0844,0.0833,0.084,91106.7
1662516000000.0,0.084,0.084,0.0821,0.083,210998.6
1662519600000.0,0.0831,0.0847,0.083,0.0843,431089.0
1662523200000.0,0.0841,0.0847,0.0836,0.0843,531441.1
1662526800000.0,0.0842,0.0846,0.0841,0.0841,99692.7
1662530400000.0,0.0842,0.0849,0.0842,0.0843,96433.4
1662534000000.0,0.0844,0.0847,0.0843,0.0846,46221.9
1662537600000.0,0.0845,0.0857,0.0845,0.0854,302473.2
1662541200000.0,0.0854,0.0854,0.0845,0.0849,120570.5
1662544800000.0,0.085,0.085,0.0843,0.0845,13894.4
1662548400000.0,0.0844,0.0846,0.0839,0.0845,109786.5
1662552000000.0,0.0845,0.0889,0.0845,0.0867,827598.6
1662555600000.0,0.0871,0.088,0.0862,0.0864,197872.9
1662559200000.0,0.0864,0.0867,0.086,0.086,31437.2
1662562800000.0,0.0861,0.0869,0.0856,0.0859,36173.1
1662566400000.0,0.0862,0.0867,0.0856,0.0856,97707.4
1662570000000.0,0.0863,0.0866,0.0859,0.0863,100108.3
1662573600000.0,0.0868,0.0869,0.0862,0.0864,19395.7
1662577200000.0,0.0865,0.087,0.0864,0.0869,140080.6
1662580800000.0,0.0868,0.0886,0.0867,0.0882,206414.3
1662584400000.0,0.0886,0.0889,0.0874,0.0882,547793.1
1662588000000.0,0.0884,0.0884,0.0874,0.0877,75913.0
1662591600000.0,0.0877,0.0879,0.0869,0.0873,182899.6
1662595200000.0,0.0876,0.0879,0.0865,0.0867,319881.4
1662598800000.0,0.0865,0.087,0.0862,0.087,33283.0
1662602400000.0,0.0869,0.0874,0.0867,0.0872,110744.8
1662606000000.0,0.0876,0.0876,0.0872,0.0872,8960.9
1662609600000.0,0.0876,0.088,0.0846,0.0864,227224.4
1662613200000.0,0.0864,0.0865,0.0857,0.0858,112992.5
1662616800000.0,0.0862,0.0863,0.0851,0.0851,90845.9
1662620400000.0,0.0851,0.0855,0.0838,0.0847,351610.4
1662624000000.0,0.0848,0.0857,0.0844,0.0856,70036.1
1662627600000.0,0.0855,0.0855,0.0846,0.085,43220.4
1662631200000.0,0.085,0.0869,0.085,0.0867,204747.3
1662634800000.0,0.0867,0.0867,0.0856,0.086,217069.4
1662638400000.0,0.0858,0.086,0.0843,0.0847,184962.6
1662642000000.0,0.0848,0.086,0.0835,0.0856,154276.7
1662645600000.0,0.0855,0.0864,0.0847,0.0864,42042.0
1662649200000.0,0.0863,0.0864,0.0855,0.0855,29252.3
1662652800000.0,0.0853,0.0854,0.0846,0.0851,58571.2
1662656400000.0,0.0851,0.0858,0.0848,0.0857,271983.6
1662660000000.0,0.0856,0.0858,0.085,0.0855,65046.6
1662663600000.0,0.0855,0.0864,0.0852,0.0862,574025.7
1662667200000.0,0.0863,0.0867,0.086,0.0865,512950.9
1662670800000.0,0.0864,0.0864,0.0854,0.086,311311.6
1662674400000.0,0.0859,0.086,0.0855,0.0857,31821.9
1662678000000.0,0.0859,0.0859,0.0855,0.0857,45248.3
1662681600000.0,0.0859,0.087,0.0859,0.0867,103573.7
1662685200000.0,0.0869,0.0874,0.0866,0.0868,43294.4
1662688800000.0,0.0869,0.0872,0.0864,0.0867,32660.1
1662692400000.0,0.0869,0.0883,0.0866,0.0879,151265.5
1662696000000.0,0.0879,0.0891,0.0877,0.0884,408219.4
1662699600000.0,0.0884,0.0891,0.0884,0.0889,128421.4
1662703200000.0,0.089,0.0902,0.089,0.0902,125340.3
1662706800000.0,0.09,0.09,0.0888,0.0894,44941.9
1662710400000.0,0.0892,0.0909,0.089,0.0903,116103.5
1662714000000.0,0.0902,0.0902,0.0893,0.0899,96126.6
1662717600000.0,0.0898,0.0904,0.0894,0.0899,82570.7
1662721200000.0,0.0901,0.0913,0.0891,0.0906,276454.0
1662724800000.0,0.0905,0.0926,0.0903,0.0912,187735.8
1662728400000.0,0.0911,0.0911,0.0902,0.0905,108805.6
1662732000000.0,0.0912,0.0912,0.09,0.0908,42174.9
1662735600000.0,0.091,0.091,0.0903,0.0904,22704.8
1662739200000.0,0.0904,0.0905,0.0892,0.0903,207944.1
1662742800000.0,0.0904,0.0908,0.0886,0.089,291860.8
1662746400000.0,0.0891,0.0894,0.0888,0.089,131993.3
1662750000000.0,0.0889,0.0898,0.0885,0.0896,140787.1
1662753600000.0,0.0896,0.0903,0.0893,0.0901,61998.5
1662757200000.0,0.0899,0.0905,0.0899,0.0904,283263.1
1662760800000.0,0.0902,0.0907,0.0901,0.0903,67131.8
1662764400000.0,0.0905,0.0921,0.0898,0.0905,120437.6
1662768000000.0,0.0906,0.0916,0.0902,0.0904,117517.5
1662771600000.0,0.0905,0.0915,0.0905,0.091,37515.9
1662775200000.0,0.0911,0.0911,0.0905,0.0911,79500.0
1662778800000.0,0.091,0.0913,0.0905,0.0907,26417.4
1662782400000.0,0.0909,0.0914,0.0894,0.0898,53150.9
1662786000000.0,0.0896,0.0902,0.0894,0.0895,99788.6
1662789600000.0,0.0894,0.0936,0.0892,0.0915,459529.6
1662793200000.0,0.0915,0.0916,0.0882,0.0884,220728.2
1662796800000.0,0.0885,0.0899,0.0885,0.0893,294662.6
1662800400000.0,0.0897,0.09,0.0896,0.0897,2279.4
1662804000000.0,0.0897,0.09,0.0891,0.0897,184298.2
1662807600000.0,0.0898,0.0899,0.0894,0.0896,24552.4
1662811200000.0,0.0896,0.0901,0.0891,0.0899,126397.2
1662814800000.0,0.0899,0.0906,0.0886,0.089,419435.4
1662818400000.0,0.0889,0.0898,0.0886,0.0894,58301.1
1662822000000.0,0.0893,0.0893,0.0887,0.0889,53346.1
1662825600000.0,0.0889,0.0889,0.0876,0.0883,181907.1
1662829200000.0,0.0883,0.0885,0.0879,0.0882,139776.1
1662832800000.0,0.088,0.0882,0.0867,0.0878,405733.2
1662836400000.0,0.0878,0.0884,0.0878,0.088,169193.5
1662840000000.0,0.0881,0.0881,0.0869,0.0876,326041.9
1662843600000.0,0.0876,0.0881,0.0872,0.088,120920.8
1662847200000.0,0.0878,0.0889,0.0877,0.0884,196020.9
1662850800000.0,0.0883,0.0888,0.0881,0.0882,164273.4
1662854400000.0,0.0883,0.0895,0.0882,0.0893,358214.2
1662858000000.0,0.0892,0.0895,0.089,0.0892,188005.2
1662861600000.0,0.0892,0.0902,0.0892,0.0901,194577.1
1662865200000.0,0.0902,0.0925,0.0902,0.0914,389135.1
1662868800000.0,0.0914,0.0925,0.0907,0.0909,1428373.0
1662872400000.0,0.0908,0.0912,0.0895,0.09,725420.9
1662876000000.0,0.09,0.0905,0.0881,0.0889,264189.4
1662879600000.0,0.089,0.0905,0.089,0.0902,259324.8
1662883200000.0,0.09,0.0904,0.0898,0.0902,26135.6
1662886800000.0,0.0903,0.0903,0.0895,0.0896,88451.7
1662890400000.0,0.0898,0.0899,0.0891,0.0895,94511.9
1662894000000.0,0.0896,0.0901,0.0895,0.0897,6078.7
1662897600000.0,0.0895,0.0895,0.0889,0.0893,74259.2
1662901200000.0,0.0893,0.0893,0.0883,0.0887,258932.2
1662904800000.0,0.0885,0.0887,0.0881,0.0885,17285.8
1662908400000.0,0.0884,0.0891,0.0882,0.0888,201247.9
1662912000000.0,0.0888,0.0895,0.0887,0.0895,98016.0
1662915600000.0,0.0896,0.0898,0.0889,0.0889,34335.6
1662919200000.0,0.0889,0.0889,0.0882,0.0883,163877.3
1662922800000.0,0.0883,0.0886,0.0882,0.0885,116024.1
1662926400000.0,0.0885,0.0886,0.0867,0.0875,217303.2
1662930000000.0,0.0873,0.0876,0.0846,0.0859,170215.5
1662933600000.0,0.0857,0.0865,0.0857,0.086,115474.2
1662937200000.0,0.086,0.0871,0.0857,0.0867,294109.7
1662940800000.0,0.0865,0.0866,0.0854,0.0855,625567.3
1662944400000.0,0.0854,0.0889,0.0853,0.0888,207884.1
1662948000000.0,0.089,0.0898,0.0872,0.0875,206752.8
1662951600000.0,0.0875,0.0878,0.0862,0.0873,156309.3
1662955200000.0,0.0872,0.0881,0.0871,0.088,408527.6
1662958800000.0,0.088,0.0881,0.0873,0.0879,75436.8
1662962400000.0,0.0878,0.088,0.0875,0.0879,21587.9
1662966000000.0,0.0879,0.0883,0.0874,0.0882,143586.2
1662969600000.0,0.0882,0.0902,0.0881,0.0892,289996.7
1662973200000.0,0.0892,0.0893,0.0889,0.0891,22408.3
1662976800000.0,0.089,0.0892,0.088,0.0891,106152.7
1662980400000.0,0.0893,0.0909,0.0885,0.0905,300551.8
1662984000000.0,0.0903,0.0914,0.0897,0.0909,467382.9
1662987600000.0,0.0909,0.0909,0.0898,0.0903,146786.4
1662991200000.0,0.0903,0.0909,0.0893,0.0895,270568.0
1662994800000.0,0.0896,0.0897,0.0881,0.0883,249010.5
1662998400000.0,0.0884,0.0884,0.0858,0.0874,258833.6
1663002000000.0,0.0875,0.0885,0.0872,0.0884,27246.2
1663005600000.0,0.0884,0.0884,0.0877,0.0884,32683.4
1663009200000.0,0.0886,0.0887,0.0878,0.0885,143224.7
1663012800000.0,0.0884,0.0893,0.0882,0.0889,157665.6
1663016400000.0,0.0889,0.0891,0.0882,0.0884,499434.8
1663020000000.0,0.0884,0.0888,0.088,0.0885,145003.3
1663023600000.0,0.0883,0.0894,0.0883,0.0886,203378.2
1663027200000.0,0.0886,0.0887,0.0862,0.0869,190114.1
1663030800000.0,0.0869,0.0871,0.0863,0.0868,298914.0
1663034400000.0,0.0867,0.0879,0.0862,0.0878,25980.5
1663038000000.0,0.0877,0.089,0.0872,0.0886,80000.6
1663041600000.0,0.0886,0.0889,0.0881,0.0881,113269.9
1663045200000.0,0.0882,0.0885,0.0876,0.0877,74777.5
1663048800000.0,0.0878,0.0887,0.087,0.0873,61962.2
1663052400000.0,0.0874,0.0887,0.087,0.0887,28664.7
1663056000000.0,0.0889,0.0896,0.0874,0.0874,56733.3
1663059600000.0,0.0874,0.088,0.086,0.0866,89747.4
1663063200000.0,0.0863,0.087,0.0863,0.087,2776.5
1663066800000.0,0.0869,0.0874,0.0864,0.0867,38879.0
1663070400000.0,0.0867,0.0873,0.0803,0.0815,639355.0
1663074000000.0,0.0816,0.0827,0.0812,0.082,174883.8
1663077600000.0,0.0818,0.0826,0.0818,0.0821,187231.6
1663081200000.0,0.0822,0.0829,0.082,0.0826,225484.2
1663084800000.0,0.0826,0.0833,0.0824,0.083,231118.6
1663088400000.0,0.0829,0.0833,0.0824,0.0826,34340.0
1663092000000.0,0.0824,0.0828,0.0815,0.0818,183858.0
1663095600000.0,0.0818,0.0825,0.0809,0.0824,23704.9
1663099200000.0,0.0825,0.083,0.082,0.0826,160810.0
1663102800000.0,0.0824,0.0825,0.0814,0.0822,67869.9
1663106400000.0,0.082,0.0826,0.0817,0.0821,64434.3
1663110000000.0,0.0822,0.0823,0.0811,0.0816,449563.7
1663113600000.0,0.0818,0.0821,0.0808,0.0821,88904.7
1663117200000.0,0.0823,0.0829,0.0823,0.0828,23890.9
1663120800000.0,0.083,0.0833,0.0828,0.0833,20963.4
1663124400000.0,0.0835,0.0837,0.0832,0.0836,19403.2
1663128000000.0,0.0836,0.0844,0.0835,0.0843,47232.5
1663131600000.0,0.0842,0.0843,0.0837,0.0837,5591.5
1663135200000.0,0.0839,0.0839,0.0818,0.0821,126272.6
1663138800000.0,0.0823,0.0825,0.0808,0.0812,62042.1
1663142400000.0,0.0814,0.0824,0.0807,0.082,29575.3
1663146000000.0,0.082,0.0824,0.0818,0.0824,5619.4
1663149600000.0,0.0823,0.0832,0.0823,0.0829,10347.7
1663153200000.0,0.0831,0.0832,0.0819,0.0823,134517.0
1663156800000.0,0.0821,0.0847,0.0815,0.0845,204117.0
1663160400000.0,0.0843,0.0845,0.0826,0.0838,95255.9
1663164000000.0,0.0837,0.0837,0.0824,0.0828,338279.3
1663167600000.0,0.0826,0.0827,0.0815,0.0815,689218.9
1663171200000.0,0.0817,0.0817,0.0805,0.0807,173969.7
1663174800000.0,0.0806,0.0813,0.0804,0.0805,41657.3
1663178400000.0,0.0805,0.0807,0.0787,0.0803,360538.8
1663182000000.0,0.0801,0.0809,0.0801,0.0808,220632.7
1663185600000.0,0.0809,0.081,0.0806,0.0808,14607.3
1663189200000.0,0.0808,0.0813,0.0805,0.0813,36845.0
1663192800000.0,0.0813,0.0817,0.0812,0.0815,26482.6
1663196400000.0,0.0815,0.0815,0.0808,0.0811,254158.3
1663200000000.0,0.0811,0.0813,0.0804,0.0807,109095.4
1663203600000.0,0.0807,0.0807,0.0798,0.0805,54992.0
1663207200000.0,0.0803,0.0803,0.0791,0.0796,25934.1
1663210800000.0,0.0795,0.0796,0.078,0.0793,65719.6
1663214400000.0,0.0792,0.0795,0.0788,0.0795,28085.5
1663218000000.0,0.0795,0.0805,0.0792,0.0803,37947.4
1663221600000.0,0.0802,0.0822,0.0791,0.0819,133562.8
1663225200000.0,0.082,0.0838,0.082,0.0824,86752.5
1663228800000.0,0.0822,0.0826,0.0817,0.082,57194.6
1663232400000.0,0.082,0.0822,0.0816,0.082,36467.5
1663236000000.0,0.082,0.0821,0.0813,0.0814,84212.0
1663239600000.0,0.0814,0.082,0.0812,0.0819,10688.0
1663243200000.0,0.0819,0.0825,0.0815,0.082,55181.8
1663246800000.0,0.082,0.0824,0.0814,0.0824,57706.4
1663250400000.0,0.0825,0.0831,0.0808,0.0813,69563.8
1663254000000.0,0.0811,0.0834,0.0804,0.0828,281942.2
1663257600000.0,0.0829,0.0851,0.0825,0.0841,444456.2
1663261200000.0,0.0841,0.0845,0.0836,0.0837,182657.5
1663264800000.0,0.0836,0.0842,0.0829,0.0831,106058.5
1663268400000.0,0.0829,0.0836,0.0829,0.0832,24650.9
1663272000000.0,0.0833,0.0839,0.0829,0.0837,44194.4
1663275600000.0,0.0836,0.0839,0.0832,0.0838,64631.9
1663279200000.0,0.0837,0.0837,0.0818,0.0826,74545.9
1663282800000.0,0.0827,0.0832,0.0822,0.0832,104376.0
1663286400000.0,0.0831,0.0831,0.0806,0.0825,128220.1
1663290000000.0,0.0827,0.0836,0.0822,0.0827,59318.1
1663293600000.0,0.0827,0.083,0.0817,0.0825,143824.1
1663297200000.0,0.0824,0.0833,0.0824,0.0832,24917.0
1663300800000.0,0.0832,0.0837,0.0827,0.083,139252.6
1663304400000.0,0.0831,0.0837,0.083,0.0836,79755.6
1663308000000.0,0.0837,0.0841,0.0834,0.0835,30245.6
1663311600000.0,0.0835,0.0836,0.0822,0.0824,15304.4
1663315200000.0,0.0826,0.0827,0.0802,0.0803,56135.2
1663318800000.0,0.0804,0.0808,0.0804,0.0807,18629.3
1663322400000.0,0.0806,0.0814,0.0805,0.0814,87441.8
1663326000000.0,0.0814,0.082,0.0813,0.0818,16654.4
1663329600000.0,0.0817,0.0817,0.0811,0.0811,17080.4
1663333200000.0,0.0811,0.0811,0.079,0.0792,85334.3
1663336800000.0,0.0795,0.082,0.0792,0.0813,234193.6
1663340400000.0,0.0816,0.082,0.0813,0.0816,16427.9
1663344000000.0,0.0815,0.0815,0.08,0.0808,60157.0
1663347600000.0,0.081,0.0814,0.0804,0.0812,53227.2
1663351200000.0,0.0812,0.0818,0.081,0.0816,59718.5
1663354800000.0,0.0815,0.0819,0.0815,0.0818,123039.0
1663358400000.0,0.0818,0.0826,0.0818,0.0825,85871.6
1663362000000.0,0.0826,0.0829,0.0824,0.0827,168110.0
1663365600000.0,0.0827,0.0837,0.0827,0.0835,96126.5
1663369200000.0,0.0836,0.0839,0.0834,0.0838,18330.5
1663372800000.0,0.084,0.0854,0.084,0.0853,49116.0
1663376400000.0,0.0852,0.0857,0.085,0.0854,46894.7
1663380000000.0,0.0857,0.0864,0.0854,0.0854,260117.3
1663383600000.0,0.0854,0.0859,0.0852,0.0852,20923.8
1663387200000.0,0.0853,0.0858,0.0852,0.0854,21000.3
1663390800000.0,0.0855,0.0856,0.0848,0.0856,23238.9
1663394400000.0,0.0858,0.0863,0.0857,0.0858,11279.7
1663398000000.0,0.0856,0.0857,0.0852,0.0855,23359.7
1663401600000.0,0.0854,0.0857,0.0851,0.0855,5402.1
1663405200000.0,0.0856,0.0856,0.085,0.0851,57855.9
1663408800000.0,0.0853,0.0853,0.0842,0.0842,16737.3
1663412400000.0,0.0844,0.0844,0.0841,0.0842,10621.4
1663416000000.0,0.0843,0.0856,0.0843,0.0856,14042.3
1663419600000.0,0.0855,0.0855,0.0847,0.0852,95830.5
1663423200000.0,0.0853,0.0868,0.0851,0.0866,896256.2
1663426800000.0,0.0865,0.0866,0.086,0.0865,185769.8
1663430400000.0,0.0865,0.0869,0.0859,0.0865,82849.5
1663434000000.0,0.0865,0.0867,0.086,0.0864,155971.3
1663437600000.0,0.0864,0.0865,0.0858,0.0861,18578.3
1663441200000.0,0.0859,0.0859,0.0856,0.0857,15559.5
1663444800000.0,0.0858,0.0864,0.0858,0.0864,7724.1
1663448400000.0,0.0862,0.0862,0.0856,0.0858,728206.0
1663452000000.0,0.0858,0.0866,0.0858,0.0865,782814.5
1663455600000.0,0.0865,0.0871,0.0865,0.0866,61518.3
1663459200000.0,0.0866,0.0873,0.0862,0.0865,48749.0
1663462800000.0,0.0867,0.0875,0.0867,0.0875,22539.7
1663466400000.0,0.0874,0.0874,0.0866,0.087,8821.9
1663470000000.0,0.0867,0.0871,0.0866,0.0869,59472.8
1663473600000.0,0.0869,0.087,0.0866,0.0868,137033.8
1663477200000.0,0.0871,0.0875,0.0871,0.0873,6626.5
1663480800000.0,0.0874,0.0874,0.0871,0.0874,14637.7
1663484400000.0,0.0875,0.0875,0.0863,0.0863,61596.2
1663488000000.0,0.0863,0.0879,0.0863,0.0877,146416.9
1663491600000.0,0.0879,0.0883,0.0851,0.0853,82991.9
1663495200000.0,0.0854,0.0876,0.0854,0.0862,109988.4
1663498800000.0,0.0862,0.0865,0.0857,0.0857,85936.6
1663502400000.0,0.0856,0.0856,0.0843,0.0848,50758.3
1663506000000.0,0.0846,0.0848,0.0842,0.0846,65975.2
1663509600000.0,0.0845,0.0845,0.0831,0.0835,171962.5
1663513200000.0,0.0835,0.0838,0.083,0.0831,23627.8
1663516800000.0,0.0832,0.0833,0.0812,0.0819,554238.2
1663520400000.0,0.082,0.0823,0.081,0.0813,62419.9
1663524000000.0,0.0813,0.082,0.0811,0.0816,97267.6
1663527600000.0,0.0815,0.0822,0.0815,0.0818,16508.7
1663531200000.0,0.0819,0.0819,0.0814,0.0814,8228.6
1663534800000.0,0.0812,0.0812,0.0753,0.0782,496420.7
1663538400000.0,0.0781,0.0789,0.0778,0.0786,26539.9
1663542000000.0,0.0788,0.0794,0.0785,0.079,63521.1
1663545600000.0,0.079,0.0796,0.0781,0.079,196484.6
1663549200000.0,0.0791,0.0794,0.0787,0.0791,12864.5
1663552800000.0,0.0792,0.0792,0.0764,0.077,61339.5
1663556400000.0,0.077,0.0776,0.0765,0.0776,29961.5
1663560000000.0,0.0776,0.0781,0.0775,0.0781,53538.0
1663563600000.0,0.0781,0.0784,0.0773,0.0777,37944.2
1663567200000.0,0.0778,0.0782,0.0771,0.0776,14145.2
1663570800000.0,0.0777,0.078,0.0772,0.0777,16464.7
1663574400000.0,0.0777,0.0777,0.0771,0.0771,34299.9
1663578000000.0,0.0769,0.0771,0.0767,0.0769,13102.8
1663581600000.0,0.077,0.0783,0.077,0.0783,13546.8
1663585200000.0,0.0783,0.0785,0.0779,0.0784,28482.0
1663588800000.0,0.0785,0.0791,0.0781,0.0791,23230.2
1663592400000.0,0.0789,0.0798,0.0785,0.0798,15708.6
1663596000000.0,0.0797,0.0806,0.0797,0.08,17805.5
1663599600000.0,0.0802,0.0805,0.0798,0.0802,20427.8
1663603200000.0,0.0801,0.0805,0.0799,0.0803,29946.9
1663606800000.0,0.0805,0.0806,0.0789,0.0794,19826.8
1663610400000.0,0.0793,0.0805,0.0793,0.0805,15368.3
1663614000000.0,0.0804,0.0805,0.08,0.0804,33938.4
1663617600000.0,0.0805,0.0809,0.0804,0.0806,26748.6
1663621200000.0,0.0806,0.0814,0.0804,0.0814,35924.7
1663624800000.0,0.0812,0.0815,0.081,0.0813,11316.0
1663628400000.0,0.0815,0.0815,0.0808,0.0808,29368.1
1663632000000.0,0.0809,0.082,0.0808,0.082,37112.1
1663635600000.0,0.0818,0.0827,0.0816,0.0825,69485.3
1663639200000.0,0.0825,0.085,0.0821,0.085,135578.5
1663642800000.0,0.0851,0.0851,0.0831,0.0841,304441.0
1663646400000.0,0.0842,0.0842,0.0823,0.0825,95296.4
1663650000000.0,0.0826,0.0826,0.0813,0.0814,18464.1
1663653600000.0,0.0814,0.082,0.0814,0.0817,26042.2
1663657200000.0,0.0817,0.0823,0.081,0.0815,56068.5
1663660800000.0,0.0814,0.0824,0.0814,0.0819,12608.0
1663664400000.0,0.0818,0.082,0.0811,0.0811,19491.0
1663668000000.0,0.081,0.081,0.0805,0.0809,19708.9
1663671600000.0,0.081,0.0814,0.0808,0.081,5894.1
1663675200000.0,0.0811,0.0814,0.0803,0.0806,41579.2
1663678800000.0,0.0805,0.0805,0.0791,0.0802,206974.0
1663682400000.0,0.0804,0.0813,0.0801,0.0813,57559.3
1663686000000.0,0.0812,0.0816,0.0805,0.0816,20024.0
1663689600000.0,0.0817,0.0818,0.0812,0.0818,34758.4
1663693200000.0,0.0817,0.0817,0.0807,0.0809,45885.7
1663696800000.0,0.081,0.0814,0.0807,0.0813,37187.6
1663700400000.0,0.0813,0.0818,0.0812,0.0814,11718.5
1663704000000.0,0.0815,0.082,0.0806,0.0806,142526.8
1663707600000.0,0.0806,0.0809,0.0798,0.0802,71928.3
1663711200000.0,0.08,0.0804,0.0797,0.0803,30182.2
1663714800000.0,0.0803,0.0803,0.0793,0.0795,30454.0
1663718400000.0,0.0795,0.0808,0.0795,0.0808,27614.4
1663722000000.0,0.0806,0.0807,0.0803,0.0805,6607.4
1663725600000.0,0.0806,0.0815,0.0806,0.081,225610.5
1663729200000.0,0.0813,0.0814,0.0812,0.0813,2002.5
1663732800000.0,0.0814,0.0818,0.0814,0.0816,6508.7
1663736400000.0,0.0818,0.0818,0.0807,0.0807,25043.6
1663740000000.0,0.0808,0.0808,0.0791,0.0799,40775.5
1663743600000.0,0.0797,0.0802,0.0796,0.0799,4821.6
1663747200000.0,0.0799,0.0801,0.0796,0.0797,12605.0
1663750800000.0,0.0798,0.0802,0.0797,0.0802,9176.7
1663754400000.0,0.0801,0.0807,0.0801,0.0807,6087.5
1663758000000.0,0.0808,0.0811,0.0807,0.0811,4503.2
1663761600000.0,0.0812,0.0824,0.0812,0.0818,31916.1
1663765200000.0,0.0817,0.0818,0.0812,0.0814,224344.7
1663768800000.0,0.0813,0.0815,0.0804,0.0804,53904.3
1663772400000.0,0.0804,0.0804,0.0797,0.0801,230073.9
1663776000000.0,0.0801,0.0808,0.0801,0.0804,13529.6
1663779600000.0,0.0806,0.0818,0.0799,0.0815,41182.0
1663783200000.0,0.0815,0.0849,0.08,0.0841,801602.5
1663786800000.0,0.0842,0.0842,0.0817,0.0817,415510.8
1663790400000.0,0.0817,0.082,0.0798,0.0799,253246.8
1663794000000.0,0.0798,0.0798,0.0779,0.0795,352779.8
1663797600000.0,0.0793,0.0793,0.0773,0.0779,190606.2
1663801200000.0,0.0779,0.0784,0.0778,0.0782,6349.8
1663804800000.0,0.0782,0.0785,0.0778,0.0784,13101.6
1663808400000.0,0.0784,0.0789,0.0783,0.0788,183060.6
1663812000000.0,0.079,0.0797,0.079,0.0797,10902.2
1663815600000.0,0.0796,0.0798,0.0793,0.0796,11577.4
1663819200000.0,0.0799,0.0801,0.0796,0.0799,4190.6
1663822800000.0,0.08,0.0802,0.0796,0.0801,7156.8
1663826400000.0,0.0803,0.0809,0.0803,0.0808,10285.9
1663830000000.0,0.0811,0.0816,0.081,0.0816,5658.5
1663833600000.0,0.0817,0.0821,0.0815,0.0815,10471.4
1663837200000.0,0.0818,0.0822,0.0815,0.0815,6753.2
1663840800000.0,0.0815,0.0818,0.0813,0.0813,5498.3
1663844400000.0,0.0812,0.082,0.0808,0.082,6640.0
1663848000000.0,0.0818,0.0818,0.081,0.0813,23970.9
1663851600000.0,0.0813,0.0813,0.08,0.0803,51258.8
1663855200000.0,0.0804,0.0811,0.0801,0.0801,10789.5
1663858800000.0,0.08,0.081,0.08,0.0808,17561.7
1663862400000.0,0.0807,0.0813,0.08,0.0812,24597.5
1663866000000.0,0.0811,0.0812,0.0807,0.0811,29272.2
1663869600000.0,0.0811,0.0813,0.0806,0.0812,173374.3
1663873200000.0,0.0813,0.0818,0.0813,0.0814,5161.9
1663876800000.0,0.0814,0.082,0.0814,0.0816,6575.2
1663880400000.0,0.0819,0.0819,0.0813,0.0813,12002.1
1663884000000.0,0.0815,0.0824,0.0815,0.0819,27545.0
1663887600000.0,0.0825,0.0826,0.0816,0.0821,57812.8
1663891200000.0,0.0823,0.0831,0.082,0.0823,22393.9
1663894800000.0,0.0824,0.0828,0.0821,0.0828,9441.0
1663898400000.0,0.0826,0.0826,0.0825,0.0825,5307.4
1663902000000.0,0.0826,0.0842,0.0826,0.0834,128500.4
1663905600000.0,0.0836,0.0841,0.0832,0.0834,38008.2
1663909200000.0,0.0836,0.0838,0.0834,0.0837,27343.4
1663912800000.0,0.0841,0.0843,0.0831,0.0833,73608.1
1663916400000.0,0.0832,0.0832,0.0818,0.082,82183.1
1663920000000.0,0.0821,0.0822,0.0799,0.0804,31562.5
1663923600000.0,0.0805,0.0813,0.0805,0.0811,29575.1
1663927200000.0,0.0812,0.0812,0.0806,0.0807,12108.2
1663930800000.0,0.0806,0.0808,0.0801,0.0803,31338.3
1663934400000.0,0.0803,0.0812,0.0803,0.0808,10701.6
1663938000000.0,0.081,0.0815,0.0798,0.0798,34393.2
1663941600000.0,0.08,0.0808,0.0792,0.0804,123238.9
1663945200000.0,0.0804,0.0814,0.0803,0.0808,19917.6
1663948800000.0,0.0808,0.081,0.0802,0.081,51047.4
1663952400000.0,0.0811,0.0811,0.0805,0.0807,7758.0
1663956000000.0,0.0805,0.0815,0.0801,0.0803,44980.4
1663959600000.0,0.0804,0.0812,0.0803,0.0812,12457.8
1663963200000.0,0.0811,0.082,0.0811,0.082,10898.9
1663966800000.0,0.082,0.0829,0.0819,0.0829,11685.7
1663970400000.0,0.0829,0.0841,0.0829,0.0837,63295.3
1663974000000.0,0.0839,0.0842,0.0834,0.0839,44472.2
1663977600000.0,0.0839,0.0851,0.0839,0.0846,119810.0
1663981200000.0,0.0844,0.0845,0.0836,0.084,38865.1
1663984800000.0,0.0841,0.0845,0.0838,0.0844,14245.0
1663988400000.0,0.0844,0.0844,0.0836,0.0841,15098.9
1663992000000.0,0.0842,0.0843,0.0833,0.0842,19790.8
1663995600000.0,0.084,0.084,0.0833,0.0838,31744.4
1663999200000.0,0.0839,0.0839,0.0829,0.0829,32017.3
1664002800000.0,0.0829,0.083,0.0824,0.0827,23660.2
1664006400000.0,0.0828,0.0835,0.0828,0.0835,667.9
1664010000000.0,0.0835,0.0837,0.083,0.083,15036.4
1664013600000.0,0.0831,0.0831,0.0826,0.0829,3666.4
1664017200000.0,0.0829,0.0831,0.0826,0.0829,5217.1
1664020800000.0,0.0832,0.0835,0.083,0.0835,2215.3
1664024400000.0,0.0832,0.0833,0.083,0.0831,3408.0
1664028000000.0,0.0831,0.0831,0.0828,0.083,3570.8
1664031600000.0,0.083,0.0834,0.0828,0.0834,3348.2
1664035200000.0,0.0833,0.0833,0.0828,0.083,968.0
1664038800000.0,0.083,0.0831,0.0824,0.0824,12076.0
1664042400000.0,0.0824,0.0824,0.0818,0.0821,13813.0
1664046000000.0,0.0819,0.082,0.0818,0.0818,9341.5
1664049600000.0,0.0818,0.0818,0.0812,0.0814,7599.1
1664053200000.0,0.0814,0.0814,0.0805,0.0809,35100.6
1664056800000.0,0.0807,0.0809,0.0804,0.0804,49016.6
1664060400000.0,0.0803,0.0807,0.0801,0.0804,7462.6
1664064000000.0,0.0803,0.0808,0.0802,0.0808,14012.5
1664067600000.0,0.0807,0.0808,0.0806,0.0808,16774.7
1664071200000.0,0.0808,0.0813,0.0808,0.081,5142.3
1664074800000.0,0.081,0.0817,0.081,0.0813,3331.4
1664078400000.0,0.0814,0.0815,0.0814,0.0815,497.6
1664082000000.0,0.0811,0.0813,0.0809,0.0811,3727.4
1664085600000.0,0.0813,0.0815,0.0812,0.0813,4719.0
1664089200000.0,0.0812,0.0816,0.0812,0.0813,13303.0
1664092800000.0,0.0811,0.0813,0.0811,0.0813,1123.7
1664096400000.0,0.0812,0.0814,0.0812,0.0814,2740.1
1664100000000.0,0.0814,0.0815,0.0813,0.0815,2929.0
1664103600000.0,0.0814,0.0817,0.0814,0.0817,2372.9
1664107200000.0,0.0816,0.0816,0.081,0.081,2572.4
1664110800000.0,0.0811,0.0811,0.0803,0.0806,16751.1
1664114400000.0,0.0804,0.0806,0.0801,0.0803,9008.2
1664118000000.0,0.0803,0.0808,0.0803,0.0808,173246.5
1664121600000.0,0.0809,0.081,0.0805,0.0805,6205.8
1664125200000.0,0.0805,0.0811,0.0797,0.0809,31575.0
1664128800000.0,0.0808,0.0814,0.0804,0.0813,365390.3
1664132400000.0,0.081,0.081,0.0801,0.0802,181473.5
1664136000000.0,0.0802,0.0803,0.08,0.08,7032.6
1664139600000.0,0.08,0.0801,0.0785,0.079,603842.4
1664143200000.0,0.0789,0.08,0.0784,0.0795,276005.4
1664146800000.0,0.0797,0.0799,0.0791,0.0793,47674.7
1664150400000.0,0.0791,0.0798,0.0786,0.0786,51454.3
1664154000000.0,0.0786,0.0794,0.0784,0.0794,34324.2
1664157600000.0,0.0795,0.0798,0.0791,0.0791,61208.0
1664161200000.0,0.0789,0.0795,0.0789,0.0793,43993.4
1664164800000.0,0.0793,0.0798,0.0788,0.0788,50702.1
1664168400000.0,0.0788,0.079,0.0785,0.079,15637.0
1664172000000.0,0.0789,0.0789,0.0782,0.0786,19465.8
1664175600000.0,0.0787,0.0797,0.0787,0.0796,20177.0
1664179200000.0,0.0796,0.0803,0.0795,0.0803,11113.6
1664182800000.0,0.0803,0.0805,0.0798,0.0799,20747.8
1664186400000.0,0.08,0.0804,0.0799,0.08,13778.3
1664190000000.0,0.0801,0.0801,0.0793,0.0798,16906.0
1664193600000.0,0.0798,0.0808,0.0797,0.0807,15801.0
1664197200000.0,0.0807,0.0813,0.0802,0.0812,25803.0
1664200800000.0,0.0811,0.0814,0.0809,0.081,15596.6
1664204400000.0,0.0809,0.0811,0.0805,0.0807,32927.5
1664208000000.0,0.0806,0.0809,0.0797,0.0801,22002.7
1664211600000.0,0.0801,0.0801,0.0796,0.0799,11378.1
1664215200000.0,0.0801,0.0806,0.0799,0.0803,17234.1
1664218800000.0,0.0805,0.0815,0.0803,0.081,38827.7
1664222400000.0,0.0813,0.0816,0.0809,0.0809,330301.1
1664226000000.0,0.0809,0.0809,0.0803,0.0804,4411.8
1664229600000.0,0.0805,0.0811,0.0803,0.0809,24870.0
1664233200000.0,0.0811,0.0813,0.0811,0.0813,27757.6
1664236800000.0,0.0814,0.0836,0.0814,0.0833,153592.9
1664240400000.0,0.0834,0.0843,0.0834,0.0838,142542.8
1664244000000.0,0.0839,0.0849,0.0839,0.0844,404004.3
1664247600000.0,0.0844,0.0847,0.0841,0.0845,36391.8
1664251200000.0,0.0847,0.0853,0.0843,0.0845,64268.0
1664254800000.0,0.0846,0.0846,0.084,0.084,11291.8
1664258400000.0,0.084,0.0845,0.084,0.0843,9432.9
1664262000000.0,0.0845,0.0845,0.0831,0.0833,112525.6
1664265600000.0,0.0834,0.0844,0.0834,0.084,16394.7
1664269200000.0,0.0841,0.0841,0.0837,0.0837,46291.5
1664272800000.0,0.0838,0.084,0.0837,0.0837,9126.8
1664276400000.0,0.0838,0.0838,0.0831,0.0834,22487.3
1664280000000.0,0.0834,0.0845,0.0834,0.084,17141.6
1664283600000.0,0.0838,0.0849,0.0835,0.0845,21344.7
1664287200000.0,0.0844,0.0844,0.0837,0.0842,30546.3
1664290800000.0,0.0842,0.0845,0.0829,0.0832,28542.1
1664294400000.0,0.0833,0.084,0.0804,0.0807,76950.3
1664298000000.0,0.0808,0.0821,0.0807,0.0819,237709.4
1664301600000.0,0.0819,0.0825,0.0811,0.0823,38851.6
1664305200000.0,0.0824,0.0841,0.0819,0.0832,285529.2
1664308800000.0,0.0831,0.0831,0.0821,0.0821,125395.6
1664312400000.0,0.082,0.0822,0.0816,0.0817,162612.4
1664316000000.0,0.0815,0.0816,0.081,0.0814,38369.8
1664319600000.0,0.0813,0.0815,0.0812,0.0813,2958.5
1664323200000.0,0.0812,0.0813,0.0808,0.0812,25903.4
1664326800000.0,0.0813,0.0816,0.0796,0.0801,45185.8
1664330400000.0,0.0797,0.08,0.0789,0.0798,54907.0
1664334000000.0,0.0798,0.0801,0.0796,0.08,8387.7
1664337600000.0,0.0799,0.0799,0.0793,0.0796,162732.0
1664341200000.0,0.0796,0.0798,0.0794,0.0798,105534.2
1664344800000.0,0.0798,0.08,0.0792,0.0792,305367.7
1664348400000.0,0.0791,0.0795,0.0789,0.0795,5967.3
1664352000000.0,0.0793,0.0796,0.0791,0.0796,8338.9
1664355600000.0,0.0796,0.0799,0.0794,0.0798,51896.4
1664359200000.0,0.0798,0.0809,0.0798,0.0802,34254.5
1664362800000.0,0.0802,0.0805,0.0801,0.0804,34352.3
1664366400000.0,0.0805,0.0808,0.0802,0.0808,15086.8
1664370000000.0,0.0808,0.0812,0.0805,0.0812,82478.9
1664373600000.0,0.0809,0.0815,0.0809,0.0812,10477.4
1664377200000.0,0.0813,0.0826,0.0813,0.0823,54926.2
1664380800000.0,0.0822,0.0826,0.0819,0.0825,47173.4
1664384400000.0,0.0827,0.0831,0.0819,0.0828,25339.1
1664388000000.0,0.0828,0.0834,0.0824,0.0826,48947.9
1664391600000.0,0.0826,0.0828,0.0822,0.0826,24611.1
1664395200000.0,0.0826,0.0833,0.0826,0.0827,35602.7
1664398800000.0,0.0826,0.083,0.0826,0.0828,51203.8
1664402400000.0,0.0828,0.0829,0.0825,0.0829,2555.2
1664406000000.0,0.083,0.0833,0.083,0.0832,18432.7
1664409600000.0,0.0834,0.0841,0.0827,0.0831,43119.9
1664413200000.0,0.0834,0.0842,0.0834,0.0837,63554.8
1664416800000.0,0.0838,0.0839,0.0832,0.0839,29202.5
1664420400000.0,0.084,0.0841,0.0835,0.0841,48496.1
1664424000000.0,0.0842,0.0842,0.0833,0.0833,122095.3
1664427600000.0,0.0832,0.0833,0.0816,0.0818,275645.4
1664431200000.0,0.0817,0.0819,0.0817,0.0817,96441.2
1664434800000.0,0.0816,0.0816,0.0806,0.0808,36665.8
1664438400000.0,0.0808,0.0809,0.0807,0.0809,4666.2
1664442000000.0,0.0811,0.0812,0.0809,0.0812,39352.3
1664445600000.0,0.0813,0.0814,0.081,0.0812,408019.6
1664449200000.0,0.081,0.0829,0.0809,0.0819,163666.5
1664452800000.0,0.0817,0.0817,0.081,0.0813,53611.8
1664456400000.0,0.0813,0.0817,0.0809,0.0814,111879.7
1664460000000.0,0.0812,0.082,0.0809,0.0818,125776.4
1664463600000.0,0.0817,0.0821,0.0816,0.0821,14203.7
1664467200000.0,0.082,0.0829,0.0819,0.0822,15385.3
1664470800000.0,0.0824,0.0829,0.0821,0.0821,29943.9
1664474400000.0,0.0822,0.0825,0.082,0.0821,12115.4
1664478000000.0,0.0821,0.0823,0.0819,0.0822,10430.9
1664481600000.0,0.0821,0.0827,0.082,0.0827,13092.7
1664485200000.0,0.0827,0.0827,0.082,0.0822,1732.4
1664488800000.0,0.0824,0.0829,0.0818,0.082,24594.7
1664492400000.0,0.082,0.0824,0.0818,0.0822,146291.0
1664496000000.0,0.0822,0.0837,0.0822,0.0835,95450.8
1664499600000.0,0.0835,0.0847,0.0834,0.0846,60735.6
1664503200000.0,0.0845,0.0851,0.084,0.0844,101824.9
1664506800000.0,0.0844,0.0844,0.0836,0.0836,118844.5
1664510400000.0,0.0838,0.0839,0.0835,0.0835,33731.9
1664514000000.0,0.0833,0.0836,0.0833,0.0836,3247.3
1664517600000.0,0.0836,0.0848,0.0834,0.0848,36569.4
1664521200000.0,0.0846,0.0985,0.0846,0.0976,1758998.0
1664524800000.0,0.0984,0.1136,0.0904,0.0914,6382951.0
1664528400000.0,0.0912,0.0912,0.0883,0.0888,6017772.8
1664532000000.0,0.0887,0.0907,0.0886,0.0898,1662505.9
1664535600000.0,0.0898,0.0901,0.0862,0.0871,1516924.5
1664539200000.0,0.0869,0.0873,0.0853,0.0871,596608.9
1664542800000.0,0.0873,0.0884,0.0871,0.0874,621256.1
1664546400000.0,0.0876,0.088,0.086,0.0868,734824.8
1664550000000.0,0.0871,0.0896,0.0869,0.0883,354761.1
1664553600000.0,0.0883,0.0892,0.0874,0.0882,468524.3
1664557200000.0,0.0882,0.0888,0.0869,0.0869,399045.6
1664560800000.0,0.087,0.0876,0.0868,0.0872,194390.7
1664564400000.0,0.0872,0.0877,0.0865,0.087,191480.3
1664568000000.0,0.0869,0.0878,0.0868,0.0869,349758.4
1664571600000.0,0.0869,0.0887,0.0869,0.0883,142126.3
1664575200000.0,0.0883,0.0886,0.0876,0.0884,277983.1
1664578800000.0,0.0884,0.0893,0.0875,0.0893,215622.7
1664582400000.0,0.0893,0.0893,0.0865,0.0867,232836.2
1664586000000.0,0.0867,0.0873,0.0862,0.0867,135293.9
1664589600000.0,0.0865,0.0866,0.0861,0.0866,28234.9
1664593200000.0,0.0867,0.0867,0.0861,0.0864,55870.1
1664596800000.0,0.0868,0.0872,0.0865,0.0865,49651.5
1664600400000.0,0.0863,0.0863,0.085,0.0856,609492.3
1664604000000.0,0.0856,0.0866,0.0856,0.0864,479606.2
1664607600000.0,0.0863,0.0864,0.0857,0.0861,91395.7
1664611200000.0,0.0861,0.0865,0.0861,0.0861,88915.1
1664614800000.0,0.0861,0.0868,0.0861,0.0865,154898.9
1664618400000.0,0.0864,0.0868,0.086,0.0867,106522.2
1664622000000.0,0.0867,0.0869,0.0861,0.0867,85564.7
1664625600000.0,0.0867,0.0873,0.0864,0.087,119873.7
1664629200000.0,0.0869,0.0876,0.0868,0.0873,86521.6
1664632800000.0,0.0871,0.0873,0.0864,0.0867,6160.6
1664636400000.0,0.0867,0.0872,0.0864,0.0866,7591.9
1664640000000.0,0.0862,0.0863,0.0858,0.0861,212415.8
1664643600000.0,0.086,0.0872,0.086,0.0872,33748.8
1664647200000.0,0.0871,0.0871,0.0865,0.087,23409.2
1664650800000.0,0.0871,0.0872,0.0862,0.0867,14402.1
1664654400000.0,0.0867,0.0867,0.0858,0.086,155333.7
1664658000000.0,0.0858,0.0859,0.0852,0.0852,241522.1
1664661600000.0,0.0852,0.086,0.0852,0.0858,98498.2
1664665200000.0,0.0859,0.0864,0.0859,0.0862,110203.6
1664668800000.0,0.0863,0.088,0.0863,0.0877,109816.1
1664672400000.0,0.0876,0.0888,0.087,0.0877,357571.3
1664676000000.0,0.0878,0.0884,0.0873,0.0878,106303.8
1664679600000.0,0.0878,0.0881,0.0874,0.0879,132815.7
1664683200000.0,0.0878,0.0893,0.0876,0.0893,131442.3
1664686800000.0,0.0893,0.0922,0.0884,0.0915,612149.2
1664690400000.0,0.0916,0.0918,0.0894,0.09,688771.8
1664694000000.0,0.0901,0.0903,0.086,0.0873,506717.5
1664697600000.0,0.0873,0.0884,0.0869,0.0879,372177.9
1664701200000.0,0.088,0.0884,0.0876,0.0879,72237.4
1664704800000.0,0.088,0.0884,0.0864,0.088,140450.0
1664708400000.0,0.0879,0.089,0.0879,0.0879,135907.2
1664712000000.0,0.0878,0.0887,0.0872,0.0874,145944.7
1664715600000.0,0.0873,0.0876,0.0867,0.0874,86969.1
1664719200000.0,0.0873,0.0883,0.0873,0.0879,42927.0
1664722800000.0,0.088,0.0887,0.0879,0.0883,145496.0
1664726400000.0,0.0883,0.0907,0.0883,0.0897,327565.7
1664730000000.0,0.0898,0.0916,0.0892,0.0901,616494.1
1664733600000.0,0.09,0.0935,0.09,0.0911,357655.6
1664737200000.0,0.0911,0.0911,0.0901,0.0908,88288.8
1664740800000.0,0.0908,0.0909,0.0896,0.0901,79718.4
1664744400000.0,0.0901,0.0907,0.0895,0.0898,70937.7
1664748000000.0,0.0896,0.0911,0.0895,0.0906,186781.0
1664751600000.0,0.0904,0.0909,0.0893,0.0899,426232.6
1664755200000.0,0.0899,0.0923,0.0891,0.0909,141066.9
1664758800000.0,0.0911,0.0929,0.0911,0.0919,696007.8
1664762400000.0,0.092,0.0927,0.0912,0.0917,447135.1
1664766000000.0,0.0919,0.0933,0.0917,0.0919,348156.3
1664769600000.0,0.0919,0.0919,0.0896,0.0897,97326.4
1664773200000.0,0.0897,0.0901,0.0891,0.0898,411364.8
1664776800000.0,0.0898,0.0923,0.0895,0.0904,607762.3
1664780400000.0,0.0903,0.0913,0.0896,0.0912,31683.0
1664784000000.0,0.0913,0.0925,0.0911,0.0919,184902.1
1664787600000.0,0.0918,0.092,0.0911,0.0911,105065.4
1664791200000.0,0.0912,0.0913,0.0905,0.091,24336.9
1664794800000.0,0.0909,0.0915,0.0906,0.0915,14886.6
1664798400000.0,0.0914,0.0915,0.0905,0.0912,239109.7
1664802000000.0,0.0913,0.0922,0.0905,0.092,145878.5
1664805600000.0,0.092,0.0934,0.092,0.0927,175317.9
1664809200000.0,0.0927,0.0931,0.0915,0.0922,51870.9
1664812800000.0,0.0921,0.0927,0.0914,0.0921,225442.8
1664816400000.0,0.0921,0.0922,0.0911,0.0915,245962.5
1664820000000.0,0.0916,0.0916,0.0895,0.09,202598.6
1664823600000.0,0.0898,0.0903,0.0896,0.09,86504.6
1664827200000.0,0.0899,0.0904,0.0894,0.0901,24450.0
1664830800000.0,0.0899,0.0899,0.0871,0.0884,118618.4
1664834400000.0,0.0886,0.0886,0.0873,0.0883,1080271.6
1664838000000.0,0.0883,0.0886,0.0879,0.0882,152070.2
1664841600000.0,0.0884,0.0888,0.0878,0.0878,45112.4
1664845200000.0,0.0878,0.0885,0.0877,0.0885,58665.9
1664848800000.0,0.0882,0.089,0.0882,0.0889,44174.7
1664852400000.0,0.0888,0.0889,0.0886,0.0888,12885.5
1664856000000.0,0.0887,0.0889,0.0886,0.0889,9138.1
1664859600000.0,0.0889,0.089,0.0885,0.0885,22646.4
1664863200000.0,0.0884,0.0891,0.0884,0.089,15286.0
1664866800000.0,0.0889,0.0896,0.0889,0.0894,65737.1
1664870400000.0,0.0894,0.0894,0.0884,0.0888,143173.4
1664874000000.0,0.0887,0.0891,0.0887,0.089,7549.1
1664877600000.0,0.0889,0.0893,0.0888,0.0893,36539.4
1664881200000.0,0.0893,0.0894,0.0891,0.0892,1739.5
1664884800000.0,0.089,0.0891,0.0884,0.0885,31349.0
1664888400000.0,0.0887,0.0892,0.0887,0.0891,8335.0
1664892000000.0,0.0892,0.0895,0.089,0.0894,20256.7
1664895600000.0,0.0894,0.0906,0.0891,0.0902,105856.3
1664899200000.0,0.0901,0.0901,0.0893,0.0897,46524.2
1664902800000.0,0.0896,0.0898,0.0885,0.0894,24735.5
1664906400000.0,0.0895,0.0895,0.0891,0.0891,58433.1
1664910000000.0,0.0892,0.0893,0.089,0.0893,14522.2
1664913600000.0,0.0893,0.0893,0.0884,0.0889,82421.6
1664917200000.0,0.0887,0.0889,0.0871,0.0875,85054.2
1664920800000.0,0.0875,0.0877,0.087,0.0873,35487.7
1664924400000.0,0.0873,0.0873,0.0868,0.0872,259111.2
1664928000000.0,0.0873,0.088,0.0873,0.0876,14948.4
1664931600000.0,0.0878,0.0885,0.0877,0.0884,39604.3
1664935200000.0,0.0884,0.0884,0.0878,0.088,28818.3
1664938800000.0,0.088,0.088,0.0878,0.088,4788.3
1664942400000.0,0.0881,0.0881,0.0877,0.0881,14916.2
1664946000000.0,0.0879,0.088,0.0877,0.0877,6803.1
1664949600000.0,0.0877,0.0879,0.0875,0.0876,7203.2
1664953200000.0,0.0875,0.0875,0.087,0.0872,11174.8
1664956800000.0,0.0872,0.0872,0.0859,0.0863,50553.3
1664960400000.0,0.0864,0.0864,0.0858,0.0859,33833.6
1664964000000.0,0.0859,0.0863,0.0859,0.0862,188968.4
1664967600000.0,0.0861,0.0861,0.0846,0.0853,30055.5
1664971200000.0,0.0852,0.0857,0.0851,0.0855,40736.5
1664974800000.0,0.0854,0.0855,0.0846,0.0851,87501.2
1664978400000.0,0.0851,0.0853,0.0848,0.0851,44315.5
1664982000000.0,0.085,0.0854,0.0848,0.0854,102214.3
1664985600000.0,0.0854,0.086,0.0854,0.0859,23522.2
1664989200000.0,0.0858,0.0862,0.0858,0.0859,252257.4
1664992800000.0,0.0859,0.0863,0.0859,0.0863,18838.9
1664996400000.0,0.0864,0.0864,0.0857,0.0857,35004.0
1665000000000.0,0.0858,0.0863,0.0858,0.086,62070.2
1665003600000.0,0.0861,0.0861,0.0858,0.0858,3163.3
1665007200000.0,0.0859,0.0862,0.0859,0.0862,200408.2
1665010800000.0,0.0862,0.0863,0.0857,0.0858,22008.8
1665014400000.0,0.0858,0.0864,0.0858,0.086,17979.1
1665018000000.0,0.0861,0.0863,0.086,0.0863,14180.1
1665021600000.0,0.0864,0.0869,0.0864,0.0869,27802.4
1665025200000.0,0.0868,0.0873,0.0868,0.087,27213.5
1665028800000.0,0.0868,0.0871,0.0865,0.0866,6172.9
1665032400000.0,0.0865,0.0868,0.0864,0.0868,7343.0
1665036000000.0,0.0867,0.087,0.0866,0.0868,43332.7
1665039600000.0,0.0867,0.0867,0.0855,0.0858,148184.4
1665043200000.0,0.0859,0.0859,0.0855,0.0856,8614.5
1665046800000.0,0.0859,0.086,0.0856,0.0856,14561.2
1665050400000.0,0.0857,0.086,0.0856,0.0856,34462.8
1665054000000.0,0.0856,0.0861,0.0856,0.0861,6426.9
1665057600000.0,0.0861,0.0862,0.0857,0.0857,52714.0
1665061200000.0,0.0856,0.0865,0.0856,0.0862,33107.0
1665064800000.0,0.086,0.0863,0.0852,0.0863,90728.6
1665068400000.0,0.0862,0.0863,0.0855,0.0855,19338.0
1665072000000.0,0.0854,0.0855,0.0852,0.0852,29293.3
1665075600000.0,0.0852,0.0855,0.0852,0.0852,204798.7
1665079200000.0,0.0852,0.0853,0.0844,0.0846,273556.3
1665082800000.0,0.0847,0.0849,0.0845,0.0849,1241.1
1665086400000.0,0.0847,0.0849,0.0845,0.0847,15516.8
1665090000000.0,0.0846,0.0847,0.0834,0.0834,181270.1
1665093600000.0,0.0832,0.0839,0.083,0.0837,30736.4
1665097200000.0,0.0837,0.0839,0.0835,0.0839,36068.1
1665100800000.0,0.0839,0.0845,0.0839,0.084,68343.1
1665104400000.0,0.084,0.0843,0.0839,0.084,33124.3
1665108000000.0,0.084,0.0844,0.0838,0.0844,34401.7
1665111600000.0,0.0844,0.0849,0.0843,0.0849,12297.2
1665115200000.0,0.0847,0.0847,0.0843,0.0843,12625.2
1665118800000.0,0.0842,0.0844,0.0841,0.0843,51393.0
1665122400000.0,0.0843,0.0845,0.0838,0.0839,16724.4
1665126000000.0,0.084,0.0844,0.0839,0.0842,79904.0
1665129600000.0,0.0842,0.0847,0.0842,0.0845,20899.3
1665133200000.0,0.0846,0.0847,0.0842,0.0843,11695.4
1665140400000.0,0.0844,0.0847,0.0844,0.0846,11173.6
1665144000000.0,0.0845,0.0845,0.083,0.0834,62360.6
1665147600000.0,0.0835,0.0843,0.0835,0.0843,19368.9
1665151200000.0,0.0842,0.0857,0.0842,0.0847,299377.1
1665154800000.0,0.0847,0.0847,0.084,0.084,36977.3
1665158400000.0,0.0839,0.0841,0.083,0.0831,235974.5
1665162000000.0,0.0831,0.0835,0.0831,0.0834,63258.6
1665165600000.0,0.0834,0.0834,0.0829,0.0832,29569.2
1665169200000.0,0.0832,0.0834,0.0831,0.0831,41552.0
1665172800000.0,0.0834,0.0836,0.083,0.0836,50633.2
1665176400000.0,0.0834,0.084,0.0834,0.0838,8281.8
1665180000000.0,0.0838,0.0839,0.0836,0.0836,1828.3
1665183600000.0,0.0835,0.0837,0.0834,0.0835,11906.1
1665187200000.0,0.0835,0.0841,0.0835,0.084,85748.8
1665190800000.0,0.084,0.0844,0.0839,0.0844,18401.0
1665194400000.0,0.0844,0.0844,0.0844,0.0844,459.9
1665198000000.0,0.0842,0.0845,0.0842,0.0844,1631.2
1665201600000.0,0.0846,0.0848,0.0842,0.0846,112331.1
1665205200000.0,0.0844,0.0844,0.084,0.0842,11758.1
1665208800000.0,0.0843,0.0845,0.0842,0.0844,21323.4
1665212400000.0,0.0845,0.0849,0.0845,0.0847,16186.4
1665216000000.0,0.0845,0.0845,0.0842,0.0842,50378.0
1665219600000.0,0.0842,0.0842,0.0838,0.084,28585.5
1665223200000.0,0.084,0.084,0.0836,0.0839,12774.4
1665226800000.0,0.0839,0.0842,0.0838,0.0841,12541.1
1665230400000.0,0.084,0.084,0.0834,0.0834,42830.7
1665234000000.0,0.0835,0.0837,0.0832,0.0834,13613.6
1665237600000.0,0.0834,0.0835,0.0832,0.0834,15967.3
1665241200000.0,0.0832,0.0832,0.0831,0.0832,1139.6
1665244800000.0,0.0833,0.0839,0.0832,0.0839,2825.8
1665248400000.0,0.0837,0.0838,0.0836,0.0836,4615.4
1665252000000.0,0.0835,0.0836,0.0834,0.0836,6204.0
1665255600000.0,0.0834,0.0834,0.0833,0.0834,816.5
1665259200000.0,0.0833,0.0834,0.0833,0.0834,5738.5
1665262800000.0,0.0835,0.0835,0.0818,0.0825,45829.3
1665266400000.0,0.0824,0.0826,0.082,0.0825,103696.9
1665270000000.0,0.0824,0.0827,0.0824,0.0827,15319.7
1665273600000.0,0.0828,0.083,0.0827,0.083,116632.3
1665277200000.0,0.083,0.083,0.0829,0.083,21834.0
1665280800000.0,0.083,0.0832,0.083,0.083,3892.8
1665284400000.0,0.0829,0.0832,0.0828,0.083,7686.4
1665288000000.0,0.0829,0.0834,0.0829,0.0834,45176.9
1665291600000.0,0.0834,0.0834,0.0831,0.0834,33090.7
1665295200000.0,0.0836,0.0837,0.0833,0.0836,10955.3
1665298800000.0,0.0837,0.0837,0.0834,0.0834,5883.7
1665302400000.0,0.0834,0.0834,0.0832,0.0833,27593.7
1665306000000.0,0.0833,0.0833,0.0829,0.0831,87756.1
1665309600000.0,0.0832,0.0835,0.0832,0.0835,31789.2
1665313200000.0,0.0836,0.0837,0.0834,0.0836,16709.7
1665316800000.0,0.0836,0.084,0.0836,0.084,12218.5
1665320400000.0,0.0841,0.0844,0.084,0.0841,34282.9
1665324000000.0,0.084,0.0841,0.0839,0.0841,52367.2
1665327600000.0,0.0839,0.0839,0.0835,0.0836,7332.3
1665331200000.0,0.0838,0.0838,0.0835,0.0838,73227.6
1665334800000.0,0.0838,0.0839,0.0837,0.0839,3194.1
1665338400000.0,0.0838,0.084,0.0838,0.084,4879.4
1665342000000.0,0.0838,0.0841,0.0831,0.0838,130221.3
1665345600000.0,0.0836,0.0837,0.0834,0.0837,6335.2
1665349200000.0,0.0837,0.0837,0.0835,0.0836,9461.6
1665352800000.0,0.0836,0.0837,0.0833,0.0836,20340.0
1665356400000.0,0.0835,0.0838,0.0831,0.0837,50372.9
1665360000000.0,0.0838,0.0843,0.0838,0.0842,37520.5
1665363600000.0,0.0843,0.0844,0.0842,0.0842,6430.9
1665367200000.0,0.0842,0.0844,0.0841,0.0842,12043.6
1665370800000.0,0.0842,0.0844,0.0839,0.084,7919.6
1665374400000.0,0.0841,0.0843,0.0837,0.0841,49314.7
1665378000000.0,0.0841,0.0841,0.0837,0.0837,24612.0
1665381600000.0,0.0838,0.0838,0.0836,0.0836,3523.8
1665385200000.0,0.0836,0.0838,0.0835,0.0835,10441.8
1665388800000.0,0.0834,0.0834,0.0821,0.0825,53571.7
1665392400000.0,0.0824,0.0828,0.0824,0.0827,4714.7
1665396000000.0,0.0828,0.0829,0.0828,0.0829,19402.2
1665399600000.0,0.0828,0.0831,0.0828,0.0828,4462.5
1665403200000.0,0.0827,0.083,0.0826,0.083,188285.9
1665406800000.0,0.0829,0.0829,0.0826,0.0826,8107.1
1665410400000.0,0.0824,0.083,0.0822,0.0824,11692.6
1665414000000.0,0.0823,0.0826,0.0823,0.0826,9017.1
1665417600000.0,0.0827,0.0828,0.0822,0.0823,14922.0
1665421200000.0,0.0824,0.0831,0.0824,0.0829,26808.8
1665424800000.0,0.0829,0.0831,0.0828,0.0831,10835.2
1665428400000.0,0.0831,0.0832,0.0827,0.0827,817337.7
1665432000000.0,0.0826,0.0827,0.0825,0.0826,309893.2
1665435600000.0,0.0828,0.0828,0.0825,0.0826,10190.0
1665439200000.0,0.0824,0.0824,0.0802,0.0802,266130.3
1665442800000.0,0.0801,0.0806,0.0794,0.0795,252405.6
1665446400000.0,0.0794,0.0794,0.0753,0.0771,970685.1
1665450000000.0,0.0772,0.0775,0.077,0.0774,101586.5
1665453600000.0,0.0773,0.0781,0.0771,0.078,196397.7
1665457200000.0,0.0779,0.0782,0.0779,0.0782,9152.8
1665460800000.0,0.0779,0.078,0.0774,0.0777,129700.2
1665464400000.0,0.0777,0.0782,0.0777,0.0778,44091.9
1665468000000.0,0.0777,0.0784,0.0776,0.078,80810.9
1665471600000.0,0.078,0.0784,0.0778,0.0783,57377.1
1665475200000.0,0.0783,0.0784,0.0782,0.0782,14730.7
1665478800000.0,0.0782,0.0782,0.0777,0.0779,14666.6
1665482400000.0,0.0779,0.0779,0.0778,0.0779,11904.0
1665486000000.0,0.0779,0.0782,0.0778,0.0782,29335.4
1665489600000.0,0.0783,0.0788,0.0782,0.0786,20321.0
1665493200000.0,0.0785,0.0786,0.0777,0.0777,57646.3
1665496800000.0,0.0774,0.0781,0.0771,0.0779,43419.0
1665500400000.0,0.0781,0.0786,0.0781,0.0786,2973.8
1665504000000.0,0.0786,0.0789,0.0785,0.0787,33523.6
1665507600000.0,0.0787,0.0789,0.0787,0.0787,7005.1
1665511200000.0,0.0787,0.0789,0.0782,0.0782,135270.9
1665514800000.0,0.0781,0.0785,0.078,0.0783,218470.9
1665518400000.0,0.0781,0.0783,0.0779,0.078,39860.5
1665522000000.0,0.0779,0.0782,0.0779,0.0782,19719.7
1665525600000.0,0.0779,0.0785,0.0779,0.0781,26027.9
1665529200000.0,0.0782,0.0785,0.0774,0.078,17134.2
1665532800000.0,0.0781,0.0788,0.078,0.0788,42878.6
1665536400000.0,0.0786,0.0786,0.0781,0.0781,13703.9
1665540000000.0,0.0781,0.0782,0.0776,0.0777,13699.4
1665543600000.0,0.0778,0.0779,0.0776,0.0778,71321.4
1665547200000.0,0.0781,0.0785,0.0781,0.0783,36038.1
1665550800000.0,0.0783,0.0788,0.0781,0.0787,60185.4
1665554400000.0,0.0785,0.0789,0.0784,0.0787,11986.5
1665558000000.0,0.0788,0.0789,0.0784,0.0786,13031.4
1665561600000.0,0.0784,0.0787,0.0784,0.0787,25193.9
1665565200000.0,0.0788,0.0791,0.0788,0.0788,46071.0
1665568800000.0,0.079,0.0791,0.0787,0.0787,16571.5
1665572400000.0,0.0788,0.0789,0.0786,0.0789,37878.5
1665576000000.0,0.0786,0.0786,0.0776,0.0781,46298.4
1665579600000.0,0.0782,0.0785,0.078,0.0785,11294.3
1665583200000.0,0.0783,0.0784,0.0779,0.0782,35913.2
1665586800000.0,0.0782,0.0783,0.0781,0.0783,1277.1
1665590400000.0,0.0783,0.0783,0.078,0.078,25.2
1665594000000.0,0.0779,0.0779,0.0775,0.0775,9031.6
1665597600000.0,0.0774,0.0781,0.0774,0.078,5015.4
1665601200000.0,0.0781,0.0785,0.0781,0.0783,6801.1
1665604800000.0,0.0783,0.0783,0.0781,0.0783,63562.1
1665608400000.0,0.0784,0.0786,0.0783,0.0783,2421.1
1665612000000.0,0.0785,0.0786,0.0782,0.0785,623.9
1665615600000.0,0.0783,0.0784,0.0783,0.0784,673.2
1665619200000.0,0.0784,0.0787,0.0783,0.0786,15497.5
1665622800000.0,0.0785,0.0785,0.0779,0.078,46280.2
1665626400000.0,0.078,0.078,0.0764,0.0767,261790.1
1665630000000.0,0.0767,0.0771,0.0767,0.0767,74524.5
1665633600000.0,0.0766,0.0768,0.0766,0.0768,8548.3
1665637200000.0,0.0768,0.0772,0.0762,0.0768,359525.7
1665640800000.0,0.0765,0.0766,0.0746,0.075,345028.0
1665644400000.0,0.0749,0.0749,0.0694,0.0719,1575982.1
1665648000000.0,0.0719,0.0724,0.0709,0.0717,844401.4
1665651600000.0,0.0718,0.0722,0.0712,0.0713,249947.3
1665655200000.0,0.0713,0.0714,0.069,0.071,600162.0
1665658800000.0,0.0709,0.0732,0.0709,0.0723,477905.7
1665662400000.0,0.0722,0.0729,0.0702,0.0724,826052.9
1665666000000.0,0.0722,0.0731,0.0715,0.0731,110898.6
1665669600000.0,0.0731,0.0737,0.0728,0.0737,215406.0
1665673200000.0,0.0737,0.075,0.0737,0.0743,267431.1
1665676800000.0,0.0745,0.0752,0.0744,0.0745,181675.1
1665680400000.0,0.0744,0.0751,0.0742,0.0751,133302.3
1665684000000.0,0.0753,0.0762,0.0751,0.076,29477.2
1665687600000.0,0.0762,0.0764,0.0759,0.0759,23917.8
1665691200000.0,0.0761,0.0768,0.0761,0.0768,231739.7
1665694800000.0,0.0765,0.0768,0.0763,0.0767,30447.3
1665698400000.0,0.0765,0.0767,0.0763,0.0763,40931.6
1665702000000.0,0.0763,0.0764,0.0759,0.0759,108835.0
1665705600000.0,0.0759,0.0766,0.0759,0.0766,51181.8
1665709200000.0,0.0766,0.0785,0.0766,0.0783,301065.3
1665712800000.0,0.0783,0.0786,0.0783,0.0785,30587.3
1665716400000.0,0.0788,0.0793,0.0787,0.0789,28685.6
1665720000000.0,0.0791,0.0793,0.079,0.079,12797.3
1665723600000.0,0.0791,0.0791,0.0787,0.0788,54710.2
1665727200000.0,0.0792,0.0793,0.0789,0.079,31156.3
1665730800000.0,0.0789,0.0789,0.0779,0.0781,47372.8
1665734400000.0,0.0779,0.0779,0.0775,0.0777,29479.3
1665738000000.0,0.0776,0.0776,0.0772,0.0772,24414.5
1665741600000.0,0.0773,0.0774,0.077,0.077,30194.9
1665745200000.0,0.0771,0.0771,0.0767,0.0768,19867.5
1665748800000.0,0.0768,0.0779,0.0767,0.0778,71348.6
1665752400000.0,0.0777,0.078,0.077,0.077,75925.1
1665756000000.0,0.0768,0.0768,0.0754,0.0757,216269.7
1665759600000.0,0.0757,0.0757,0.0749,0.0749,64215.6
1665763200000.0,0.0749,0.0755,0.0743,0.0753,121221.5
1665766800000.0,0.0753,0.0757,0.0753,0.0757,229907.9
1665770400000.0,0.0756,0.0756,0.0751,0.0753,21815.8
1665774000000.0,0.0753,0.0755,0.075,0.0751,56773.1
1665777600000.0,0.075,0.0754,0.075,0.0753,13703.5
1665781200000.0,0.0751,0.0751,0.0744,0.0748,4173.1
1665784800000.0,0.0748,0.0751,0.0748,0.0751,4305.9
1665788400000.0,0.0752,0.0756,0.0752,0.0755,27841.0
1665792000000.0,0.0755,0.0755,0.075,0.0751,15207.4
1665795600000.0,0.0748,0.075,0.0748,0.075,7630.2
1665799200000.0,0.0749,0.0758,0.0749,0.0756,57997.3
1665802800000.0,0.0757,0.0758,0.0755,0.0758,25837.5
1665806400000.0,0.0758,0.0759,0.0757,0.0757,27090.5
1665810000000.0,0.0757,0.0759,0.0756,0.0759,30992.2
1665813600000.0,0.0758,0.0758,0.0754,0.0755,57759.0
1665817200000.0,0.0758,0.0759,0.0757,0.0759,15507.7
1665820800000.0,0.0757,0.0757,0.0746,0.0747,122578.0
1665824400000.0,0.0748,0.0751,0.0748,0.0749,33979.6
1665828000000.0,0.075,0.0754,0.0749,0.0754,36394.0
1665831600000.0,0.0754,0.0758,0.0753,0.0757,112226.9
1665835200000.0,0.0757,0.0759,0.0756,0.0756,41532.2
1665838800000.0,0.0756,0.076,0.0753,0.076,41139.9
1665842400000.0,0.076,0.0776,0.0759,0.0773,239360.9
1665846000000.0,0.0771,0.0772,0.0764,0.0768,162073.1
1665849600000.0,0.0767,0.0774,0.0765,0.0768,378287.9
1665853200000.0,0.0768,0.0771,0.0768,0.0769,88684.7
1665856800000.0,0.0768,0.077,0.0767,0.0768,22562.2
1665860400000.0,0.0769,0.0777,0.0768,0.0774,50994.5
1665864000000.0,0.0772,0.0773,0.0769,0.0772,44691.9
1665867600000.0,0.0771,0.0773,0.0764,0.0765,213249.4
1665871200000.0,0.0766,0.0767,0.0763,0.0763,31860.7
1665874800000.0,0.0762,0.0767,0.0756,0.0762,324198.3
1665878400000.0,0.0762,0.0766,0.0762,0.0766,46992.8
1665882000000.0,0.0768,0.077,0.0764,0.0766,41803.8
1665885600000.0,0.0764,0.0764,0.0761,0.0761,6424.7
1665889200000.0,0.0761,0.0767,0.0761,0.0767,80981.5
1665892800000.0,0.0768,0.077,0.0767,0.077,10919.0
1665896400000.0,0.077,0.0775,0.077,0.0775,67207.1
1665900000000.0,0.0777,0.0787,0.0774,0.0779,287702.0
1665903600000.0,0.0778,0.0783,0.0777,0.0782,47265.9
1665907200000.0,0.0782,0.0783,0.0777,0.078,187757.6
1665910800000.0,0.078,0.0781,0.0776,0.0777,85714.8
1665914400000.0,0.0777,0.0779,0.0771,0.0774,133120.4
1665918000000.0,0.0774,0.0776,0.0774,0.0776,2456.4
1665921600000.0,0.0776,0.0782,0.0775,0.0779,100128.6
1665925200000.0,0.078,0.0787,0.0778,0.0786,15236.6
1665928800000.0,0.0784,0.0811,0.0784,0.081,1037720.9
1665932400000.0,0.0808,0.0808,0.0789,0.0791,887627.4
1665936000000.0,0.0791,0.0791,0.0782,0.0786,190833.0
1665939600000.0,0.0786,0.0786,0.0779,0.0779,86751.6
1665943200000.0,0.0779,0.0781,0.0776,0.0777,75423.5
1665946800000.0,0.0778,0.0788,0.0777,0.0785,151810.7
1665950400000.0,0.0784,0.0784,0.0782,0.0784,18475.7
1665954000000.0,0.0785,0.0785,0.0778,0.078,10740.8
1665957600000.0,0.0783,0.0787,0.0783,0.0787,2272.6
1665961200000.0,0.0789,0.0789,0.0782,0.0783,40201.9
1665964800000.0,0.0784,0.0792,0.0783,0.0789,70715.3
1665968400000.0,0.0788,0.0791,0.0785,0.0785,100662.5
1665972000000.0,0.0785,0.0791,0.0785,0.0788,117526.6
1665975600000.0,0.0787,0.0787,0.0784,0.0786,6491.2
1665979200000.0,0.0784,0.0788,0.0784,0.0788,1470.5
1665982800000.0,0.0789,0.0793,0.0786,0.0793,11378.0
1665986400000.0,0.0793,0.0795,0.0788,0.0788,37038.2
1665990000000.0,0.0789,0.0791,0.0785,0.0791,44341.7
1665993600000.0,0.0787,0.0789,0.0785,0.0789,1387.2
1665997200000.0,0.0791,0.0793,0.0788,0.0789,64391.4
1666000800000.0,0.0789,0.0792,0.0789,0.0792,7717.8
1666004400000.0,0.0793,0.0798,0.0792,0.0792,18028.1
1666008000000.0,0.0794,0.0795,0.0787,0.0788,17517.4
1666011600000.0,0.079,0.0793,0.079,0.0791,3964.3
1666015200000.0,0.0792,0.0792,0.0785,0.0785,2958.1
1666018800000.0,0.0786,0.0787,0.0782,0.0785,54370.0
1666022400000.0,0.0784,0.0791,0.0784,0.0791,16552.9
1666026000000.0,0.079,0.0791,0.0787,0.079,12670.0
1666029600000.0,0.0791,0.0791,0.0785,0.079,965.1
1666033200000.0,0.0789,0.0791,0.0788,0.0791,17388.7
1666036800000.0,0.0793,0.0796,0.0792,0.0793,31767.5
1666040400000.0,0.0795,0.0796,0.0794,0.0796,3485.1
1666044000000.0,0.0797,0.0798,0.0796,0.0797,4736.8
1666047600000.0,0.08,0.0804,0.0799,0.0802,973.2
1666051200000.0,0.0803,0.0811,0.0803,0.0807,38843.6
1666054800000.0,0.0807,0.0807,0.0796,0.0797,71728.1
1666058400000.0,0.0799,0.0802,0.0798,0.08,22036.6
1666062000000.0,0.0798,0.0813,0.0798,0.0809,22092.6
1666065600000.0,0.0808,0.081,0.0806,0.0808,18708.9
1666069200000.0,0.0808,0.0808,0.08,0.0804,68082.6
1666072800000.0,0.0805,0.0807,0.0802,0.0802,109903.6
1666076400000.0,0.0801,0.0802,0.0798,0.08,5160.9
1666080000000.0,0.0799,0.08,0.0787,0.0787,99858.7
1666083600000.0,0.0786,0.079,0.0783,0.0789,54009.5
1666087200000.0,0.0788,0.0795,0.0788,0.0788,171192.4
1666090800000.0,0.0789,0.0793,0.0789,0.079,35414.6
1666094400000.0,0.079,0.0794,0.0788,0.0793,53775.1
1666098000000.0,0.0791,0.0794,0.0784,0.0786,118788.5
1666101600000.0,0.0785,0.0787,0.0775,0.0779,97188.1
1666105200000.0,0.0781,0.0784,0.0778,0.0784,44033.0
1666108800000.0,0.0784,0.0787,0.078,0.078,21462.7
1666112400000.0,0.0782,0.0788,0.0782,0.0786,202.1
1666116000000.0,0.0786,0.0787,0.0776,0.0776,14348.5
1666119600000.0,0.0777,0.0788,0.0777,0.0788,17280.3
1666123200000.0,0.0789,0.0813,0.0789,0.0805,105471.8
1666126800000.0,0.0804,0.0805,0.0793,0.0794,42543.0
1666130400000.0,0.0792,0.0793,0.0788,0.0792,8479.7
1666134000000.0,0.0792,0.0793,0.079,0.0793,8900.5
1666137600000.0,0.0793,0.0795,0.0787,0.0788,27808.4
1666141200000.0,0.0786,0.0792,0.0786,0.079,3153.9
1666144800000.0,0.0789,0.0789,0.0775,0.0777,111448.7
1666148400000.0,0.0777,0.0779,0.0775,0.0776,28128.5
1666152000000.0,0.0776,0.0778,0.0774,0.0776,26195.6
1666155600000.0,0.0777,0.0778,0.077,0.0773,5481.2
1666159200000.0,0.0771,0.0775,0.0768,0.0772,95952.3
1666162800000.0,0.0772,0.0778,0.077,0.0778,2932.2
1666166400000.0,0.0775,0.078,0.0775,0.078,5152.2
1666170000000.0,0.0779,0.0782,0.0779,0.0781,3268.9
1666173600000.0,0.078,0.0782,0.0779,0.0779,1050.3
1666177200000.0,0.0778,0.078,0.0775,0.0776,8612.7
1666180800000.0,0.0774,0.0775,0.0773,0.0774,28461.9
1666184400000.0,0.0776,0.078,0.0775,0.0775,3176.6
1666188000000.0,0.0777,0.0789,0.0777,0.0781,134513.2
1666191600000.0,0.0782,0.0787,0.0782,0.0787,38302.6
1666195200000.0,0.0786,0.0786,0.0782,0.0782,18289.6
1666198800000.0,0.0783,0.0784,0.078,0.0784,12264.6
1666202400000.0,0.0784,0.0784,0.0779,0.078,47789.0
1666206000000.0,0.0783,0.0784,0.0781,0.0783,31921.0
1666209600000.0,0.0784,0.0787,0.0781,0.0784,14633.5
1666213200000.0,0.0785,0.0785,0.0779,0.0779,2267.6
1666216800000.0,0.0779,0.0779,0.0756,0.0763,255898.6
1666220400000.0,0.0764,0.0764,0.0754,0.0759,107276.8
1666224000000.0,0.076,0.0766,0.0756,0.0757,104610.6
1666227600000.0,0.0757,0.0765,0.0755,0.0764,39587.5
1666231200000.0,0.0763,0.0765,0.0763,0.0765,37135.2
1666234800000.0,0.0764,0.0764,0.0762,0.0764,16382.9
1666238400000.0,0.0764,0.0777,0.0762,0.0776,80709.9
1666242000000.0,0.0776,0.0778,0.0776,0.0777,33475.7
1666245600000.0,0.0778,0.0778,0.0774,0.0775,1284.2
1666249200000.0,0.0775,0.0776,0.0773,0.0773,49003.1
1666252800000.0,0.0774,0.0774,0.0765,0.0766,49819.0
1666256400000.0,0.0768,0.0773,0.0768,0.0773,18120.0
1666260000000.0,0.0772,0.0775,0.0769,0.0775,3439.1
1666263600000.0,0.0773,0.0773,0.0772,0.0772,6611.2
1666267200000.0,0.0773,0.0774,0.0765,0.0765,31105.9
1666270800000.0,0.0765,0.0771,0.0765,0.077,125981.3
1666274400000.0,0.0773,0.0774,0.0771,0.0771,4418.2
1666278000000.0,0.0771,0.0771,0.0767,0.0767,94640.2
1666281600000.0,0.0767,0.0767,0.0765,0.0767,26241.2
1666285200000.0,0.0767,0.0767,0.0757,0.0757,90313.7
1666288800000.0,0.0756,0.0756,0.0743,0.0753,112739.4
1666292400000.0,0.0754,0.0756,0.0751,0.0755,58666.1
1666296000000.0,0.0755,0.0755,0.0747,0.0749,47328.4
1666299600000.0,0.075,0.0756,0.075,0.0753,14921.7
1666303200000.0,0.0753,0.0754,0.0751,0.0753,17699.5
1666306800000.0,0.0755,0.0755,0.075,0.0753,32158.1
1666310400000.0,0.0751,0.0752,0.0734,0.0745,243657.2
1666314000000.0,0.0746,0.0747,0.0742,0.0745,50090.9
1666317600000.0,0.0748,0.075,0.0748,0.075,137876.0
1666321200000.0,0.075,0.0751,0.0746,0.0747,15844.6
1666324800000.0,0.0748,0.075,0.0744,0.0746,141740.5
1666328400000.0,0.0747,0.0747,0.0744,0.0746,15521.3
1666332000000.0,0.0745,0.0745,0.0739,0.0739,32156.2
1666335600000.0,0.0738,0.0744,0.0735,0.0735,45765.1
1666339200000.0,0.0734,0.0734,0.0722,0.0726,42996.3
1666342800000.0,0.0726,0.0728,0.072,0.0728,35575.9
1666346400000.0,0.0727,0.0727,0.0722,0.0726,55212.1
1666350000000.0,0.0726,0.0726,0.0718,0.0718,31642.7
1666353600000.0,0.0717,0.0726,0.0705,0.0726,206998.8
1666357200000.0,0.0728,0.0733,0.0724,0.0732,30282.1
1666360800000.0,0.0731,0.0733,0.0726,0.0728,61566.9
1666364400000.0,0.0728,0.0736,0.0728,0.0736,74288.6
1666368000000.0,0.0739,0.0739,0.0734,0.0734,49724.3
1666371600000.0,0.0736,0.0739,0.0735,0.0739,47230.1
1666375200000.0,0.074,0.0742,0.0738,0.0739,43761.7
1666378800000.0,0.074,0.0749,0.074,0.0747,12630.1
1666382400000.0,0.0748,0.0748,0.0741,0.0743,181751.7
1666386000000.0,0.0743,0.0744,0.0742,0.0743,2648.6
1666389600000.0,0.0741,0.0747,0.0741,0.0747,17890.7
1666393200000.0,0.0745,0.0745,0.0742,0.0744,9798.9
1666396800000.0,0.0745,0.0748,0.0744,0.0745,74627.2
1666400400000.0,0.0745,0.0745,0.0735,0.0738,97105.0
1666404000000.0,0.0738,0.0738,0.0735,0.0737,72101.9
1666407600000.0,0.0739,0.0741,0.0738,0.0741,37025.5
1666411200000.0,0.0741,0.0741,0.0739,0.0739,162589.4
1666414800000.0,0.0741,0.0742,0.0738,0.0742,15430.2
1666418400000.0,0.0744,0.0745,0.0743,0.0745,5024.4
1666422000000.0,0.0746,0.0749,0.0743,0.0749,26482.6
1666425600000.0,0.0747,0.0748,0.0746,0.0748,32622.4
1666429200000.0,0.0748,0.0753,0.0748,0.075,77023.8
1666432800000.0,0.075,0.0754,0.075,0.0754,5624.6
1666436400000.0,0.0751,0.0753,0.0748,0.0748,6008.8
1666440000000.0,0.0748,0.0756,0.0748,0.0756,23049.8
1666443600000.0,0.0757,0.0761,0.0752,0.0752,41656.0
1666447200000.0,0.0755,0.0757,0.0752,0.0754,111149.6
1666450800000.0,0.0753,0.0754,0.0744,0.0747,74934.3
1666454400000.0,0.0747,0.0747,0.0742,0.0742,42547.4
1666458000000.0,0.0743,0.0744,0.0743,0.0744,10267.3
1666461600000.0,0.0744,0.0746,0.0743,0.0744,30574.0
1666465200000.0,0.0744,0.0747,0.0744,0.0747,38566.1
1666468800000.0,0.0747,0.0752,0.0745,0.0752,47262.0
1666472400000.0,0.0753,0.0753,0.0746,0.0746,23236.4
1666476000000.0,0.0745,0.0747,0.0744,0.0747,35636.3
1666479600000.0,0.0747,0.0754,0.0747,0.0754,39037.1
1666483200000.0,0.0755,0.0755,0.0748,0.075,66437.7
1666486800000.0,0.0749,0.0749,0.0746,0.0749,21098.8
1666490400000.0,0.0749,0.0759,0.0748,0.0753,206598.1
1666494000000.0,0.0755,0.0756,0.0753,0.0753,34868.5
1666497600000.0,0.0754,0.0755,0.0749,0.0749,8165.5
1666501200000.0,0.075,0.0752,0.075,0.0751,17803.1
1666504800000.0,0.0751,0.0757,0.0749,0.0751,39680.5
1666508400000.0,0.0749,0.0749,0.0744,0.0747,64080.2
1666512000000.0,0.0746,0.0748,0.0744,0.0744,22919.2
1666515600000.0,0.0743,0.0743,0.0741,0.0742,14973.0
1666519200000.0,0.0743,0.0743,0.0739,0.0739,25371.9
1666522800000.0,0.0738,0.0738,0.0734,0.0736,39453.2
1666526400000.0,0.0733,0.0741,0.0732,0.0741,32881.9
1666530000000.0,0.0738,0.0743,0.0738,0.0742,28824.4
1666533600000.0,0.0745,0.0745,0.0742,0.0742,38175.8
1666537200000.0,0.0743,0.0744,0.0741,0.0744,23800.8
1666540800000.0,0.0743,0.0747,0.0743,0.0744,33273.9
1666544400000.0,0.0744,0.0755,0.0744,0.0754,20996.0
1666548000000.0,0.0754,0.0757,0.0751,0.0751,28795.7
1666551600000.0,0.075,0.0756,0.075,0.0755,26732.0
1666555200000.0,0.0758,0.0758,0.0754,0.0757,14947.6
1666558800000.0,0.0759,0.0762,0.0755,0.0762,4050.9
1666562400000.0,0.0763,0.0768,0.0762,0.0765,19739.5
1666566000000.0,0.0765,0.0768,0.0763,0.0768,21395.3
1666569600000.0,0.0769,0.0776,0.0769,0.077,35804.3
1666573200000.0,0.0772,0.0773,0.076,0.076,20104.8
1666576800000.0,0.0762,0.0762,0.0756,0.0757,72231.6
1666580400000.0,0.0757,0.0757,0.0754,0.0755,18094.5
1666584000000.0,0.0753,0.0759,0.0752,0.0759,23869.5
1666587600000.0,0.0758,0.0758,0.0755,0.0756,6275.0
1666591200000.0,0.0756,0.0759,0.0754,0.0754,50743.4
1666594800000.0,0.0754,0.0758,0.0746,0.0749,76317.1
1666598400000.0,0.0746,0.0748,0.0746,0.0748,866.0
1666602000000.0,0.0748,0.0753,0.0748,0.0753,461.8
1666605600000.0,0.0753,0.0754,0.0752,0.0752,2855.6
1666609200000.0,0.0752,0.0756,0.0752,0.0753,399.7
1666612800000.0,0.0754,0.0754,0.0747,0.075,13595.7
1666616400000.0,0.0748,0.0752,0.0745,0.0746,45655.8
1666620000000.0,0.0746,0.0747,0.0741,0.0747,13110.9
1666623600000.0,0.0748,0.0752,0.0748,0.0751,3975.8
1666627200000.0,0.0751,0.0751,0.0747,0.0747,7116.5
1666630800000.0,0.0748,0.0751,0.0747,0.075,7450.2
1666634400000.0,0.0751,0.0755,0.0751,0.0755,92371.9
1666638000000.0,0.0755,0.0756,0.0753,0.0753,33011.6
1666641600000.0,0.0752,0.0753,0.0751,0.0752,7854.1
1666645200000.0,0.0749,0.0749,0.0749,0.0749,3215.2
1666648800000.0,0.0747,0.075,0.0747,0.0749,15022.2
1666652400000.0,0.0749,0.0749,0.0744,0.0748,23351.9
1666656000000.0,0.0752,0.0766,0.0752,0.0757,82996.6
1666659600000.0,0.0757,0.0757,0.0753,0.0757,27520.7
1666663200000.0,0.0755,0.0756,0.0755,0.0756,2322.2
1666666800000.0,0.0757,0.0758,0.0756,0.0756,21013.6
1666670400000.0,0.0755,0.0756,0.0751,0.0751,11554.1
1666674000000.0,0.0751,0.0752,0.075,0.0751,15940.4
1666677600000.0,0.0753,0.0753,0.0748,0.0748,7084.8
1666681200000.0,0.0748,0.0749,0.0748,0.0749,10828.6
1666684800000.0,0.0748,0.0748,0.0743,0.0743,95231.4
1666688400000.0,0.0743,0.0743,0.0738,0.074,69784.3
1666692000000.0,0.0739,0.0741,0.0739,0.074,15320.1
1666695600000.0,0.074,0.0742,0.0738,0.074,20871.7
1666699200000.0,0.074,0.0743,0.074,0.0743,6314.9
1666702800000.0,0.0744,0.0753,0.0744,0.0753,22070.2
1666706400000.0,0.075,0.0754,0.075,0.0754,13263.0
1666710000000.0,0.0755,0.076,0.0755,0.0759,7960.2
1666713600000.0,0.0759,0.0767,0.0759,0.0767,36479.5
1666717200000.0,0.0768,0.0775,0.0762,0.0775,106735.2
1666720800000.0,0.0775,0.0779,0.0771,0.0773,44755.6
1666724400000.0,0.0773,0.0775,0.0769,0.0775,15872.6
1666728000000.0,0.0774,0.0774,0.0757,0.076,76016.7
1666731600000.0,0.076,0.077,0.0758,0.0763,29823.9
1666735200000.0,0.0761,0.0764,0.0759,0.076,25186.9
1666738800000.0,0.0761,0.0766,0.0761,0.0763,13927.0
1666742400000.0,0.0765,0.0767,0.0762,0.0764,18746.8
1666746000000.0,0.0763,0.0767,0.0762,0.0767,2146.9
1666749600000.0,0.0767,0.0769,0.0767,0.0768,4959.8
1666753200000.0,0.0771,0.0773,0.077,0.0771,2506.5
1666756800000.0,0.0773,0.0783,0.0773,0.0779,65225.8
1666760400000.0,0.0779,0.0779,0.0772,0.0775,27074.3
1666764000000.0,0.0778,0.0783,0.0778,0.0783,86633.1
1666767600000.0,0.0783,0.0786,0.0776,0.0781,23675.1
1666771200000.0,0.078,0.0785,0.0777,0.0782,20263.5
1666774800000.0,0.0781,0.0781,0.0778,0.0778,21285.2
1666778400000.0,0.078,0.0789,0.078,0.0784,137106.4
1666782000000.0,0.0781,0.0783,0.0779,0.0779,17789.1
1666785600000.0,0.0778,0.0778,0.0772,0.0772,47002.9
1666789200000.0,0.0771,0.0777,0.0765,0.0775,61184.3
1666792800000.0,0.0777,0.0781,0.0772,0.0772,34417.0
1666796400000.0,0.0775,0.0781,0.0774,0.0779,152790.6
1666800000000.0,0.078,0.078,0.077,0.0772,69856.2
1666803600000.0,0.0773,0.0778,0.0771,0.0778,12279.6
1666807200000.0,0.0779,0.078,0.0775,0.0775,19114.3
1666810800000.0,0.0777,0.0779,0.0777,0.0778,3751.1
1666814400000.0,0.0779,0.0782,0.0776,0.078,9949.2
1666818000000.0,0.0779,0.0782,0.0776,0.0776,5123.5
1666821600000.0,0.0777,0.078,0.0776,0.078,2539.6
1666825200000.0,0.0779,0.0785,0.0777,0.0785,14469.0
1666828800000.0,0.0786,0.0796,0.0786,0.0787,256107.3
1666832400000.0,0.0788,0.0789,0.0782,0.0785,102335.1
1666836000000.0,0.0787,0.0789,0.0774,0.0781,147701.0
1666839600000.0,0.0782,0.0789,0.0782,0.0789,15924.4
1666843200000.0,0.079,0.0793,0.0788,0.0789,56495.9
1666846800000.0,0.079,0.0796,0.079,0.0793,47946.7
1666850400000.0,0.0795,0.0804,0.0792,0.0792,67862.8
1666854000000.0,0.0793,0.0794,0.0778,0.0788,23445.6
1666857600000.0,0.0789,0.079,0.0781,0.0781,1908.0
1666861200000.0,0.078,0.0783,0.0779,0.078,6794.5
1666864800000.0,0.0778,0.078,0.0772,0.078,73000.3
1666868400000.0,0.078,0.078,0.0776,0.0777,1590.4
1666872000000.0,0.0777,0.0789,0.0774,0.0788,34587.4
1666875600000.0,0.0785,0.0786,0.0768,0.0772,25416.4
1666879200000.0,0.0772,0.0778,0.0771,0.0771,29281.6
1666882800000.0,0.0772,0.0774,0.0769,0.077,45128.1
1666886400000.0,0.0769,0.0773,0.0768,0.077,173396.7
1666890000000.0,0.077,0.0774,0.077,0.0772,36616.5
1666893600000.0,0.0771,0.0777,0.077,0.0777,39269.1
1666897200000.0,0.0779,0.0784,0.0778,0.0781,1235.4
1666900800000.0,0.0781,0.0781,0.0742,0.076,402045.9
1666904400000.0,0.0761,0.0761,0.0758,0.0761,43813.5
1666908000000.0,0.0763,0.0765,0.075,0.0757,97669.3
1666911600000.0,0.0755,0.076,0.0753,0.0757,82122.6
1666915200000.0,0.0757,0.0763,0.075,0.0759,63880.6
1666918800000.0,0.0758,0.0767,0.0757,0.0763,36177.8
1666922400000.0,0.0761,0.0761,0.0745,0.0746,170343.9
1666926000000.0,0.0747,0.0753,0.0747,0.0753,56047.3
1666929600000.0,0.0754,0.0755,0.0751,0.0753,70797.4
1666933200000.0,0.0752,0.0755,0.0749,0.0755,67705.3
1666936800000.0,0.0754,0.0754,0.0753,0.0753,11807.0
1666940400000.0,0.0749,0.0749,0.0742,0.0745,117784.1
1666944000000.0,0.0746,0.0752,0.0745,0.0752,7129.8
1666947600000.0,0.0749,0.0751,0.0748,0.0748,2786.3
1666951200000.0,0.0749,0.0749,0.0742,0.0742,8633.5
1666954800000.0,0.0741,0.0745,0.074,0.0742,70293.5
1666958400000.0,0.0741,0.0745,0.0733,0.0745,169340.1
1666962000000.0,0.0746,0.0753,0.0746,0.0749,17045.6
1666965600000.0,0.0749,0.0754,0.0746,0.0754,5382.8
1666969200000.0,0.0753,0.0754,0.075,0.0752,17052.9
1666972800000.0,0.0754,0.0764,0.0752,0.0761,26663.0
1666976400000.0,0.0763,0.0765,0.0761,0.0761,16072.7
1666980000000.0,0.0763,0.0764,0.0758,0.0758,12603.1
1666983600000.0,0.0759,0.0765,0.0759,0.0765,12981.0
1666987200000.0,0.0765,0.077,0.0765,0.0766,9912.6
1666990800000.0,0.0768,0.0768,0.0764,0.0768,145299.3
1666994400000.0,0.0767,0.0769,0.0766,0.0767,29989.1
1666998000000.0,0.0766,0.0766,0.0759,0.0759,56081.4
1667001600000.0,0.0759,0.0766,0.0759,0.0766,36783.7
1667005200000.0,0.0766,0.0766,0.0765,0.0766,18810.9
1667008800000.0,0.0765,0.0769,0.076,0.0766,10652.5
1667012400000.0,0.0771,0.0783,0.0768,0.0779,172948.2
1667016000000.0,0.0781,0.0803,0.0775,0.0803,311290.3
1667019600000.0,0.0805,0.0819,0.0794,0.081,962266.6
1667023200000.0,0.0808,0.0837,0.0805,0.0815,1064687.2
1667026800000.0,0.0816,0.0827,0.0814,0.0814,565919.7
1667030400000.0,0.0814,0.0817,0.0803,0.0812,475182.5
1667034000000.0,0.0813,0.0816,0.0812,0.0815,72170.7
1667037600000.0,0.0816,0.0819,0.0805,0.0813,126289.4
1667041200000.0,0.0814,0.085,0.081,0.082,1322578.6
1667044800000.0,0.0821,0.0827,0.0815,0.0819,624264.1
1667048400000.0,0.082,0.0823,0.0807,0.0815,379183.9
1667052000000.0,0.0814,0.0817,0.08,0.0808,159273.5
1667055600000.0,0.0808,0.0812,0.0802,0.0809,163618.4
1667059200000.0,0.081,0.0832,0.0809,0.0823,329882.5
1667062800000.0,0.0821,0.0826,0.0802,0.0802,278784.9
1667066400000.0,0.0801,0.0816,0.0801,0.0812,821075.4
1667070000000.0,0.0812,0.0815,0.0793,0.0804,514691.0
1667073600000.0,0.0806,0.0814,0.0804,0.0812,236740.6
1667077200000.0,0.0812,0.0815,0.0811,0.0811,57746.6
1667080800000.0,0.0814,0.0815,0.0802,0.0804,140603.3
1667084400000.0,0.0804,0.0815,0.0802,0.0815,99967.1
1667088000000.0,0.0816,0.0816,0.0802,0.0804,179560.0
1667091600000.0,0.0804,0.082,0.0804,0.082,188450.7
1667095200000.0,0.0819,0.082,0.0812,0.082,74513.3
1667098800000.0,0.0819,0.082,0.0815,0.0818,45636.5
1667102400000.0,0.0819,0.0819,0.081,0.0814,24269.9
1667106000000.0,0.0814,0.0818,0.0811,0.0815,101135.7
1667109600000.0,0.0815,0.083,0.0809,0.0828,503392.0
1667113200000.0,0.0826,0.0837,0.0821,0.0837,219069.7
1667116800000.0,0.0837,0.0837,0.0812,0.0827,182470.3
1667120400000.0,0.0827,0.0831,0.0805,0.0814,259593.3
1667124000000.0,0.0816,0.0822,0.0814,0.0818,280635.1
1667127600000.0,0.0818,0.082,0.0812,0.0818,90447.5
1667131200000.0,0.0818,0.0818,0.0809,0.0817,39829.2
1667134800000.0,0.0816,0.0818,0.0805,0.0808,203836.5
1667138400000.0,0.0807,0.0813,0.0806,0.0812,41304.0
1667142000000.0,0.0814,0.0815,0.0794,0.0796,191725.6
1667145600000.0,0.0795,0.0812,0.0795,0.0804,280374.0
1667149200000.0,0.0801,0.081,0.0801,0.0806,63404.1
1667152800000.0,0.0808,0.0812,0.0805,0.0811,33182.6
1667156400000.0,0.0812,0.0817,0.0809,0.081,63936.1
1667160000000.0,0.0811,0.0813,0.0806,0.0813,68487.1
1667163600000.0,0.0813,0.0814,0.0807,0.0807,26237.8
1667167200000.0,0.0806,0.0806,0.078,0.0799,94019.4
1667170800000.0,0.08,0.0802,0.0797,0.08,70725.0
1667174400000.0,0.0801,0.0812,0.0798,0.0798,301376.2
1667178000000.0,0.08,0.0806,0.0793,0.0797,147152.0
1667181600000.0,0.08,0.08,0.079,0.0797,69818.4
1667185200000.0,0.0796,0.0805,0.0796,0.0805,35115.9
1667188800000.0,0.0805,0.0806,0.0803,0.0803,10523.3
1667192400000.0,0.0802,0.0802,0.0799,0.08,11332.5
1667196000000.0,0.0798,0.0798,0.0789,0.0794,15293.6
1667199600000.0,0.0794,0.0797,0.0794,0.0797,46004.5
1667203200000.0,0.0796,0.0796,0.0789,0.0792,23383.9
1667206800000.0,0.0792,0.0805,0.0787,0.0805,53330.2
1667210400000.0,0.0804,0.0805,0.0802,0.0804,41332.5
1667214000000.0,0.0804,0.0804,0.0795,0.0798,13496.8
1667217600000.0,0.0798,0.0802,0.0795,0.0795,8639.3
1667221200000.0,0.08,0.08,0.0777,0.0777,48730.9
1667224800000.0,0.0776,0.0786,0.0772,0.0782,125434.0
1667228400000.0,0.078,0.0788,0.0778,0.0784,67728.6
1667232000000.0,0.0785,0.0792,0.0782,0.0786,40486.0
1667235600000.0,0.0786,0.0789,0.0785,0.0788,22553.7
1667239200000.0,0.0789,0.0794,0.0789,0.079,6209.8
1667242800000.0,0.079,0.079,0.0788,0.0788,1336.7
1667246400000.0,0.0787,0.0791,0.0786,0.0786,5917.5
1667250000000.0,0.0788,0.0789,0.0783,0.0789,62305.4
1667253600000.0,0.0789,0.0792,0.0787,0.0792,25481.9
1667257200000.0,0.0792,0.0794,0.079,0.0791,24365.7
1667260800000.0,0.0796,0.0807,0.0795,0.0797,205041.5
1667264400000.0,0.0798,0.0804,0.0797,0.0801,110541.8
1667268000000.0,0.08,0.0805,0.0799,0.0804,46400.5
1667271600000.0,0.08,0.08,0.0797,0.0797,6793.5
1667275200000.0,0.0799,0.0799,0.0793,0.0797,52161.0
1667278800000.0,0.0794,0.0797,0.0793,0.0794,23029.1
1667282400000.0,0.0797,0.0803,0.0797,0.0803,4236.2
1667286000000.0,0.0804,0.0806,0.0799,0.0801,15262.3
1667289600000.0,0.0801,0.0801,0.0799,0.08,3485.8
1667293200000.0,0.0799,0.0804,0.0799,0.0801,5836.4
1667296800000.0,0.0798,0.0801,0.0796,0.0796,5181.2
1667300400000.0,0.0795,0.0795,0.0788,0.0791,66827.4
1667304000000.0,0.079,0.0793,0.0789,0.0789,101199.2
1667307600000.0,0.0788,0.0789,0.078,0.0782,77647.9
1667311200000.0,0.0781,0.0784,0.0779,0.078,28947.6
1667314800000.0,0.0782,0.0783,0.0778,0.0778,32962.6
1667318400000.0,0.078,0.0781,0.0774,0.0776,174041.5
1667322000000.0,0.0776,0.0779,0.0774,0.0776,170587.1
1667325600000.0,0.0775,0.0777,0.0774,0.0777,26776.0
1667329200000.0,0.0776,0.0778,0.0775,0.0776,9792.4
1667332800000.0,0.0777,0.0777,0.0776,0.0777,4226.1
1667336400000.0,0.0777,0.0778,0.0776,0.0776,28113.2
1667340000000.0,0.0777,0.0778,0.0777,0.0777,7148.4
1667343600000.0,0.0778,0.0778,0.0774,0.0774,29707.9
1667347200000.0,0.0775,0.0775,0.0762,0.0768,133016.8
1667350800000.0,0.0769,0.077,0.0765,0.0765,20538.4
1667354400000.0,0.0766,0.0766,0.0753,0.0763,257370.6
1667358000000.0,0.0764,0.0765,0.076,0.076,14254.3
1667361600000.0,0.0765,0.0766,0.0757,0.0757,6757.6
1667365200000.0,0.0757,0.0765,0.0756,0.0761,11887.6
1667368800000.0,0.0761,0.0762,0.0757,0.0762,94489.4
1667372400000.0,0.0762,0.0762,0.0748,0.0753,85000.2
1667376000000.0,0.075,0.0759,0.0749,0.0759,3012.1
1667379600000.0,0.0759,0.0759,0.0737,0.0738,146700.3
1667383200000.0,0.0739,0.0745,0.0736,0.0745,116955.2
1667386800000.0,0.0744,0.0746,0.0742,0.0742,66814.7
1667390400000.0,0.0741,0.0741,0.0733,0.0734,120944.0
1667394000000.0,0.0737,0.0743,0.0735,0.0737,60456.6
1667397600000.0,0.0738,0.0746,0.0738,0.0745,31943.2
1667401200000.0,0.0742,0.0743,0.0741,0.0742,18098.0
1667404800000.0,0.074,0.0746,0.0735,0.0746,74000.8
1667408400000.0,0.0742,0.0742,0.0722,0.0728,124996.8
1667412000000.0,0.0732,0.0754,0.0732,0.0741,433370.4
1667415600000.0,0.0745,0.0748,0.0725,0.0731,140364.0
1667419200000.0,0.0731,0.0734,0.0707,0.0724,403379.2
1667422800000.0,0.0725,0.0733,0.0725,0.0731,98323.2
1667426400000.0,0.0731,0.0734,0.0726,0.0731,82874.8
1667430000000.0,0.073,0.0742,0.073,0.0741,38902.1
1667433600000.0,0.0739,0.0753,0.0736,0.0751,103672.8
1667437200000.0,0.0753,0.0763,0.075,0.0757,349795.0
1667440800000.0,0.0756,0.0773,0.0756,0.077,190507.4
1667444400000.0,0.077,0.0783,0.0763,0.0777,281884.3
1667448000000.0,0.0778,0.0903,0.0775,0.0803,5240277.4
1667451600000.0,0.0803,0.0824,0.0793,0.0818,779249.5
1667455200000.0,0.0819,0.0826,0.0801,0.0818,987469.7
1667458800000.0,0.0817,0.0827,0.08,0.0802,963256.3
1667462400000.0,0.0805,0.0843,0.0793,0.0843,1083699.8
1667466000000.0,0.0842,0.0921,0.083,0.089,2899630.6
1667469600000.0,0.0894,0.0901,0.0848,0.0857,2683918.5
1667473200000.0,0.0856,0.0865,0.0825,0.0828,816075.4
1667476800000.0,0.0829,0.0846,0.0817,0.0818,1050168.6
1667480400000.0,0.0821,0.0843,0.0821,0.0825,613446.0
1667484000000.0,0.0828,0.0848,0.0828,0.0838,215342.5
1667487600000.0,0.0837,0.0841,0.0825,0.0827,271204.5
1667491200000.0,0.0827,0.0843,0.0827,0.0839,76834.0
1667494800000.0,0.084,0.0892,0.0839,0.0859,1510205.2
1667498400000.0,0.086,0.0872,0.0831,0.0843,1550808.8
1667502000000.0,0.0842,0.0866,0.0837,0.086,836585.0
1667505600000.0,0.0861,0.0927,0.0851,0.0864,2446545.2
1667509200000.0,0.0864,0.0874,0.0858,0.087,357639.7
1667512800000.0,0.0869,0.0869,0.0833,0.0835,463352.1
1667516400000.0,0.0836,0.0852,0.0836,0.0851,495538.7
1667520000000.0,0.0852,0.0852,0.0818,0.0828,653868.4
1667523600000.0,0.083,0.0833,0.0818,0.0821,235710.4
1667527200000.0,0.0822,0.0826,0.0818,0.0823,190455.5
1667530800000.0,0.0823,0.0829,0.0819,0.0829,221393.1
1667534400000.0,0.0829,0.0834,0.0824,0.0831,54798.1
1667538000000.0,0.0831,0.0834,0.0822,0.083,86261.5
1667541600000.0,0.0831,0.0844,0.0831,0.0843,28715.4
1667545200000.0,0.0842,0.0842,0.0834,0.0841,67130.8
1667548800000.0,0.0841,0.0843,0.0827,0.083,96727.2
1667552400000.0,0.083,0.083,0.0816,0.0826,60660.8
1667556000000.0,0.0827,0.0829,0.0821,0.0824,79434.1
1667559600000.0,0.0824,0.0826,0.0818,0.082,215660.5
1667563200000.0,0.082,0.0834,0.0804,0.0834,373088.5
1667566800000.0,0.0833,0.0843,0.0827,0.0832,187887.2
1667570400000.0,0.0833,0.0862,0.0833,0.0859,508008.8
1667574000000.0,0.0858,0.0858,0.0838,0.0848,202421.0
1667577600000.0,0.0846,0.0866,0.0843,0.0857,205793.4
1667581200000.0,0.0856,0.0867,0.0852,0.0865,66834.5
1667584800000.0,0.0866,0.0878,0.0856,0.086,395552.6
1667588400000.0,0.0862,0.0866,0.0858,0.0866,70407.1
1667592000000.0,0.0867,0.0884,0.0867,0.0884,220972.3
1667595600000.0,0.0885,0.089,0.0873,0.0884,379661.2
1667599200000.0,0.0883,0.0883,0.0873,0.0875,104016.7
1667602800000.0,0.0876,0.0877,0.0866,0.0877,198036.6
1667606400000.0,0.0879,0.0895,0.0876,0.0892,731503.3
1667610000000.0,0.0893,0.09,0.0876,0.0876,456419.7
1667613600000.0,0.0882,0.0885,0.0879,0.0883,123312.2
1667617200000.0,0.0886,0.0887,0.0873,0.0883,104233.1
1667620800000.0,0.0881,0.0883,0.0869,0.0871,65942.9
1667624400000.0,0.0873,0.0884,0.087,0.0882,139237.2
1667628000000.0,0.0882,0.0893,0.0876,0.0879,344401.5
1667631600000.0,0.0878,0.0882,0.0874,0.0877,51566.1
1667635200000.0,0.0876,0.0876,0.086,0.0867,104702.2
1667638800000.0,0.0867,0.0867,0.0858,0.0863,21030.2
1667642400000.0,0.0865,0.0871,0.0865,0.087,23777.5
1667646000000.0,0.087,0.0877,0.0869,0.0871,140002.2
1667649600000.0,0.0869,0.0869,0.0859,0.0865,322067.5
1667653200000.0,0.0865,0.0865,0.0856,0.0864,39849.6
1667656800000.0,0.0864,0.0864,0.0849,0.0855,73177.0
1667660400000.0,0.0855,0.0863,0.0855,0.0859,108394.3
1667664000000.0,0.0858,0.0867,0.0858,0.0858,97077.9
1667667600000.0,0.0856,0.0869,0.085,0.0855,498145.0
1667671200000.0,0.0856,0.0857,0.0839,0.084,202216.8
1667674800000.0,0.0843,0.0846,0.0839,0.0841,271070.5
1667678400000.0,0.084,0.0845,0.084,0.0843,19861.3
1667682000000.0,0.0841,0.0844,0.084,0.0844,10275.3
1667685600000.0,0.0844,0.0849,0.0842,0.0845,12661.2
1667689200000.0,0.0843,0.0843,0.0826,0.0843,198142.2
1667692800000.0,0.0843,0.0855,0.0837,0.0844,143418.0
1667696400000.0,0.0844,0.0849,0.0837,0.0841,47842.9
1667700000000.0,0.0843,0.0848,0.0842,0.0845,74805.2
1667703600000.0,0.0847,0.0883,0.0846,0.0864,433371.1
1667707200000.0,0.0862,0.0865,0.0858,0.0864,220836.7
1667710800000.0,0.0864,0.0868,0.0854,0.0863,131034.1
1667714400000.0,0.0864,0.0864,0.0856,0.0859,16954.0
1667718000000.0,0.086,0.086,0.0851,0.0856,19555.8
1667721600000.0,0.0862,0.0864,0.0853,0.0859,87779.6
1667725200000.0,0.0862,0.0905,0.0862,0.0894,2020061.7
1667728800000.0,0.0893,0.0893,0.0873,0.0881,787528.7
1667732400000.0,0.088,0.088,0.0865,0.0873,222486.1
1667736000000.0,0.0873,0.0877,0.0854,0.0867,537213.7
1667739600000.0,0.0867,0.0867,0.0861,0.0862,168927.4
1667743200000.0,0.0859,0.0863,0.0855,0.0862,242154.6
1667746800000.0,0.0862,0.0864,0.0853,0.0853,64537.9
1667750400000.0,0.0853,0.0853,0.0831,0.0843,817953.6
1667754000000.0,0.0844,0.0844,0.0838,0.0842,271863.8
1667757600000.0,0.0842,0.0843,0.0831,0.084,134359.8
1667761200000.0,0.084,0.0841,0.0827,0.0837,231325.7
1667764800000.0,0.0836,0.0837,0.0829,0.0837,142203.4
1667768400000.0,0.0834,0.0836,0.0827,0.0831,71958.6
1667772000000.0,0.0831,0.0831,0.0815,0.0817,23900.2
1667775600000.0,0.0816,0.0816,0.0793,0.0802,173943.2
1667779200000.0,0.0802,0.0811,0.0801,0.0809,52699.8
1667782800000.0,0.0809,0.0816,0.0807,0.0814,17548.6
1667786400000.0,0.0813,0.0818,0.0813,0.0817,40122.3
1667790000000.0,0.0818,0.0818,0.0815,0.0815,10446.7
1667793600000.0,0.0815,0.082,0.0811,0.0817,117545.1
1667797200000.0,0.0815,0.083,0.0813,0.0817,309996.2
1667800800000.0,0.0818,0.0818,0.0808,0.0808,26707.1
1667804400000.0,0.0807,0.0807,0.0783,0.0785,185924.7
1667808000000.0,0.0786,0.0798,0.0786,0.0798,44876.9
1667811600000.0,0.0799,0.08,0.0796,0.0796,69969.2
1667815200000.0,0.0795,0.0809,0.0794,0.0809,61680.7
1667818800000.0,0.081,0.0812,0.0807,0.0808,68790.9
1667822400000.0,0.0809,0.0813,0.08,0.0805,280127.0
1667826000000.0,0.0807,0.0807,0.0798,0.0798,94346.9
1667829600000.0,0.0798,0.0802,0.0791,0.0797,51288.7
1667833200000.0,0.0799,0.0813,0.0799,0.0812,41678.9
1667836800000.0,0.0813,0.0813,0.0801,0.0804,30933.1
1667840400000.0,0.0803,0.0806,0.0802,0.0806,13051.1
1667844000000.0,0.081,0.081,0.0807,0.0808,21347.1
1667847600000.0,0.081,0.082,0.081,0.0818,87257.4
1667851200000.0,0.0815,0.0819,0.0813,0.0813,16195.4
1667854800000.0,0.0813,0.0814,0.0799,0.0803,119838.3
1667858400000.0,0.0803,0.0804,0.0766,0.0785,99052.7
1667862000000.0,0.0787,0.0795,0.0785,0.0794,42654.5
1667865600000.0,0.0794,0.0804,0.0789,0.0789,136115.7
1667869200000.0,0.079,0.0802,0.0788,0.0799,150914.9
1667872800000.0,0.0798,0.0803,0.0776,0.0776,169352.7
1667876400000.0,0.0775,0.0781,0.0749,0.0751,367964.3
1667880000000.0,0.0748,0.0757,0.0723,0.0732,414764.7
1667883600000.0,0.0734,0.074,0.0709,0.0729,662607.4
1667887200000.0,0.0726,0.0749,0.0722,0.0743,298289.9
1667890800000.0,0.0745,0.0751,0.0742,0.0745,183287.0
1667894400000.0,0.0745,0.0748,0.0742,0.0744,98201.4
1667898000000.0,0.0744,0.075,0.0743,0.0745,125096.2
1667901600000.0,0.0745,0.0745,0.0733,0.0734,157016.7
1667905200000.0,0.0734,0.0742,0.0732,0.0736,80619.7
1667908800000.0,0.0736,0.0745,0.0736,0.0745,150094.4
1667912400000.0,0.0742,0.0745,0.0735,0.0735,138429.6
1667916000000.0,0.0734,0.0744,0.0727,0.0739,143008.8
1667919600000.0,0.074,0.0755,0.0734,0.0755,88590.9
1667923200000.0,0.0753,0.079,0.0753,0.077,117175.3
1667926800000.0,0.077,0.077,0.0727,0.0734,290219.5
1667930400000.0,0.0735,0.0735,0.0682,0.0704,767715.3
1667934000000.0,0.0704,0.0705,0.0573,0.0654,1523743.5
1667937600000.0,0.0654,0.0655,0.0627,0.0642,1482562.7
1667941200000.0,0.0641,0.0656,0.0641,0.0651,617600.1
1667944800000.0,0.065,0.0651,0.0637,0.064,89778.0
1667948400000.0,0.0638,0.0654,0.0635,0.0642,207247.5
1667952000000.0,0.0641,0.0643,0.0622,0.0622,318951.9
1667955600000.0,0.0622,0.0628,0.0612,0.0612,166089.8
1667959200000.0,0.0614,0.0623,0.0594,0.0594,216649.0
1667962800000.0,0.0594,0.0615,0.0588,0.061,591549.0
1667966400000.0,0.0608,0.0616,0.0601,0.0611,489457.3
1667970000000.0,0.0609,0.0629,0.0598,0.0612,708927.5
1667973600000.0,0.0612,0.0627,0.0612,0.0617,331990.1
1667977200000.0,0.0616,0.0627,0.0614,0.0615,281572.4
1667980800000.0,0.0616,0.0616,0.0594,0.0599,343444.2
1667984400000.0,0.0598,0.0598,0.0575,0.0585,315730.7
1667988000000.0,0.0586,0.0599,0.0573,0.0591,297116.9
1667991600000.0,0.0592,0.0607,0.0588,0.0607,424157.2
1667995200000.0,0.0607,0.0617,0.0602,0.0614,205351.1
1667998800000.0,0.0615,0.0615,0.0603,0.0605,130838.0
1668002400000.0,0.0606,0.0618,0.0595,0.0612,255766.2
1668006000000.0,0.0614,0.062,0.0587,0.0589,816094.5
1668009600000.0,0.0589,0.0603,0.0582,0.0594,354065.1
1668013200000.0,0.0594,0.0599,0.0585,0.0589,446319.1
1668016800000.0,0.0589,0.0589,0.0547,0.0565,255683.6
1668020400000.0,0.0562,0.0591,0.0562,0.0577,236398.9
1668024000000.0,0.0574,0.059,0.056,0.056,79294.5
1668027600000.0,0.0557,0.0557,0.0505,0.0521,400423.9
1668031200000.0,0.0526,0.0534,0.0521,0.0522,115242.5
1668034800000.0,0.0522,0.0533,0.0514,0.0531,96848.1
1668038400000.0,0.0527,0.0549,0.0524,0.0547,317929.8
1668042000000.0,0.0547,0.0556,0.0533,0.0536,119197.1
1668045600000.0,0.0536,0.0539,0.0526,0.0539,423803.1
1668049200000.0,0.0543,0.0561,0.0543,0.0549,76064.8
1668052800000.0,0.0549,0.0564,0.0546,0.0564,121706.4
1668056400000.0,0.0564,0.0567,0.0559,0.0566,15853.5
1668060000000.0,0.0566,0.0573,0.0562,0.0564,78190.5
1668063600000.0,0.0564,0.0574,0.0562,0.0565,26177.6
1668067200000.0,0.0565,0.0565,0.0547,0.0558,48157.0
1668070800000.0,0.0562,0.0563,0.0554,0.0554,34803.2
1668074400000.0,0.0553,0.0553,0.0542,0.0542,17055.6
1668078000000.0,0.0539,0.0557,0.0539,0.055,115917.9
1668081600000.0,0.0551,0.0564,0.0547,0.0553,192353.4
1668085200000.0,0.0559,0.06,0.0555,0.0598,519981.4
1668088800000.0,0.0595,0.0608,0.059,0.0607,116807.2
1668092400000.0,0.0609,0.0617,0.0601,0.0608,41570.4
1668096000000.0,0.0602,0.0619,0.0602,0.0611,20656.2
1668099600000.0,0.0612,0.0615,0.0588,0.0594,77288.3
1668103200000.0,0.0595,0.0602,0.0592,0.0602,21398.3
1668106800000.0,0.0601,0.0606,0.0594,0.0599,10946.0
1668110400000.0,0.0599,0.0619,0.0597,0.0616,26860.2
1668114000000.0,0.0617,0.0622,0.0613,0.0618,31666.4
1668117600000.0,0.0617,0.0622,0.0613,0.0617,8968.3
1668121200000.0,0.0621,0.0624,0.0612,0.0622,22028.4
1668124800000.0,0.0619,0.0621,0.0599,0.0621,126519.0
1668128400000.0,0.0624,0.0626,0.0601,0.0601,26271.3
1668132000000.0,0.0601,0.0606,0.0591,0.0598,69289.5
1668135600000.0,0.0598,0.0598,0.0583,0.059,97768.7
1668139200000.0,0.0588,0.0594,0.0586,0.059,18725.6
1668142800000.0,0.0595,0.0602,0.0595,0.0602,11111.8
1668146400000.0,0.0597,0.0605,0.0597,0.0601,41082.5
1668150000000.0,0.06,0.0622,0.06,0.061,199712.3
1668153600000.0,0.0611,0.0617,0.0605,0.0612,8090.1
1668157200000.0,0.0611,0.0645,0.061,0.0633,312800.4
1668160800000.0,0.0632,0.0638,0.0629,0.0632,98823.8
1668164400000.0,0.0633,0.064,0.0628,0.0628,54540.7
1668168000000.0,0.0625,0.0629,0.0619,0.0629,5062.2
1668171600000.0,0.0631,0.0632,0.0617,0.0617,56029.4
1668175200000.0,0.0616,0.0616,0.0556,0.0586,387560.6
1668178800000.0,0.058,0.0586,0.0575,0.0578,36860.0
1668182400000.0,0.058,0.058,0.0568,0.0577,10353.1
1668186000000.0,0.0577,0.0589,0.0576,0.0589,4622.1
1668189600000.0,0.059,0.0592,0.0576,0.0576,156075.4
1668193200000.0,0.0578,0.0582,0.0577,0.0579,31632.8
1668196800000.0,0.0576,0.059,0.0571,0.0584,371682.8
1668200400000.0,0.058,0.0585,0.0572,0.0585,150656.4
1668204000000.0,0.0582,0.0592,0.058,0.0592,143116.8
1668207600000.0,0.0593,0.06,0.0591,0.0597,58819.4
1668211200000.0,0.0596,0.0596,0.059,0.0591,17369.4
1668214800000.0,0.059,0.0597,0.0588,0.0593,49039.2
1668218400000.0,0.0592,0.0599,0.0592,0.0597,17314.6
1668222000000.0,0.0596,0.0596,0.0587,0.0589,10887.8
1668225600000.0,0.0589,0.059,0.0569,0.0569,98691.9
1668229200000.0,0.0568,0.0571,0.0559,0.0565,33143.2
1668232800000.0,0.0564,0.0571,0.0562,0.0569,9086.5
1668236400000.0,0.0572,0.0582,0.0572,0.0575,6081.2
1668240000000.0,0.0574,0.0577,0.057,0.0571,4310.1
1668243600000.0,0.0573,0.0578,0.0573,0.0578,10763.1
1668247200000.0,0.0577,0.0585,0.0576,0.058,18223.8
1668250800000.0,0.0579,0.0584,0.0578,0.0584,3389.3
1668254400000.0,0.0584,0.0584,0.0579,0.058,691.6
1668258000000.0,0.0578,0.0579,0.0573,0.0576,8444.1
1668261600000.0,0.0572,0.0585,0.0571,0.058,39792.0
1668265200000.0,0.0579,0.0583,0.0578,0.0579,51203.5
1668268800000.0,0.0579,0.0581,0.0576,0.0579,10352.5
1668272400000.0,0.058,0.058,0.0576,0.0577,12425.1
1668276000000.0,0.0579,0.058,0.0575,0.0577,20546.0
1668279600000.0,0.0577,0.0577,0.0573,0.0573,10910.0
1668283200000.0,0.0573,0.0576,0.0572,0.0572,12592.1
1668286800000.0,0.0572,0.0572,0.0568,0.0568,9559.6
1668290400000.0,0.0569,0.0571,0.0568,0.057,21741.6
1668294000000.0,0.056,0.0567,0.056,0.0567,1623.4
1668297600000.0,0.0569,0.0574,0.0569,0.0574,4333.4
1668301200000.0,0.0572,0.0578,0.0572,0.0577,325764.4
1668304800000.0,0.0577,0.058,0.0576,0.0578,25416.8
1668308400000.0,0.0579,0.0586,0.0576,0.0586,46874.9
1668312000000.0,0.0583,0.0584,0.0578,0.0578,29531.4
1668315600000.0,0.0577,0.0579,0.0577,0.0578,4321.7
1668319200000.0,0.0574,0.0574,0.056,0.056,34915.2
1668322800000.0,0.0566,0.0567,0.056,0.0563,21831.5
1668326400000.0,0.0562,0.0562,0.0554,0.0554,122170.7
1668330000000.0,0.0552,0.0553,0.055,0.0551,24542.7
1668333600000.0,0.0554,0.0555,0.0553,0.0555,6606.9
1668337200000.0,0.0554,0.0561,0.0553,0.056,51493.2
1668340800000.0,0.0558,0.0559,0.0556,0.0556,5207.8
1668344400000.0,0.0556,0.0572,0.0556,0.0565,51173.8
1668348000000.0,0.0568,0.0572,0.0565,0.0566,53055.5
1668351600000.0,0.0569,0.0623,0.0569,0.0595,365805.6
1668355200000.0,0.0592,0.0605,0.0591,0.0603,22339.6
1668358800000.0,0.0603,0.0612,0.0592,0.0601,497897.2
1668362400000.0,0.06,0.0602,0.0588,0.0601,90571.6
1668366000000.0,0.0598,0.0604,0.0595,0.0598,76859.2
1668369600000.0,0.0599,0.0599,0.059,0.0592,90543.9
1668373200000.0,0.059,0.0614,0.0558,0.0569,1141923.7
1668376800000.0,0.0569,0.0579,0.0569,0.0573,108970.6
1668380400000.0,0.0572,0.0572,0.0558,0.0562,106226.6
1668384000000.0,0.0562,0.0562,0.0534,0.0548,187733.3
1668387600000.0,0.0549,0.0551,0.0538,0.0538,60061.5
1668391200000.0,0.0535,0.0543,0.0534,0.0543,156871.8
1668394800000.0,0.0541,0.0546,0.054,0.0541,13470.0
1668398400000.0,0.0543,0.0543,0.0536,0.054,27503.2
1668402000000.0,0.054,0.0541,0.0531,0.0535,21659.6
1668405600000.0,0.0535,0.056,0.0534,0.0557,4408.8
1668409200000.0,0.0554,0.0556,0.0546,0.0556,29702.4
1668412800000.0,0.056,0.0561,0.0551,0.0551,17684.8
1668416400000.0,0.055,0.0555,0.055,0.0552,545.2
1668420000000.0,0.0552,0.0558,0.0552,0.0558,1505.5
1668423600000.0,0.0557,0.0559,0.0556,0.0557,4780.9
1668427200000.0,0.0557,0.0572,0.0557,0.0568,65088.0
1668430800000.0,0.0571,0.0572,0.0555,0.0562,24570.2
1668434400000.0,0.0566,0.0569,0.0557,0.0568,22621.1
1668438000000.0,0.0569,0.0581,0.0567,0.0573,15309.8
1668441600000.0,0.0571,0.0575,0.0563,0.0572,18676.4
1668445200000.0,0.0571,0.0575,0.0571,0.0573,2195.4
1668448800000.0,0.0573,0.0579,0.0573,0.0577,12570.3
1668452400000.0,0.0575,0.0575,0.0568,0.0573,10371.6
1668456000000.0,0.057,0.0576,0.0568,0.0575,4632.4
1668459600000.0,0.0574,0.0577,0.0574,0.0576,4879.0
1668463200000.0,0.0574,0.0582,0.0574,0.0581,10632.7
1668466800000.0,0.058,0.0586,0.0578,0.0586,84857.4
1668470400000.0,0.0581,0.0586,0.0579,0.0579,17221.5
1668474000000.0,0.0576,0.0594,0.0576,0.0594,69859.1
1668477600000.0,0.0595,0.0601,0.0593,0.0601,64403.2
1668481200000.0,0.0601,0.0601,0.0596,0.0601,59142.0
1668484800000.0,0.06,0.0602,0.0593,0.0601,379994.1
1668488400000.0,0.06,0.0605,0.0593,0.0593,38450.8
1668492000000.0,0.0593,0.0594,0.0592,0.0594,1868.1
1668495600000.0,0.0595,0.0595,0.0592,0.0594,12957.2
1668499200000.0,0.0596,0.0598,0.0591,0.0593,32805.7
1668502800000.0,0.0591,0.0602,0.0588,0.0598,35842.8
1668506400000.0,0.0596,0.0596,0.0589,0.0591,7664.4
1668510000000.0,0.0592,0.0592,0.0584,0.0588,11654.7
1668513600000.0,0.059,0.0593,0.0587,0.0593,19499.1
1668517200000.0,0.0595,0.06,0.0592,0.0595,38101.0
1668520800000.0,0.0595,0.0595,0.0588,0.0591,4373.6
1668524400000.0,0.0592,0.0635,0.0592,0.061,376090.5
1668528000000.0,0.061,0.0619,0.061,0.0613,111852.5
1668531600000.0,0.0612,0.0616,0.0609,0.0612,102891.6
1668535200000.0,0.0611,0.0612,0.0592,0.0597,107167.8
1668538800000.0,0.0597,0.0604,0.0592,0.0604,77488.4
1668542400000.0,0.0602,0.0602,0.0598,0.0601,18150.4
1668546000000.0,0.0601,0.0601,0.0597,0.0598,11220.1
1668549600000.0,0.0601,0.0601,0.0599,0.06,698.7
1668553200000.0,0.0599,0.0604,0.0599,0.0603,128488.4
1668556800000.0,0.0603,0.0604,0.0595,0.0596,6550.7
1668560400000.0,0.0599,0.0601,0.0595,0.0601,17551.4
1668564000000.0,0.0601,0.0604,0.0597,0.0599,122591.6
1668567600000.0,0.0599,0.0603,0.0599,0.0601,3125.5
1668571200000.0,0.0603,0.0603,0.0599,0.0599,721.1
1668574800000.0,0.0597,0.0602,0.0596,0.0602,6077.3
1668578400000.0,0.0602,0.0602,0.0596,0.0599,17527.4
1668582000000.0,0.0598,0.0598,0.0595,0.0595,5533.6
1668585600000.0,0.0591,0.0592,0.0583,0.0589,7078.0
1668589200000.0,0.059,0.059,0.0587,0.059,6576.9
1668592800000.0,0.0592,0.0592,0.0586,0.0591,16920.2
1668596400000.0,0.0591,0.0593,0.0586,0.0586,2144.4
1668600000000.0,0.0587,0.0589,0.0583,0.0585,17299.5
1668603600000.0,0.0584,0.0587,0.0581,0.0581,31604.4
1668607200000.0,0.0581,0.0582,0.0569,0.0579,43626.9
1668610800000.0,0.0578,0.0579,0.0568,0.0571,13798.6
1668614400000.0,0.0576,0.058,0.0574,0.0577,2446.0
1668618000000.0,0.0581,0.0585,0.0579,0.0582,20991.1
1668621600000.0,0.0581,0.0585,0.058,0.0584,62325.2
1668625200000.0,0.0582,0.0584,0.0581,0.0583,15325.3
1668628800000.0,0.0582,0.0583,0.058,0.0582,38560.5
1668632400000.0,0.0583,0.0583,0.058,0.058,6056.8
1668636000000.0,0.0582,0.059,0.058,0.059,27589.3
1668639600000.0,0.0589,0.0591,0.0586,0.059,1218.0
1668643200000.0,0.0587,0.0591,0.0587,0.059,1566.6
1668646800000.0,0.0588,0.0589,0.0587,0.0587,10559.1
1668650400000.0,0.0585,0.0587,0.0585,0.0587,2221.7
1668654000000.0,0.0588,0.0588,0.0582,0.0583,39184.6
1668657600000.0,0.0582,0.0582,0.0574,0.0581,5592.9
1668661200000.0,0.0577,0.0588,0.0577,0.0582,359272.2
1668664800000.0,0.0585,0.0587,0.0583,0.0583,16060.1
1668668400000.0,0.0584,0.0584,0.058,0.0584,17897.3
1668672000000.0,0.0583,0.0583,0.0583,0.0583,88.2
1668675600000.0,0.058,0.0581,0.0577,0.0581,8930.3
1668679200000.0,0.0582,0.0582,0.0581,0.0582,571.4
1668686400000.0,0.0585,0.0586,0.0584,0.0585,26057.4
1668690000000.0,0.0582,0.0582,0.0575,0.0575,27404.5
1668693600000.0,0.0576,0.0577,0.0573,0.0576,16769.3
1668697200000.0,0.0579,0.0584,0.0574,0.0574,66052.2
1668700800000.0,0.0573,0.0582,0.0573,0.058,90116.4
1668704400000.0,0.058,0.0584,0.0579,0.0582,5031.9
1668708000000.0,0.0583,0.0584,0.0581,0.0582,9681.9
1668711600000.0,0.058,0.0581,0.0579,0.058,25798.0
1668715200000.0,0.0582,0.0582,0.0576,0.0578,4552.9
1668718800000.0,0.0579,0.0579,0.0576,0.0576,871.2
1668722400000.0,0.0578,0.0578,0.0576,0.0578,33865.2
1668729600000.0,0.0581,0.0587,0.058,0.0584,28934.8
1668733200000.0,0.0583,0.0587,0.0583,0.0587,4061.3
1668736800000.0,0.0587,0.0591,0.0584,0.0591,7074.5
1668740400000.0,0.0591,0.0593,0.0584,0.0584,21223.6
1668744000000.0,0.0586,0.0586,0.0583,0.0584,14459.0
1668747600000.0,0.0586,0.0587,0.0584,0.0584,2001.1
1668751200000.0,0.0586,0.0586,0.0581,0.0582,20041.0
1668754800000.0,0.0582,0.0583,0.058,0.0581,7213.3
1668758400000.0,0.058,0.058,0.0577,0.0579,8701.3
1668762000000.0,0.0579,0.0579,0.0579,0.0579,23760.7
1668765600000.0,0.058,0.0582,0.0578,0.0582,37104.8
1668772800000.0,0.0581,0.0583,0.058,0.058,65199.4
1668776400000.0,0.058,0.0583,0.0579,0.0579,20223.4
1668780000000.0,0.0581,0.0583,0.0574,0.0574,279339.6
1668783600000.0,0.0576,0.058,0.0575,0.0579,20968.4
1668787200000.0,0.0577,0.0579,0.0577,0.0577,6785.7
1668790800000.0,0.0574,0.0575,0.0571,0.0574,8489.1
1668794400000.0,0.0573,0.0575,0.0571,0.0575,5326.7
1668798000000.0,0.0576,0.0578,0.0575,0.0575,36860.3
1668801600000.0,0.0578,0.0581,0.0577,0.0579,12521.0
1668805200000.0,0.0579,0.058,0.0579,0.058,5544.4
1668808800000.0,0.0579,0.0579,0.0577,0.0577,4319.3
1668812400000.0,0.0579,0.0581,0.0578,0.0578,15136.9
1668816000000.0,0.0579,0.0579,0.0573,0.0575,16242.2
1668819600000.0,0.0576,0.0576,0.0572,0.0573,3456.9
1668823200000.0,0.0574,0.0575,0.0571,0.0575,8412.2
1668826800000.0,0.0576,0.0577,0.0576,0.0576,2911.6
1668834000000.0,0.0574,0.0575,0.0564,0.0569,18003.4
1668837600000.0,0.0569,0.057,0.0568,0.057,1353.5
1668841200000.0,0.057,0.057,0.0568,0.0568,25836.4
1668844800000.0,0.0568,0.0571,0.0566,0.0571,10569.1
1668848400000.0,0.0571,0.0573,0.057,0.0571,9569.8
1668852000000.0,0.057,0.0573,0.057,0.0571,5703.8
1668855600000.0,0.057,0.0573,0.057,0.0573,4447.7
1668859200000.0,0.0574,0.0574,0.0572,0.0574,2759.9
1668862800000.0,0.0574,0.0578,0.0572,0.0578,52452.7
1668866400000.0,0.0581,0.0581,0.0574,0.0581,41356.3
1668870000000.0,0.0581,0.0583,0.058,0.0581,32927.7
1668873600000.0,0.0581,0.0582,0.0579,0.058,16258.5
1668877200000.0,0.0577,0.0577,0.0574,0.0574,8330.0
1668880800000.0,0.0573,0.0576,0.0573,0.0576,3798.3
1668884400000.0,0.0576,0.0577,0.0574,0.0577,6171.8
1668888000000.0,0.0575,0.0578,0.0575,0.0578,23192.5
1668891600000.0,0.0577,0.0584,0.0575,0.0584,45470.4
1668895200000.0,0.0584,0.0584,0.0581,0.0581,8096.2
1668898800000.0,0.0582,0.0585,0.058,0.0585,17401.2
1668902400000.0,0.0583,0.059,0.0581,0.059,75039.3
1668906000000.0,0.0591,0.0601,0.0587,0.0594,19146.7
1668909600000.0,0.0594,0.06,0.0593,0.0596,2102.3
1668913200000.0,0.0596,0.0596,0.059,0.0595,14416.0
1668916800000.0,0.0594,0.0594,0.0593,0.0594,6614.4
1668920400000.0,0.0591,0.0593,0.0591,0.0591,27808.7
1668924000000.0,0.059,0.0593,0.0589,0.0593,8514.2
1668927600000.0,0.0596,0.0603,0.0596,0.06,48919.3
1668931200000.0,0.0599,0.0622,0.0599,0.061,105999.8
1668934800000.0,0.061,0.063,0.0605,0.0618,298962.2
1668938400000.0,0.062,0.0625,0.0612,0.0616,46677.1
1668942000000.0,0.0615,0.0615,0.0593,0.0599,148783.8
1668945600000.0,0.0601,0.061,0.0601,0.0606,28389.5
1668949200000.0,0.0608,0.0612,0.0608,0.0612,7825.3
1668952800000.0,0.0614,0.0615,0.0607,0.061,35530.0
1668956400000.0,0.0608,0.061,0.0603,0.0603,35026.4
1668960000000.0,0.0604,0.0604,0.0594,0.0596,89531.9
1668963600000.0,0.0596,0.0598,0.0585,0.0588,19325.6
1668967200000.0,0.0592,0.0594,0.059,0.059,27311.9
1668970800000.0,0.0591,0.0591,0.059,0.059,2404.0
1668974400000.0,0.0591,0.0591,0.0582,0.0582,18517.2
1668978000000.0,0.0581,0.0584,0.0562,0.0562,53503.7
1668981600000.0,0.056,0.0568,0.0559,0.0566,15013.6
1668985200000.0,0.0563,0.0567,0.0561,0.0564,16586.2
1668988800000.0,0.0557,0.0565,0.0553,0.0559,24665.4
1668992400000.0,0.0559,0.056,0.0558,0.0558,5442.4
1668996000000.0,0.0552,0.0552,0.0541,0.0551,89372.3
1668999600000.0,0.055,0.0552,0.0545,0.0552,623.5
1669003200000.0,0.0554,0.0557,0.0554,0.0557,1751.3
1669010400000.0,0.0558,0.0564,0.0556,0.0564,11965.3
1669014000000.0,0.0565,0.0565,0.0557,0.0561,13653.5
1669017600000.0,0.0557,0.0558,0.0554,0.0558,6306.6
1669021200000.0,0.0552,0.0561,0.0552,0.0561,42250.8
1669024800000.0,0.056,0.0565,0.0557,0.0564,4047.3
1669028400000.0,0.0562,0.0564,0.056,0.0561,35730.6
1669032000000.0,0.0561,0.0566,0.056,0.0566,19359.7
1669035600000.0,0.0565,0.0569,0.0564,0.0567,57873.4
1669039200000.0,0.0571,0.0571,0.0567,0.0568,20625.6
1669042800000.0,0.0572,0.0573,0.056,0.056,5108.5
1669046400000.0,0.056,0.0564,0.0554,0.0563,4565.9
1669050000000.0,0.0561,0.0561,0.0554,0.0554,32152.1
1669053600000.0,0.0552,0.0557,0.0551,0.0557,52283.1
1669057200000.0,0.0557,0.0559,0.0541,0.0551,149889.4
1669060800000.0,0.0552,0.0567,0.0551,0.0565,103075.2
1669064400000.0,0.0567,0.0567,0.0556,0.056,226581.1
1669068000000.0,0.0564,0.0567,0.0561,0.0565,338859.3
1669071600000.0,0.0566,0.057,0.0565,0.0568,71468.7
1669075200000.0,0.0567,0.0577,0.0567,0.0573,112114.0
1669078800000.0,0.0573,0.0577,0.0573,0.0575,79690.9
1669082400000.0,0.0575,0.0576,0.0571,0.0576,16367.2
1669086000000.0,0.0574,0.0574,0.0569,0.057,62379.7
1669089600000.0,0.0564,0.0565,0.056,0.0562,17778.2
1669093200000.0,0.0559,0.0561,0.0558,0.056,3121.2
1669096800000.0,0.0562,0.0562,0.055,0.055,6573.2
1669100400000.0,0.0549,0.0554,0.0549,0.0553,49831.3
1669104000000.0,0.0552,0.0552,0.0543,0.0543,50791.7
1669107600000.0,0.0544,0.0544,0.0539,0.054,228.7
1669111200000.0,0.0541,0.0547,0.0541,0.0545,301973.5
1669114800000.0,0.0545,0.0546,0.0544,0.0544,8428.1
1669118400000.0,0.0544,0.0553,0.0542,0.0553,75472.9
1669122000000.0,0.0554,0.057,0.0553,0.057,181516.5
1669125600000.0,0.0571,0.0573,0.0567,0.0573,77242.7
1669129200000.0,0.0572,0.0574,0.0568,0.0574,352591.3
1669132800000.0,0.0572,0.0573,0.0571,0.0573,37502.8
1669136400000.0,0.0575,0.0575,0.0573,0.0575,29840.0
1669140000000.0,0.0575,0.0581,0.0574,0.0578,74095.8
1669143600000.0,0.0576,0.0584,0.0576,0.0584,95301.5
1669147200000.0,0.0581,0.0611,0.0581,0.0594,299429.5
1669150800000.0,0.0594,0.0597,0.059,0.0591,39590.7
1669154400000.0,0.0591,0.06,0.0586,0.06,92706.4
1669158000000.0,0.06,0.0606,0.0597,0.0604,31607.9
1669161600000.0,0.0604,0.0609,0.0603,0.0606,61677.9
1669165200000.0,0.0605,0.0605,0.0597,0.0597,14832.4
1669168800000.0,0.0597,0.0605,0.0596,0.0604,59356.2
1669172400000.0,0.0605,0.0615,0.0604,0.0615,56055.6
1669176000000.0,0.0614,0.0614,0.0611,0.0614,27951.0
1669179600000.0,0.0615,0.062,0.0611,0.0614,137431.6
1669183200000.0,0.0614,0.0617,0.0613,0.0616,66612.4
1669186800000.0,0.0612,0.0616,0.0612,0.0616,4211.5
1669190400000.0,0.0616,0.0618,0.0612,0.0617,23824.6
1669194000000.0,0.0618,0.0618,0.0607,0.0608,14131.0
1669197600000.0,0.0608,0.0608,0.0604,0.0607,4780.7
1669201200000.0,0.0606,0.0607,0.0605,0.0607,417.9
1669204800000.0,0.0607,0.0607,0.0599,0.0601,3590.2
1669208400000.0,0.0602,0.0602,0.0593,0.0596,22818.1
1669212000000.0,0.0598,0.0601,0.0594,0.0601,8465.3
1669215600000.0,0.0602,0.0602,0.0597,0.06,1795.2
1669219200000.0,0.0599,0.06,0.0595,0.0595,764.2
1669222800000.0,0.0594,0.0602,0.0594,0.0599,54725.2
1669226400000.0,0.0599,0.0608,0.0599,0.0604,42950.6
1669230000000.0,0.0605,0.0608,0.06,0.0601,29031.2
1669233600000.0,0.0601,0.0608,0.0601,0.0608,3866.9
1669240800000.0,0.0607,0.0612,0.0606,0.0612,10912.6
1669244400000.0,0.0612,0.0614,0.0612,0.0614,9591.2
1669248000000.0,0.0616,0.0619,0.0612,0.0615,25740.1
1669251600000.0,0.0614,0.0625,0.0614,0.0622,46784.6
1669255200000.0,0.0621,0.0622,0.0615,0.0616,44519.2
1669258800000.0,0.0616,0.0618,0.0614,0.0617,74762.1
1669262400000.0,0.0617,0.0617,0.0613,0.0614,2447.1
1669266000000.0,0.0613,0.0613,0.0608,0.0608,9402.2
1669269600000.0,0.0612,0.0614,0.0612,0.0613,19896.0
1669273200000.0,0.0613,0.0614,0.0611,0.0611,1606.3
1669276800000.0,0.0608,0.0612,0.0608,0.0612,1494.2
1669280400000.0,0.0616,0.0618,0.0614,0.0614,22141.9
1669284000000.0,0.0612,0.0612,0.0599,0.0604,23536.9
1669287600000.0,0.0604,0.0616,0.0602,0.0611,173975.6
1669291200000.0,0.0611,0.0611,0.0607,0.0607,10755.6
1669298400000.0,0.061,0.0612,0.0608,0.0609,10797.9
1669302000000.0,0.061,0.0611,0.0609,0.0611,3500.3
1669305600000.0,0.0611,0.0613,0.0604,0.0613,7075.6
1669309200000.0,0.0611,0.0611,0.0604,0.0604,9196.4
1669312800000.0,0.0605,0.0605,0.0602,0.0603,5735.1
1669316400000.0,0.0603,0.0604,0.0602,0.0602,3377.5
1669320000000.0,0.0604,0.0605,0.0602,0.0603,7830.0
1669323600000.0,0.0603,0.0604,0.0603,0.0604,5893.3
1669327200000.0,0.0603,0.0606,0.0603,0.0606,501.9
1669330800000.0,0.0607,0.0608,0.0606,0.0607,1042.7
1669334400000.0,0.0608,0.0608,0.0596,0.0601,24177.1
1669338000000.0,0.0601,0.0602,0.0597,0.0597,10751.9
1669341600000.0,0.0594,0.0595,0.0588,0.0593,21900.5
1669345200000.0,0.0595,0.0596,0.0595,0.0596,126.7
1669348800000.0,0.0596,0.0598,0.0594,0.0598,350165.5
1669352400000.0,0.0598,0.0601,0.0597,0.0597,6815.5
1669356000000.0,0.0596,0.0599,0.0596,0.0599,6754.1
1669359600000.0,0.0598,0.0604,0.0598,0.06,43146.0
1669363200000.0,0.06,0.0603,0.06,0.0603,7198.6
1669366800000.0,0.0603,0.0606,0.0602,0.0606,3529.3
1669370400000.0,0.0607,0.0613,0.0607,0.0613,20511.7
1669374000000.0,0.0612,0.0616,0.0609,0.0609,15863.9
1669377600000.0,0.0609,0.061,0.0603,0.0605,11212.1
1669381200000.0,0.0604,0.0607,0.0602,0.0607,7183.0
1669384800000.0,0.0607,0.0611,0.0607,0.0609,11600.0
1669388400000.0,0.061,0.0611,0.0607,0.0611,12693.4
1669392000000.0,0.061,0.0614,0.0606,0.0614,13313.2
1669395600000.0,0.0613,0.0615,0.0613,0.0614,15314.3
1669399200000.0,0.0615,0.062,0.0612,0.0614,30325.3
1669402800000.0,0.0613,0.0616,0.0612,0.0612,3049.0
1669406400000.0,0.0614,0.0618,0.0611,0.0611,32122.3
1669410000000.0,0.0613,0.0617,0.061,0.061,97586.0
1669413600000.0,0.0612,0.0612,0.0609,0.0612,4012.5
1669417200000.0,0.0609,0.0613,0.0609,0.0613,14591.9
1669420800000.0,0.0613,0.0622,0.0613,0.0622,35000.4
1669424400000.0,0.0622,0.0625,0.0622,0.0625,17080.0
1669428000000.0,0.0625,0.0627,0.0623,0.0624,67864.3
1669431600000.0,0.0624,0.0625,0.0619,0.0621,3848.7
1669435200000.0,0.0622,0.0622,0.0619,0.0619,13882.3
1669438800000.0,0.062,0.0635,0.062,0.0634,58589.9
1669442400000.0,0.0632,0.0632,0.0612,0.0613,169463.7
1669446000000.0,0.0614,0.0615,0.061,0.0613,20030.9
1669449600000.0,0.0615,0.0623,0.0613,0.0619,35842.6
1669453200000.0,0.0619,0.062,0.0616,0.0617,16376.5
1669456800000.0,0.0615,0.0615,0.0612,0.0615,12229.9
1669460400000.0,0.0617,0.0617,0.0612,0.0616,1687.4
1669464000000.0,0.0617,0.0622,0.0617,0.0621,9219.1
1669467600000.0,0.0621,0.0623,0.0618,0.0619,18401.9
1669471200000.0,0.062,0.0623,0.0606,0.0612,36920.5
1669474800000.0,0.0612,0.062,0.0612,0.0615,20596.6
1669478400000.0,0.0619,0.0619,0.0613,0.0613,41598.1
1669482000000.0,0.0612,0.0617,0.0612,0.0615,4103.8
1669485600000.0,0.0615,0.0615,0.061,0.061,18593.5
1669489200000.0,0.0608,0.0611,0.0608,0.0611,16059.3
1669492800000.0,0.061,0.0611,0.0609,0.0609,1364.9
1669496400000.0,0.061,0.0612,0.0608,0.0611,8173.8
1669500000000.0,0.0612,0.0613,0.0603,0.0608,25990.3
1669503600000.0,0.0608,0.0611,0.0606,0.0611,6099.8
1669507200000.0,0.0613,0.0613,0.0609,0.0612,26941.9
1669510800000.0,0.0611,0.0616,0.0611,0.0615,7372.7
1669514400000.0,0.0615,0.0617,0.0615,0.0617,1199.7
1669518000000.0,0.0618,0.0619,0.0618,0.0619,1804.1
1669521600000.0,0.0618,0.0621,0.0614,0.0614,6694.5
1669525200000.0,0.0616,0.0616,0.0611,0.0613,3476.3
1669528800000.0,0.0612,0.0614,0.0612,0.0613,6469.9
1669532400000.0,0.0616,0.0618,0.061,0.061,10656.8
1669539600000.0,0.0611,0.0611,0.0608,0.0608,3013.6
1669543200000.0,0.0608,0.0609,0.0605,0.0605,701.2
1669546800000.0,0.0606,0.0611,0.0603,0.0611,12697.5
1669550400000.0,0.0611,0.0612,0.0611,0.0612,792.7
1669554000000.0,0.0612,0.0612,0.0609,0.0609,1192.1
1669557600000.0,0.0611,0.0611,0.0609,0.0609,1041.0
1669561200000.0,0.0608,0.0617,0.0608,0.0617,5201.4
1669564800000.0,0.0617,0.062,0.0616,0.0618,17175.8
1669568400000.0,0.0618,0.0624,0.0617,0.0624,8981.1
1669572000000.0,0.0625,0.0626,0.0623,0.0624,4508.6
1669575600000.0,0.0624,0.0626,0.0619,0.0621,41391.9
1669579200000.0,0.0621,0.0621,0.0618,0.0618,850.8
1669582800000.0,0.062,0.0621,0.0618,0.0621,2209.4
1669586400000.0,0.062,0.0625,0.0611,0.0611,9137.7
1669590000000.0,0.061,0.0615,0.0603,0.0612,19268.5
1669593600000.0,0.0613,0.0625,0.0613,0.0613,25586.1
1669597200000.0,0.0614,0.0614,0.0582,0.0587,53033.0
1669600800000.0,0.0584,0.0595,0.0584,0.0595,27607.3
1669604400000.0,0.0595,0.0603,0.0595,0.0602,11385.0
1669608000000.0,0.0602,0.0609,0.0602,0.0609,2424.4
1669611600000.0,0.0612,0.062,0.0608,0.0613,13524.5
1669615200000.0,0.0614,0.0616,0.0606,0.0606,381044.3
1669618800000.0,0.0606,0.0608,0.0606,0.0608,7054.4
1669622400000.0,0.0607,0.0611,0.0603,0.0603,8332.9
1669626000000.0,0.0603,0.0603,0.0594,0.0596,24520.1
1669629600000.0,0.0597,0.0597,0.059,0.0592,58201.4
1669633200000.0,0.0592,0.0592,0.0592,0.0592,946.8
1669636800000.0,0.0593,0.0598,0.0591,0.0593,424805.4
1669640400000.0,0.0592,0.0609,0.0592,0.0602,209163.7
1669644000000.0,0.0602,0.0606,0.0601,0.0601,10335.7
1669647600000.0,0.0601,0.0602,0.0598,0.0599,9196.0
1669651200000.0,0.0598,0.061,0.0594,0.061,43731.6
1669654800000.0,0.0609,0.0611,0.0603,0.0611,6487.7
1669658400000.0,0.0611,0.0612,0.0611,0.0612,2603.3
1669662000000.0,0.061,0.0623,0.061,0.0618,15892.8
1669665600000.0,0.0616,0.0618,0.0612,0.0613,25376.8
1669669200000.0,0.0613,0.062,0.0613,0.062,3391.8
1669672800000.0,0.0622,0.0622,0.0616,0.0618,16625.9
1669676400000.0,0.0619,0.0623,0.0618,0.0618,47131.3
1669680000000.0,0.0619,0.0619,0.0613,0.0619,43145.3
1669683600000.0,0.0616,0.0626,0.0616,0.0623,29673.3
1669687200000.0,0.0624,0.0627,0.0623,0.0623,15317.6
1669690800000.0,0.0626,0.0634,0.0626,0.0634,168203.6
1669694400000.0,0.0634,0.0652,0.063,0.0639,233465.0
1669698000000.0,0.0639,0.0643,0.0639,0.0639,35174.7
1669701600000.0,0.0638,0.0639,0.0629,0.0632,17085.3
1669705200000.0,0.063,0.0634,0.063,0.0634,16381.7
1669708800000.0,0.0635,0.0665,0.0635,0.0639,723810.3
1669712400000.0,0.0639,0.0639,0.0634,0.0634,5265.2
1669716000000.0,0.0634,0.0647,0.0634,0.064,261647.1
1669719600000.0,0.0639,0.0641,0.0633,0.0633,5338.7
1669723200000.0,0.0632,0.0636,0.0631,0.0633,101378.8
1669726800000.0,0.063,0.0634,0.0627,0.0634,29671.1
1669730400000.0,0.0636,0.064,0.063,0.0631,51758.9
1669734000000.0,0.0633,0.0639,0.0631,0.0637,18366.5
1669737600000.0,0.0634,0.0636,0.063,0.0635,19036.8
1669741200000.0,0.0636,0.0636,0.0629,0.0632,19740.6
1669744800000.0,0.0636,0.0636,0.063,0.0636,47349.7
1669748400000.0,0.0635,0.0639,0.0634,0.0634,7330.0
1669752000000.0,0.0636,0.064,0.0636,0.064,6521.7
1669755600000.0,0.0638,0.0641,0.0638,0.0638,2250.6
1669759200000.0,0.0636,0.0639,0.0636,0.0638,3217.4
1669762800000.0,0.0637,0.0643,0.0636,0.0643,13562.4
1669766400000.0,0.0644,0.0651,0.0639,0.0648,38720.2
1669770000000.0,0.065,0.0651,0.0641,0.0648,56213.3
1669773600000.0,0.0647,0.065,0.0645,0.0647,8284.8
1669777200000.0,0.0649,0.0649,0.0639,0.064,11501.9
1669780800000.0,0.0642,0.0642,0.0638,0.0638,1995.6
1669784400000.0,0.0638,0.0644,0.0638,0.0644,4118.2
1669788000000.0,0.0644,0.0645,0.0642,0.0642,5062.8
1669795200000.0,0.0644,0.0644,0.0639,0.0641,12174.7
1669798800000.0,0.0633,0.0636,0.063,0.0635,25052.6
1669802400000.0,0.0637,0.0638,0.0634,0.0635,33221.1
1669806000000.0,0.0634,0.0635,0.0634,0.0635,9868.1
1669809600000.0,0.0633,0.0634,0.0628,0.0631,19557.7
1669813200000.0,0.0633,0.0633,0.0631,0.0632,5054.5
1669816800000.0,0.0631,0.0634,0.0631,0.0633,10766.0
1669820400000.0,0.0636,0.0648,0.0636,0.0645,29071.2
1669824000000.0,0.0644,0.0646,0.0642,0.0642,8016.0
1669827600000.0,0.0641,0.0643,0.0635,0.0641,46534.5
1669831200000.0,0.064,0.0645,0.0635,0.0645,35012.2
1669834800000.0,0.0647,0.0649,0.0645,0.0646,8475.6
1669838400000.0,0.0644,0.0648,0.0644,0.0648,6003.3
1669842000000.0,0.0648,0.0651,0.0646,0.0651,32555.7
1669845600000.0,0.0648,0.0656,0.0648,0.0656,42723.7
1669849200000.0,0.0654,0.0657,0.0653,0.0653,44437.3
1669852800000.0,0.0653,0.0653,0.0647,0.065,68477.9
1669856400000.0,0.0649,0.0649,0.0644,0.0647,2648.0
1669860000000.0,0.0647,0.0649,0.0647,0.0647,93400.0
1669863600000.0,0.0647,0.0647,0.0646,0.0646,129.0
1669867200000.0,0.0646,0.0647,0.0644,0.0645,3473.1
1669870800000.0,0.0644,0.0644,0.064,0.0642,646.2
1669874400000.0,0.0642,0.0644,0.0642,0.0644,1519.0
1669878000000.0,0.0644,0.0644,0.0639,0.064,34099.4
1669881600000.0,0.064,0.0642,0.064,0.0642,3844.0
1669885200000.0,0.0639,0.0639,0.0636,0.0638,21321.2
1669888800000.0,0.0637,0.0639,0.0636,0.0636,8635.8
1669892400000.0,0.0636,0.0639,0.0636,0.0639,4829.0
1669896000000.0,0.0639,0.0647,0.0638,0.0647,3094.5
1669899600000.0,0.0647,0.0647,0.0638,0.0644,23472.1
1669903200000.0,0.0644,0.0649,0.0641,0.0648,13757.9
1669906800000.0,0.0647,0.0648,0.0636,0.0646,27511.3
1669910400000.0,0.0647,0.0664,0.0647,0.0653,62959.7
1669914000000.0,0.065,0.065,0.0645,0.0645,16768.6
1669917600000.0,0.0643,0.0646,0.0639,0.064,26591.8
1669921200000.0,0.064,0.0641,0.064,0.0641,8729.1
1669924800000.0,0.0643,0.0643,0.0638,0.0638,1504.6
1669928400000.0,0.0639,0.0641,0.0637,0.0641,416.1
1669932000000.0,0.064,0.0645,0.064,0.0645,11699.1
1669935600000.0,0.0645,0.0646,0.064,0.0646,3570.0
1669939200000.0,0.0646,0.0652,0.0645,0.065,17145.4
1669942800000.0,0.0649,0.0653,0.0639,0.0639,8950.0
1669946400000.0,0.0637,0.0647,0.0637,0.0647,14040.6
1669950000000.0,0.0645,0.0649,0.0645,0.0647,20223.2
1669953600000.0,0.0645,0.0658,0.0645,0.0656,86132.1
1669957200000.0,0.0657,0.0663,0.0651,0.0651,80174.0
1669960800000.0,0.0653,0.0653,0.0649,0.065,3982.5
1669964400000.0,0.0652,0.0652,0.0648,0.0651,6463.7
1669968000000.0,0.0649,0.065,0.0649,0.0649,247.1
1669971600000.0,0.0645,0.0647,0.0645,0.0645,2466.6
1669975200000.0,0.0644,0.0649,0.0644,0.0646,9595.0
1669978800000.0,0.0645,0.0647,0.0642,0.0642,7832.3
1669982400000.0,0.064,0.0645,0.064,0.0645,1828.9
1669986000000.0,0.0645,0.0645,0.0637,0.0638,12629.7
1669989600000.0,0.0637,0.0641,0.0637,0.0641,4820.0
1669993200000.0,0.0641,0.0644,0.0641,0.0641,10530.1
1669996800000.0,0.0643,0.0651,0.0643,0.0648,24204.4
1670000400000.0,0.065,0.0652,0.065,0.0652,32744.2
1670004000000.0,0.0652,0.0653,0.0647,0.0647,29582.3
1670011200000.0,0.065,0.0653,0.0647,0.0652,24674.2
1670014800000.0,0.0653,0.0656,0.0651,0.0653,9606.0
1670018400000.0,0.0652,0.0655,0.0652,0.0655,1880.5
1670022000000.0,0.0659,0.0661,0.0657,0.0659,9354.4
1670025600000.0,0.066,0.0676,0.066,0.0672,138128.9
1670029200000.0,0.0671,0.0673,0.0668,0.0669,21739.2
1670032800000.0,0.0669,0.0671,0.0667,0.0671,63323.6
1670036400000.0,0.0671,0.0675,0.067,0.067,84573.5
1670040000000.0,0.0671,0.0672,0.0669,0.0671,17400.7
1670043600000.0,0.0671,0.0672,0.067,0.0671,4243.7
1670047200000.0,0.0669,0.0669,0.0665,0.0666,68341.3
1670050800000.0,0.0666,0.0667,0.0664,0.0664,31658.5
1670054400000.0,0.0664,0.0668,0.0664,0.0665,10726.0
1670058000000.0,0.0668,0.0681,0.0668,0.0679,70131.6
1670061600000.0,0.0676,0.0679,0.0673,0.0679,60198.7
1670065200000.0,0.0679,0.0682,0.0673,0.0673,45030.5
1670068800000.0,0.0673,0.0676,0.0671,0.0675,37831.4
1670072400000.0,0.0675,0.0677,0.0673,0.0675,9935.2
1670076000000.0,0.0673,0.0676,0.0671,0.0675,8316.3
1670079600000.0,0.0676,0.0685,0.0676,0.068,67571.1
1670083200000.0,0.0677,0.0706,0.0671,0.0686,330649.4
1670086800000.0,0.0685,0.0688,0.0673,0.0673,155504.7
1670090400000.0,0.0671,0.0674,0.0662,0.0664,37647.2
1670094000000.0,0.0664,0.0666,0.066,0.0664,39350.6
1670097600000.0,0.0664,0.0667,0.0664,0.0667,10919.6
1670101200000.0,0.0669,0.0669,0.0666,0.0667,15752.5
1670104800000.0,0.0667,0.0667,0.0644,0.0649,100881.9
1670108400000.0,0.065,0.065,0.0644,0.0646,27511.3
1670112000000.0,0.0646,0.0652,0.0646,0.0652,5938.8
1670115600000.0,0.0653,0.0659,0.0653,0.0659,2034.0
1670119200000.0,0.066,0.0665,0.0658,0.0665,32077.5
1670122800000.0,0.0661,0.0662,0.066,0.0662,6058.2
1670126400000.0,0.0663,0.0665,0.0663,0.0665,3677.7
1670130000000.0,0.0665,0.0667,0.0663,0.0665,25691.6
1670137200000.0,0.0663,0.0663,0.0659,0.0659,3904.8
1670140800000.0,0.066,0.0663,0.066,0.066,3759.7
1670144400000.0,0.066,0.066,0.0645,0.065,14536.9
1670148000000.0,0.0649,0.065,0.0648,0.065,4923.2
1670151600000.0,0.0651,0.0653,0.0649,0.0653,6690.6
1670155200000.0,0.0653,0.0653,0.0649,0.0651,45034.4
1670158800000.0,0.0652,0.0653,0.065,0.0653,78784.2
1670162400000.0,0.0655,0.0656,0.0652,0.0652,32264.5
1670166000000.0,0.0652,0.0655,0.0649,0.0655,26489.2
1670169600000.0,0.0654,0.0655,0.0652,0.0652,56498.4
1670173200000.0,0.0652,0.0656,0.0652,0.0656,50453.1
1670176800000.0,0.0656,0.0664,0.0651,0.0652,246046.7
1670180400000.0,0.0652,0.0652,0.0649,0.065,43539.1
1670184000000.0,0.0655,0.0655,0.065,0.0653,36698.3
1670187600000.0,0.0654,0.0656,0.0652,0.0654,39884.8
1670191200000.0,0.0654,0.0654,0.0652,0.0652,4234.9
1670194800000.0,0.0652,0.0656,0.065,0.0651,68470.9
1670198400000.0,0.0651,0.0655,0.065,0.0652,107928.7
1670202000000.0,0.0652,0.0656,0.0652,0.0656,25880.2
1670205600000.0,0.0657,0.0667,0.0657,0.0664,89874.0
1670209200000.0,0.0665,0.0669,0.0664,0.0666,82079.7
1670212800000.0,0.0666,0.0668,0.0666,0.0668,13767.8
1670216400000.0,0.0666,0.0666,0.0663,0.0665,24824.8
1670220000000.0,0.0665,0.0666,0.0665,0.0666,6424.3
1670223600000.0,0.0667,0.0667,0.0665,0.0665,7713.0
1670227200000.0,0.0665,0.0668,0.0663,0.0665,42371.9
1670230800000.0,0.0665,0.0666,0.0661,0.0661,26062.0
1670234400000.0,0.0661,0.0662,0.066,0.066,15075.9
1670238000000.0,0.0662,0.0663,0.0661,0.0661,14426.6
1670241600000.0,0.066,0.0661,0.0658,0.0659,23770.7
1670245200000.0,0.0659,0.0661,0.0657,0.0657,27028.0
1670248800000.0,0.0655,0.0657,0.0652,0.0652,24006.5
1670252400000.0,0.0653,0.0653,0.0647,0.0651,102158.7
1670256000000.0,0.0652,0.0655,0.0651,0.0653,35255.5
1670259600000.0,0.0654,0.0661,0.0654,0.0661,3335.5
1670263200000.0,0.0661,0.0661,0.0661,0.0661,10812.4
1670266800000.0,0.0661,0.0661,0.0644,0.0648,117658.6
1670270400000.0,0.0648,0.0649,0.0648,0.0649,4123.2
1670274000000.0,0.065,0.065,0.0647,0.065,37030.0
1670281200000.0,0.0649,0.065,0.0646,0.065,12226.1
1670284800000.0,0.0653,0.0655,0.0652,0.0653,21205.8
1670288400000.0,0.0653,0.0658,0.0652,0.0658,6808.6
1670292000000.0,0.0658,0.066,0.0657,0.0657,32115.6
1670295600000.0,0.0659,0.0659,0.0654,0.0654,3610.1
1670299200000.0,0.0654,0.0654,0.065,0.065,8582.7
1670302800000.0,0.0651,0.0651,0.0649,0.0649,17789.3
1670306400000.0,0.065,0.0651,0.0648,0.0649,10689.8
1670310000000.0,0.0649,0.0649,0.0646,0.0649,6767.8
1670313600000.0,0.0651,0.0651,0.0648,0.0649,1723.5
1670317200000.0,0.0648,0.0648,0.0648,0.0648,22530.4
1670320800000.0,0.0648,0.0658,0.0648,0.0657,34044.6
1670324400000.0,0.0657,0.067,0.0657,0.0666,23710.8
1670328000000.0,0.0666,0.0672,0.0664,0.0666,22542.0
1670331600000.0,0.0666,0.0667,0.0663,0.0663,6480.8
1670335200000.0,0.0664,0.0664,0.0661,0.0664,6749.1
1670338800000.0,0.0662,0.0668,0.0661,0.0664,19347.2
1670342400000.0,0.0663,0.0664,0.0662,0.0662,14051.4
1670346000000.0,0.0666,0.0667,0.0664,0.0666,3730.0
1670349600000.0,0.0664,0.0668,0.0663,0.0665,59956.4
1670353200000.0,0.0665,0.0667,0.0663,0.0663,22791.2
1670356800000.0,0.0662,0.0663,0.0658,0.0658,17922.2
1670360400000.0,0.0658,0.0659,0.0653,0.0655,7102.7
1670364000000.0,0.0655,0.0658,0.0655,0.0657,48014.2
1670367600000.0,0.0658,0.066,0.0658,0.066,21463.5
1670371200000.0,0.0661,0.0663,0.066,0.0663,17796.2
1670374800000.0,0.0663,0.0664,0.0663,0.0663,2121.5
1670378400000.0,0.0663,0.0666,0.0662,0.0665,4799.8
1670382000000.0,0.0666,0.0666,0.0658,0.0658,85935.2
1670385600000.0,0.066,0.0661,0.0659,0.0659,10559.4
1670389200000.0,0.0657,0.0657,0.0654,0.0654,836.1
1670392800000.0,0.0653,0.0653,0.0644,0.0646,4893.3
1670396400000.0,0.0647,0.0647,0.0615,0.0619,59003.6
1670400000000.0,0.0619,0.0625,0.0615,0.0625,91867.3
1670403600000.0,0.0626,0.063,0.0626,0.063,6496.9
1670407200000.0,0.0628,0.063,0.0628,0.063,3857.6
1670410800000.0,0.0632,0.0632,0.0628,0.0628,6234.2
1670414400000.0,0.0627,0.0628,0.0626,0.0626,621.0
1670418000000.0,0.0631,0.0633,0.0628,0.0628,17590.9
1670421600000.0,0.0629,0.0633,0.0628,0.063,23817.9
1670425200000.0,0.0629,0.0629,0.0623,0.0623,7875.5
1670428800000.0,0.0623,0.0623,0.0621,0.0623,887.9
1670432400000.0,0.062,0.062,0.0618,0.0619,2756.9
1670436000000.0,0.062,0.0622,0.0618,0.0618,28545.5
1670439600000.0,0.062,0.0623,0.0618,0.0619,115170.3
1670443200000.0,0.0618,0.062,0.0617,0.062,10467.8
1670446800000.0,0.0619,0.0619,0.0617,0.0618,3142.2
1670450400000.0,0.062,0.0623,0.0619,0.062,2942.9
1670454000000.0,0.062,0.0621,0.062,0.062,24870.5
1670457600000.0,0.0622,0.0623,0.0622,0.0623,6830.3
1670461200000.0,0.0622,0.0626,0.0622,0.0625,13047.0
1670464800000.0,0.0626,0.0631,0.0626,0.0631,15378.3
1670468400000.0,0.0631,0.0633,0.0629,0.0629,10823.6
1670472000000.0,0.0627,0.0628,0.0627,0.0627,8816.5
1670475600000.0,0.0627,0.0627,0.0622,0.0624,16964.9
1670479200000.0,0.0622,0.0627,0.0622,0.0627,8688.9
1670482800000.0,0.0629,0.0631,0.0628,0.0629,54890.0
1670486400000.0,0.0627,0.0627,0.0627,0.0627,1794.6
1670490000000.0,0.0625,0.0625,0.0624,0.0625,3507.7
1670493600000.0,0.0625,0.0625,0.0616,0.0616,8931.5
1670497200000.0,0.0615,0.0621,0.0613,0.0618,6462.2
1670500800000.0,0.0619,0.062,0.0618,0.0619,11026.0
1670504400000.0,0.0615,0.0619,0.0615,0.0618,38780.7
1670508000000.0,0.0619,0.062,0.0615,0.0619,14792.1
1670511600000.0,0.062,0.0623,0.062,0.0623,297.0
1670515200000.0,0.0625,0.0625,0.0625,0.0625,3370.1
1670518800000.0,0.0625,0.0625,0.0623,0.0623,22050.8
1670522400000.0,0.0625,0.0634,0.0625,0.0631,12553.3
1670526000000.0,0.0633,0.0636,0.0633,0.0635,737.4
1670529600000.0,0.0636,0.0637,0.0633,0.0633,18737.4
1670533200000.0,0.0633,0.0634,0.0633,0.0634,3944.6
1670536800000.0,0.0633,0.0636,0.0633,0.0636,2800.3
1670540400000.0,0.0635,0.0635,0.0635,0.0635,200.1
1670544000000.0,0.0639,0.0639,0.0634,0.0635,5072.4
1670547600000.0,0.0636,0.0638,0.0635,0.0637,33345.3
1670551200000.0,0.0636,0.0638,0.0636,0.0638,3161.0
1670558400000.0,0.0639,0.0641,0.0639,0.064,7074.5
1670562000000.0,0.064,0.0643,0.064,0.0641,12134.0
1670565600000.0,0.064,0.0641,0.064,0.0641,2992.9
1670569200000.0,0.0641,0.0646,0.0641,0.0644,17268.8
1670572800000.0,0.0642,0.0646,0.0642,0.0646,2135.1
1670576400000.0,0.0647,0.0648,0.0647,0.0648,890.2
1670580000000.0,0.0648,0.0649,0.0642,0.0645,3263.2
1670583600000.0,0.0646,0.0648,0.0646,0.0648,278.6
1670587200000.0,0.0648,0.0648,0.0639,0.0644,7132.5
1670590800000.0,0.0645,0.0645,0.0627,0.0637,87747.8
1670594400000.0,0.0637,0.0637,0.0632,0.0637,19319.2
1670598000000.0,0.0637,0.0638,0.0636,0.0638,1216.7
1670601600000.0,0.0636,0.064,0.0636,0.0639,1190.4
1670605200000.0,0.0638,0.0639,0.0634,0.0634,2409.4
1670608800000.0,0.0634,0.0637,0.0634,0.0635,15484.4
1670612400000.0,0.0633,0.0638,0.0633,0.0638,1546.4
1670616000000.0,0.0637,0.0639,0.0636,0.0637,2236.2
1670619600000.0,0.0636,0.0636,0.0635,0.0635,1329.0
1670623200000.0,0.0634,0.0637,0.0633,0.0637,7433.1
1670626800000.0,0.0636,0.0636,0.0635,0.0636,3285.9
1670630400000.0,0.0639,0.0641,0.0638,0.0641,6490.1
1670634000000.0,0.0642,0.0643,0.0642,0.0643,6385.7
1670637600000.0,0.0643,0.0643,0.0642,0.0642,139.7
1670641200000.0,0.0641,0.0641,0.0641,0.0641,2189.6
1670644800000.0,0.0644,0.0644,0.0644,0.0644,1498.9
1670648400000.0,0.0644,0.0644,0.0641,0.0641,2319.7
1670652000000.0,0.0641,0.0642,0.0641,0.0642,2464.2
1670655600000.0,0.0641,0.0644,0.0641,0.0644,469.9
1670659200000.0,0.0642,0.0645,0.0642,0.0645,1942.5
1670662800000.0,0.0645,0.0645,0.0644,0.0644,191.0
1670666400000.0,0.0647,0.0648,0.0647,0.0648,219.8
1670670000000.0,0.0647,0.0648,0.0646,0.0648,7737.7
1670673600000.0,0.0649,0.065,0.0646,0.065,1508.2
1670677200000.0,0.0647,0.0649,0.0645,0.0648,2980.4
1670680800000.0,0.0649,0.065,0.0648,0.0648,1290.7
1670684400000.0,0.0649,0.0651,0.0647,0.065,21574.4
1670688000000.0,0.0649,0.0649,0.0645,0.0645,7332.3
1670691600000.0,0.0642,0.0646,0.0642,0.0646,6804.0
1670695200000.0,0.0647,0.0649,0.0645,0.0646,145917.9
1670698800000.0,0.065,0.065,0.0649,0.0649,32.1
1670702400000.0,0.0647,0.0648,0.0645,0.0646,56837.9
1670706000000.0,0.0647,0.0647,0.0643,0.0643,155136.8
1670709600000.0,0.0645,0.0646,0.0644,0.0646,5292.3
1670713200000.0,0.0646,0.0647,0.0643,0.0643,5905.7
1670716800000.0,0.0642,0.0644,0.0641,0.0644,1513.4
1670720400000.0,0.0644,0.0647,0.0644,0.0647,7886.4
1670724000000.0,0.0646,0.0646,0.0644,0.0644,10186.8
1670727600000.0,0.0645,0.0645,0.0644,0.0644,1572.7
1670731200000.0,0.0645,0.0645,0.0645,0.0645,4229.5
1670734800000.0,0.0646,0.0647,0.0645,0.0647,12347.4
1670738400000.0,0.0645,0.0647,0.0645,0.0647,1010.8
1670742000000.0,0.0647,0.065,0.0647,0.0648,10559.5
1670749200000.0,0.0647,0.0647,0.064,0.064,401.2
1670760000000.0,0.0641,0.0641,0.0641,0.0641,26.8
1670763600000.0,0.0639,0.0642,0.0638,0.064,7507.1
1670767200000.0,0.0641,0.0641,0.0639,0.064,1685.0
1670770800000.0,0.0641,0.0641,0.0639,0.0639,12195.9
1670774400000.0,0.0639,0.0639,0.0638,0.0638,10118.1
1670778000000.0,0.064,0.0641,0.0637,0.0637,3226.4
1670781600000.0,0.0637,0.064,0.0635,0.064,3181.5
1670785200000.0,0.0641,0.0641,0.0637,0.0641,20664.8
1670788800000.0,0.064,0.064,0.0631,0.0634,21728.8
1670792400000.0,0.0634,0.0635,0.0632,0.0632,12709.3
1670796000000.0,0.0632,0.0634,0.0624,0.0628,12137.0
1670799600000.0,0.0629,0.0629,0.0624,0.0625,3309.4
1670803200000.0,0.0624,0.0624,0.0622,0.0622,1747.6
1670806800000.0,0.0621,0.0621,0.0617,0.0617,5331.3
1670810400000.0,0.0616,0.0617,0.0596,0.0598,40535.2
1670814000000.0,0.06,0.0606,0.0599,0.0604,31891.3
1670817600000.0,0.0604,0.0606,0.0603,0.0605,3863.4
1670821200000.0,0.0604,0.0607,0.0603,0.0607,3987.9
1670824800000.0,0.0607,0.0607,0.0605,0.0607,17361.3
1670828400000.0,0.0606,0.0606,0.0603,0.0605,25013.7
1670832000000.0,0.0601,0.0608,0.0601,0.0608,9998.1
1670839200000.0,0.0609,0.061,0.0607,0.061,16460.4
1670842800000.0,0.0607,0.0608,0.0607,0.0608,13724.4
1670846400000.0,0.0601,0.0601,0.0599,0.0599,2468.8
1670850000000.0,0.0599,0.0599,0.0595,0.0597,1361.3
1670853600000.0,0.0597,0.06,0.0596,0.06,7415.4
1670857200000.0,0.0602,0.0602,0.0596,0.0599,48566.2
1670860800000.0,0.0599,0.0601,0.0597,0.0597,294.7
1670864400000.0,0.0599,0.06,0.0598,0.0598,7388.0
1670868000000.0,0.0597,0.0602,0.0597,0.0602,5372.2
1670871600000.0,0.0599,0.0601,0.0599,0.0601,277.9
1670875200000.0,0.0601,0.0607,0.0601,0.0607,1195.3
1670878800000.0,0.0607,0.0612,0.0607,0.0612,10319.2
1670886000000.0,0.0609,0.0611,0.0608,0.0611,3335.4
1670889600000.0,0.0611,0.0611,0.0608,0.0608,659.6
1670893200000.0,0.061,0.061,0.0607,0.0607,3263.7
1670896800000.0,0.0607,0.0608,0.0606,0.0606,2918.6
1670900400000.0,0.0605,0.0605,0.06,0.06,1646.3
1670904000000.0,0.0602,0.0604,0.0602,0.0604,5077.1
1670907600000.0,0.0602,0.0603,0.06,0.0603,2466.2
1670911200000.0,0.0602,0.0603,0.0595,0.0595,8120.1
1670914800000.0,0.0596,0.0596,0.0586,0.0593,32030.5
1670918400000.0,0.0592,0.0592,0.059,0.059,169.8
1670922000000.0,0.0591,0.0601,0.0591,0.0601,1401.0
1670925600000.0,0.0603,0.0606,0.0603,0.0603,10985.6
1670929200000.0,0.0605,0.0609,0.0605,0.0609,2759.5
1670932800000.0,0.0609,0.0611,0.0607,0.0608,12884.5
1670936400000.0,0.0608,0.0636,0.0608,0.0634,141976.0
1670940000000.0,0.0629,0.0631,0.0627,0.0627,12347.4
1670943600000.0,0.0625,0.0627,0.062,0.062,45423.4
1670947200000.0,0.0621,0.0623,0.0621,0.0622,3398.9
1670950800000.0,0.0625,0.0625,0.0614,0.0618,11740.3
1670954400000.0,0.0617,0.0621,0.0617,0.0621,519.3
1670961600000.0,0.0622,0.0626,0.0622,0.0625,4366.5
1670965200000.0,0.0627,0.0631,0.0625,0.0631,4948.8
1670968800000.0,0.063,0.0631,0.0628,0.0628,595.2
1670972400000.0,0.0628,0.0634,0.0628,0.0634,22982.1
1670976000000.0,0.0633,0.0668,0.0633,0.0657,94375.8
1670979600000.0,0.0654,0.0657,0.0641,0.0651,59941.9
1670983200000.0,0.0651,0.0655,0.0648,0.0648,67815.8
1670986800000.0,0.0647,0.0658,0.0644,0.0649,52965.8
1670990400000.0,0.0651,0.0652,0.0647,0.0648,18343.3
1670994000000.0,0.0648,0.0648,0.0643,0.0643,11291.7
1670997600000.0,0.0643,0.0647,0.0642,0.0647,8553.4
1671001200000.0,0.0647,0.0651,0.0645,0.065,12906.1
1671004800000.0,0.0648,0.0651,0.0646,0.0646,4278.4
1671008400000.0,0.0648,0.0648,0.0642,0.0645,4688.7
1671012000000.0,0.0645,0.0645,0.0642,0.0642,5017.6
1671015600000.0,0.0644,0.0644,0.064,0.064,2681.4
1671019200000.0,0.064,0.064,0.0636,0.0636,9468.0
1671022800000.0,0.0637,0.0638,0.0635,0.0638,2074.3
1671026400000.0,0.0638,0.0642,0.0637,0.0641,7071.9
1671030000000.0,0.0642,0.0643,0.064,0.0643,4948.4
1671033600000.0,0.0643,0.0646,0.0641,0.0642,4499.0
1671037200000.0,0.064,0.0641,0.0637,0.0637,11466.8
1671040800000.0,0.0638,0.0638,0.0633,0.0633,3270.6
1671044400000.0,0.0631,0.0634,0.0616,0.0634,19988.2
1671048000000.0,0.0632,0.0632,0.0626,0.0628,4049.0
1671051600000.0,0.0626,0.0628,0.0626,0.0627,1494.6
1671055200000.0,0.0626,0.0629,0.0626,0.0629,1839.8
1671058800000.0,0.063,0.0631,0.063,0.063,3088.8
1671062400000.0,0.063,0.063,0.0624,0.0624,3317.2
1671066000000.0,0.0621,0.0623,0.0615,0.0618,19221.9
1671069600000.0,0.0619,0.0627,0.0617,0.0627,12603.2
1671073200000.0,0.063,0.0632,0.0629,0.0631,7883.7
1671076800000.0,0.063,0.0633,0.063,0.0633,3764.3
1671080400000.0,0.063,0.0634,0.063,0.0634,7457.4
1671084000000.0,0.0634,0.0642,0.0631,0.0638,74958.2
1671087600000.0,0.0638,0.0642,0.0635,0.0638,7566.7
1671091200000.0,0.0638,0.064,0.0634,0.0638,12755.7
1671094800000.0,0.0638,0.0638,0.0638,0.0638,1537.4
1671098400000.0,0.0638,0.0638,0.0636,0.0636,317.0
1671102000000.0,0.0637,0.0637,0.0636,0.0636,2384.5
1671105600000.0,0.0636,0.0636,0.0631,0.0631,42248.3
1671109200000.0,0.0629,0.0634,0.0626,0.0631,17888.9
1671112800000.0,0.0633,0.0633,0.0628,0.0628,15183.7
1671116400000.0,0.0629,0.063,0.0626,0.063,20392.9
1671120000000.0,0.0628,0.0632,0.0628,0.0632,567.0
1671123600000.0,0.0629,0.0631,0.0628,0.063,1095.3
1671127200000.0,0.0628,0.0628,0.0624,0.0626,16727.8
1671130800000.0,0.0626,0.0628,0.0624,0.0628,3012.8
1671134400000.0,0.0628,0.0629,0.0626,0.0626,8526.5
1671138000000.0,0.0627,0.0628,0.0619,0.0619,22356.7
1671141600000.0,0.062,0.0622,0.062,0.0622,2638.5
1671148800000.0,0.0623,0.0628,0.0623,0.0628,1371.4
1671152400000.0,0.0626,0.0627,0.0625,0.0625,2658.1
1671156000000.0,0.0627,0.0628,0.0625,0.0627,18168.9
1671159600000.0,0.0625,0.0628,0.0625,0.0628,2229.2
1671163200000.0,0.0626,0.0627,0.0626,0.0627,1309.1
1671166800000.0,0.0627,0.0628,0.0626,0.0628,1672.3
1671170400000.0,0.0628,0.0635,0.0628,0.0635,7075.6
1671174000000.0,0.0636,0.0637,0.0635,0.0635,3553.5
1671177600000.0,0.0636,0.0637,0.0618,0.0619,32003.0
1671181200000.0,0.0614,0.0614,0.0599,0.0606,65514.9
1671184800000.0,0.0606,0.0607,0.0603,0.0606,15463.6
1671188400000.0,0.0607,0.0614,0.0605,0.0614,10217.9
1671192000000.0,0.0615,0.0616,0.0613,0.0613,9252.0
1671195600000.0,0.0608,0.0609,0.0603,0.0603,5735.8
1671199200000.0,0.0605,0.061,0.0602,0.0607,10454.4
1671202800000.0,0.0605,0.0606,0.0602,0.0602,3690.1
1671206400000.0,0.0601,0.0601,0.059,0.0592,36882.6
1671210000000.0,0.0592,0.0593,0.0587,0.0587,4772.6
1671213600000.0,0.0586,0.0586,0.0583,0.0584,6168.3
1671217200000.0,0.0583,0.059,0.0582,0.059,14567.1
1671220800000.0,0.0589,0.0591,0.0587,0.0591,7018.3
1671224400000.0,0.0591,0.0591,0.059,0.0591,53611.7
1671228000000.0,0.0591,0.0591,0.0524,0.0552,153888.3
1671231600000.0,0.055,0.0551,0.0527,0.0535,139055.5
1671235200000.0,0.0536,0.0538,0.0536,0.0538,5059.6
1671238800000.0,0.0535,0.0537,0.053,0.053,11513.1
1671242400000.0,0.0529,0.0531,0.0519,0.0531,15590.3
1671246000000.0,0.0531,0.0534,0.053,0.0534,5641.7
1671249600000.0,0.0535,0.0539,0.0533,0.0538,31630.2
1671253200000.0,0.0539,0.0541,0.0537,0.0537,5595.3
1671256800000.0,0.0535,0.0542,0.0535,0.0541,11553.0
1671260400000.0,0.0539,0.0546,0.0539,0.0546,3046.2
1671264000000.0,0.0546,0.0547,0.0543,0.0545,11988.0
1671267600000.0,0.0544,0.0544,0.0543,0.0543,3103.1
1671271200000.0,0.0543,0.0544,0.054,0.0544,2619.0
1671274800000.0,0.0541,0.0542,0.0539,0.054,2553.9
1671278400000.0,0.054,0.054,0.054,0.054,1335.1
1671282000000.0,0.054,0.0545,0.0535,0.0536,123226.0
1671285600000.0,0.0536,0.0537,0.0535,0.0535,22543.7
1671289200000.0,0.0535,0.0537,0.0533,0.0536,23236.3
1671292800000.0,0.0537,0.0539,0.0535,0.0536,16966.6
1671296400000.0,0.0536,0.0536,0.0529,0.053,50500.1
1671300000000.0,0.0532,0.0534,0.0531,0.0531,136.4
1671303600000.0,0.053,0.0531,0.0529,0.0529,467.7
1671307200000.0,0.053,0.0535,0.053,0.0535,158693.9
1671310800000.0,0.0533,0.0535,0.0532,0.0535,49960.3
1671314400000.0,0.0534,0.0544,0.0534,0.0544,51709.7
1671318000000.0,0.0543,0.0547,0.0543,0.0545,3103.4
1671321600000.0,0.0543,0.0547,0.0543,0.0544,1586.8
1671325200000.0,0.0547,0.0547,0.0539,0.0539,19737.7
1671328800000.0,0.0539,0.0541,0.0538,0.0541,237.4
1671336000000.0,0.0543,0.0543,0.0542,0.0542,24.2
1671339600000.0,0.0544,0.0544,0.054,0.0541,894.5
1671343200000.0,0.054,0.054,0.0539,0.0539,1534.8
1671346800000.0,0.054,0.054,0.0535,0.0535,536.7
1671354000000.0,0.0534,0.0534,0.053,0.0532,3492.7
1671357600000.0,0.0534,0.0536,0.0534,0.0536,4493.9
1671361200000.0,0.0537,0.0538,0.0535,0.0535,13855.3
1671364800000.0,0.0536,0.0537,0.0536,0.0537,740.3
1671368400000.0,0.0535,0.0535,0.0533,0.0535,3000.0
1671372000000.0,0.0533,0.0535,0.053,0.053,438.4
1671375600000.0,0.053,0.0533,0.0529,0.0529,1633.4
1671379200000.0,0.0531,0.0531,0.0527,0.0528,2660.1
1671382800000.0,0.0529,0.0532,0.0528,0.0532,1531.3
1671386400000.0,0.0534,0.0542,0.0534,0.0537,30241.7
1671390000000.0,0.0538,0.0538,0.0536,0.0538,4390.5
1671393600000.0,0.054,0.0543,0.0537,0.0537,20687.9
1671397200000.0,0.0535,0.0535,0.0534,0.0534,7287.2
1671400800000.0,0.0533,0.0538,0.0533,0.0538,19018.0
1671404400000.0,0.0539,0.0542,0.0537,0.0542,3879.6
1671408000000.0,0.0544,0.0545,0.0538,0.0538,163450.3
1671411600000.0,0.054,0.0543,0.0538,0.0538,17545.7
1671415200000.0,0.0536,0.0536,0.0534,0.0534,2545.5
1671418800000.0,0.0534,0.0535,0.0524,0.053,26919.0
1671422400000.0,0.0532,0.0535,0.0531,0.0535,4771.6
1671426000000.0,0.0535,0.0535,0.0532,0.0532,2619.3
1671429600000.0,0.0533,0.0536,0.0533,0.0536,5644.4
1671433200000.0,0.0535,0.0536,0.0535,0.0536,1606.7
1671436800000.0,0.0537,0.0539,0.0537,0.0539,3277.2
1671440400000.0,0.054,0.054,0.0537,0.0539,19049.6
1671447600000.0,0.0537,0.0539,0.0537,0.0539,2605.3
1671451200000.0,0.054,0.0542,0.054,0.0542,9475.4
1671454800000.0,0.0543,0.0543,0.0539,0.0539,19089.0
1671458400000.0,0.0538,0.0542,0.0537,0.0541,27465.0
1671462000000.0,0.0542,0.0542,0.0538,0.0538,2291.4
1671465600000.0,0.0538,0.0538,0.053,0.0532,67862.7
1671469200000.0,0.0531,0.0532,0.0523,0.0528,86166.9
1671472800000.0,0.0531,0.0531,0.0521,0.0521,8162.6
1671476400000.0,0.0522,0.0526,0.0522,0.0526,13080.4
1671480000000.0,0.0526,0.0526,0.0525,0.0526,670.8
1671483600000.0,0.0526,0.0528,0.0522,0.0522,103.6
1671487200000.0,0.0521,0.0521,0.0502,0.0514,102458.5
1671490800000.0,0.0509,0.0514,0.0509,0.0514,16766.2
1671494400000.0,0.0514,0.052,0.0512,0.052,26530.5
1671498000000.0,0.052,0.0529,0.0519,0.0529,28177.9
1671501600000.0,0.053,0.0536,0.053,0.0535,4016.0
1671505200000.0,0.0534,0.0535,0.0533,0.0533,5211.7
1671508800000.0,0.0538,0.0539,0.0538,0.0539,2270.2
1671512400000.0,0.0538,0.0538,0.0535,0.0535,4825.9
1671516000000.0,0.0536,0.0538,0.0536,0.0538,16600.6
1671519600000.0,0.0537,0.0537,0.0535,0.0535,2846.2
1671526800000.0,0.0538,0.054,0.0538,0.054,4469.1
1671534000000.0,0.0541,0.0543,0.0541,0.0543,1874.1
1671537600000.0,0.0543,0.0543,0.0539,0.0541,1809.1
1671541200000.0,0.0541,0.0541,0.0539,0.0539,2602.4
1671544800000.0,0.0537,0.0545,0.0533,0.0545,6021.3
1671548400000.0,0.0542,0.0548,0.0541,0.0541,5759.3
1671552000000.0,0.0541,0.0541,0.0538,0.0538,4258.2
1671555600000.0,0.0539,0.0539,0.0538,0.0538,920.8
1671559200000.0,0.054,0.0541,0.054,0.0541,786.4
1671562800000.0,0.0541,0.0543,0.054,0.0543,31578.5
1671566400000.0,0.0544,0.0544,0.0539,0.0539,31327.8
1671570000000.0,0.054,0.0542,0.054,0.054,2414.3
1671573600000.0,0.0542,0.0545,0.0542,0.0545,3144.3
1671577200000.0,0.0543,0.0543,0.054,0.054,6079.6
1671580800000.0,0.0542,0.0542,0.0533,0.0535,14910.6
1671584400000.0,0.0533,0.0533,0.0532,0.0532,8134.6
1671588000000.0,0.0533,0.0533,0.053,0.053,2844.4
1671595200000.0,0.0528,0.0529,0.0527,0.0527,4121.7
1671598800000.0,0.0526,0.053,0.0526,0.053,1033.0
1671606000000.0,0.0527,0.0528,0.0527,0.0527,2935.6
1671609600000.0,0.0529,0.0533,0.0529,0.053,12321.6
1671624000000.0,0.0532,0.0532,0.053,0.053,711.7
1671627600000.0,0.053,0.0532,0.053,0.053,2529.6
1671631200000.0,0.053,0.0532,0.0527,0.0527,7290.1
1671634800000.0,0.0527,0.0528,0.0526,0.0527,2711.2
1671638400000.0,0.0527,0.0528,0.0526,0.0526,4326.7
1671642000000.0,0.0527,0.0528,0.0525,0.0526,21281.2
1671645600000.0,0.0525,0.0525,0.0522,0.0524,41328.5
1671649200000.0,0.0524,0.0524,0.052,0.052,13015.1
1671652800000.0,0.0519,0.0522,0.0519,0.0522,4163.5
1671660000000.0,0.0525,0.0525,0.0523,0.0525,11576.8
1671663600000.0,0.0525,0.0528,0.0525,0.0527,16501.7
1671667200000.0,0.0528,0.053,0.0528,0.053,10533.8
1671670800000.0,0.053,0.053,0.0527,0.0528,11572.9
1671678000000.0,0.0528,0.0528,0.0528,0.0528,2863.8
1671685200000.0,0.0527,0.0527,0.0525,0.0525,3772.8
1671692400000.0,0.0522,0.0523,0.0522,0.0522,11688.5
1671696000000.0,0.0523,0.0533,0.0522,0.0525,531300.7
1671699600000.0,0.0526,0.0526,0.0523,0.0523,23208.2
1671703200000.0,0.0523,0.0523,0.0521,0.0522,10996.2
1671706800000.0,0.0521,0.0523,0.052,0.0523,7919.0
1671710400000.0,0.0525,0.0525,0.0522,0.0522,361.5
1671714000000.0,0.0521,0.0521,0.0518,0.0518,9093.8
1671717600000.0,0.0518,0.0518,0.0513,0.0513,4834.7
1671721200000.0,0.0512,0.0512,0.051,0.0511,2378.3
1671724800000.0,0.0511,0.0514,0.051,0.051,1099.5
1671728400000.0,0.0512,0.0512,0.0508,0.0508,8686.8
1671732000000.0,0.0509,0.0509,0.0507,0.0508,22614.8
1671735600000.0,0.051,0.0511,0.051,0.0511,6479.4
1671739200000.0,0.051,0.0517,0.051,0.0516,8053.0
1671742800000.0,0.0515,0.0519,0.0515,0.0518,2476.7
1671746400000.0,0.0521,0.0521,0.0521,0.0521,256.4
1671750000000.0,0.0522,0.0522,0.052,0.0521,4438.1
1671753600000.0,0.0522,0.0524,0.0521,0.0522,8906.2
1671757200000.0,0.052,0.0523,0.052,0.0523,4927.9
1671764400000.0,0.0525,0.0525,0.0524,0.0525,4206.5
1671768000000.0,0.0524,0.0524,0.0523,0.0523,3332.3
1671775200000.0,0.0524,0.0525,0.0524,0.0525,2625.3
1671778800000.0,0.0525,0.0526,0.052,0.0526,387743.9
1671782400000.0,0.0524,0.0524,0.0518,0.0519,86707.1
1671786000000.0,0.0518,0.052,0.0518,0.052,10641.0
1671793200000.0,0.0521,0.0521,0.0519,0.0521,4280.2
1671796800000.0,0.0519,0.0521,0.0519,0.0521,16138.5
1671800400000.0,0.052,0.0521,0.0518,0.052,27783.9
1671804000000.0,0.0519,0.0519,0.0517,0.0517,9900.8
1671807600000.0,0.0519,0.0519,0.0519,0.0519,305.5
1671811200000.0,0.0522,0.0522,0.052,0.052,19118.3
1671814800000.0,0.0522,0.0522,0.052,0.0522,3808.4
1671818400000.0,0.0522,0.0522,0.0521,0.0521,1912.1
1671822000000.0,0.0522,0.0522,0.052,0.052,139.1
1671825600000.0,0.052,0.052,0.0518,0.0518,7640.5
1671829200000.0,0.0519,0.0519,0.0517,0.0519,17235.6
1671832800000.0,0.0519,0.052,0.0517,0.052,1253.4
1671840000000.0,0.052,0.0521,0.0519,0.0519,19836.8
1671843600000.0,0.0521,0.0526,0.0521,0.0523,75253.8
1671847200000.0,0.0523,0.0524,0.0523,0.0524,11020.0
1671861600000.0,0.0524,0.0524,0.0523,0.0523,7222.0
1671865200000.0,0.0523,0.0524,0.0523,0.0523,9278.5
1671872400000.0,0.052,0.052,0.0518,0.052,45209.3
1671879600000.0,0.0522,0.0523,0.0522,0.0523,377.5
1671886800000.0,0.0524,0.0524,0.0523,0.0523,678.1
1671890400000.0,0.0525,0.0525,0.0524,0.0524,6762.2
1671894000000.0,0.0525,0.0525,0.0521,0.0521,21355.1
1671897600000.0,0.0523,0.0524,0.0522,0.0522,17932.2
1671901200000.0,0.0524,0.0525,0.0522,0.0525,382.8
1671908400000.0,0.0525,0.0525,0.0524,0.0524,392.4
1671915600000.0,0.0524,0.0524,0.0523,0.0523,4877.7
1671922800000.0,0.0524,0.0525,0.0524,0.0525,455.1
1671930000000.0,0.0524,0.0524,0.0522,0.0522,209.3
1671933600000.0,0.0522,0.0522,0.0522,0.0522,1301.1
1671944400000.0,0.0523,0.0527,0.0523,0.0527,2245.8
1671951600000.0,0.0529,0.0529,0.0525,0.0525,4667.4
1671955200000.0,0.0526,0.0527,0.0525,0.0526,3804.5
1671958800000.0,0.0525,0.0525,0.0522,0.0522,7979.7
1671966000000.0,0.0522,0.0523,0.0522,0.0523,7999.5
1671973200000.0,0.0524,0.0525,0.0522,0.0522,7393.1
1671976800000.0,0.0521,0.0521,0.0514,0.052,11449.9
1671980400000.0,0.0522,0.0522,0.0518,0.0518,7643.1
1671984000000.0,0.0516,0.0519,0.0516,0.0518,491.0
1671987600000.0,0.0516,0.0518,0.0516,0.0518,6546.4
1671991200000.0,0.0517,0.0519,0.0514,0.0517,137340.7
1671994800000.0,0.0516,0.0519,0.0515,0.0519,39260.4
1671998400000.0,0.0518,0.0519,0.0518,0.0519,620.3
1672002000000.0,0.0522,0.0522,0.0522,0.0522,1194.4
1672005600000.0,0.0523,0.0523,0.0522,0.0522,1346.9
1672009200000.0,0.0522,0.0525,0.0522,0.0523,3302.0
1672012800000.0,0.0524,0.0525,0.0524,0.0525,1518.5
1672016400000.0,0.0527,0.053,0.0527,0.053,3170.0
1672020000000.0,0.0531,0.0531,0.053,0.053,4526.6
1672023600000.0,0.0529,0.053,0.0529,0.053,857.3
1672030800000.0,0.0528,0.0529,0.0528,0.0529,7404.9
1672034400000.0,0.0526,0.0526,0.0526,0.0526,1628.2
1672038000000.0,0.0526,0.0526,0.0524,0.0524,395.4
1672045200000.0,0.0526,0.0528,0.0526,0.0528,2257.6
1672048800000.0,0.0529,0.0531,0.0528,0.053,18629.7
1672052400000.0,0.053,0.0534,0.053,0.0534,11753.4
1672059600000.0,0.0531,0.0531,0.0529,0.0529,2385.2
1672066800000.0,0.0532,0.0532,0.053,0.0531,1606.3
1672074000000.0,0.0529,0.0531,0.0529,0.0529,3696.5
1672077600000.0,0.0528,0.0529,0.0527,0.0529,26.6
1672081200000.0,0.0529,0.053,0.0528,0.053,4285.4
1672084800000.0,0.0529,0.0531,0.0529,0.0531,1931.7
1672088400000.0,0.0531,0.0532,0.0529,0.0529,21005.3
1672092000000.0,0.0528,0.0532,0.0528,0.0532,16.9
1672095600000.0,0.0533,0.0534,0.0533,0.0534,8732.2
1672099200000.0,0.0533,0.0533,0.0532,0.0533,6529.6
1672102800000.0,0.0532,0.0533,0.0532,0.0533,94.5
1672110000000.0,0.0531,0.0531,0.053,0.053,277.1
1672113600000.0,0.0531,0.0531,0.0531,0.0531,496.4
1672120800000.0,0.0531,0.0534,0.0531,0.0534,4212.8
1672128000000.0,0.0532,0.0532,0.0531,0.0531,2225.5
1672131600000.0,0.0531,0.0537,0.0531,0.0537,20765.8
1672135200000.0,0.0538,0.0539,0.0536,0.0536,6133.2
1672138800000.0,0.0535,0.0536,0.0534,0.0536,6254.9
1672142400000.0,0.0537,0.0538,0.0536,0.0536,4607.0
1672146000000.0,0.0536,0.0536,0.0535,0.0535,10513.7
1672149600000.0,0.0535,0.0535,0.0525,0.0526,139290.5
1672153200000.0,0.0525,0.0529,0.0525,0.0528,130894.3
1672156800000.0,0.0528,0.0528,0.0523,0.0526,225120.4
1672160400000.0,0.0526,0.0527,0.0521,0.0521,48206.8
1672164000000.0,0.052,0.0522,0.052,0.0521,39973.4
1672167600000.0,0.052,0.0523,0.0519,0.0523,46751.9
1672171200000.0,0.0523,0.0523,0.0521,0.0521,26259.8
1672174800000.0,0.0521,0.0524,0.0521,0.0524,34184.5
1672178400000.0,0.0524,0.0529,0.0524,0.0528,87619.3
1672182000000.0,0.0528,0.053,0.0525,0.0529,73691.1
1672185600000.0,0.0529,0.0534,0.0527,0.0527,52852.0
1672189200000.0,0.053,0.0532,0.0528,0.0528,4954.4
1672192800000.0,0.0526,0.0528,0.0526,0.0528,2290.7
1672196400000.0,0.0526,0.0528,0.0522,0.0528,6108.1
1672203600000.0,0.0524,0.0524,0.0511,0.0515,22306.9
1672207200000.0,0.0516,0.0516,0.0516,0.0516,1773.5
1672210800000.0,0.0518,0.052,0.0518,0.052,1182.8
1672214400000.0,0.052,0.052,0.0514,0.0514,1299.0
1672218000000.0,0.0515,0.0518,0.0515,0.0518,6241.9
1672221600000.0,0.0515,0.0517,0.0515,0.0517,8060.3
1672225200000.0,0.0519,0.0519,0.0519,0.0519,13150.5
1672228800000.0,0.0519,0.0519,0.0518,0.0519,7586.7
1672232400000.0,0.0518,0.0519,0.0518,0.0518,1494.0
1672236000000.0,0.0518,0.0527,0.0518,0.0526,15901.2
1672239600000.0,0.0527,0.0528,0.0521,0.0522,5472.4
1672243200000.0,0.0523,0.0523,0.052,0.052,5779.9
1672246800000.0,0.0518,0.0526,0.0518,0.0526,9680.7
1672250400000.0,0.0527,0.0535,0.0527,0.0531,122494.8
1672254000000.0,0.0531,0.0532,0.0522,0.0522,26917.7
1672257600000.0,0.0523,0.0526,0.0521,0.0525,17641.7
1672261200000.0,0.0526,0.0526,0.0516,0.0521,26389.3
1672264800000.0,0.0518,0.0518,0.0516,0.0518,62007.2
1672268400000.0,0.0519,0.0522,0.0518,0.052,20849.5
1672272000000.0,0.0522,0.0529,0.0521,0.0528,39681.2
1672275600000.0,0.0528,0.0528,0.0521,0.0523,6295.0
1672279200000.0,0.0522,0.0526,0.052,0.0525,38182.1
1672282800000.0,0.0528,0.0528,0.0526,0.0527,1358.9
1672290000000.0,0.0524,0.0527,0.0524,0.0525,2158.0
1672293600000.0,0.0525,0.0525,0.0524,0.0525,431.8
1672297200000.0,0.0524,0.0524,0.0522,0.0523,3825.0
1672300800000.0,0.0524,0.0524,0.0519,0.0519,4764.1
1672304400000.0,0.0519,0.0524,0.0519,0.0522,4571.3
1672308000000.0,0.0522,0.0523,0.0521,0.0523,5841.2
1672311600000.0,0.0523,0.0523,0.0522,0.0522,1457.2
1672315200000.0,0.0522,0.0524,0.052,0.0524,6636.2
1672318800000.0,0.0524,0.0526,0.0522,0.0522,24435.3
1672322400000.0,0.0522,0.0526,0.0522,0.0526,1820.6
1672326000000.0,0.0525,0.0525,0.0523,0.0523,5813.7
1672329600000.0,0.0526,0.0526,0.0525,0.0526,394.1
1672333200000.0,0.0526,0.0527,0.0524,0.0525,9531.6
1672336800000.0,0.0523,0.0525,0.0522,0.0524,25908.3
1672340400000.0,0.0524,0.0524,0.0518,0.0519,33569.4
1672344000000.0,0.0517,0.0517,0.0511,0.0513,23701.6
1672347600000.0,0.0513,0.0513,0.051,0.051,14597.8
1672351200000.0,0.0512,0.0516,0.0512,0.0513,29083.3
1672354800000.0,0.0513,0.0516,0.0512,0.0512,34320.7
1672358400000.0,0.0513,0.0514,0.0512,0.0512,13351.0
1672362000000.0,0.0514,0.0514,0.0508,0.0508,13612.2
1672365600000.0,0.0509,0.051,0.0507,0.0507,6598.8
1672369200000.0,0.0507,0.0508,0.0506,0.0506,17166.2
1672372800000.0,0.0506,0.0507,0.0504,0.0507,7013.3
1672376400000.0,0.0507,0.0509,0.0503,0.0503,89449.3
1672380000000.0,0.0504,0.0504,0.0502,0.0503,20740.3
1672383600000.0,0.0501,0.0501,0.0485,0.0495,814936.0
1672387200000.0,0.0495,0.0496,0.0491,0.0493,153513.0
1672390800000.0,0.0493,0.0494,0.0492,0.0494,19066.8
1672394400000.0,0.0495,0.0496,0.0494,0.0496,73986.0
1672398000000.0,0.0496,0.0497,0.0492,0.0492,43869.7
1672401600000.0,0.0492,0.0496,0.049,0.0495,33908.3
1672405200000.0,0.0496,0.0496,0.0494,0.0494,7778.6
1672408800000.0,0.0494,0.0494,0.0486,0.049,49792.2
1672412400000.0,0.0491,0.0494,0.0491,0.0494,12281.8
1672416000000.0,0.0492,0.0494,0.0491,0.0493,74046.4
1672419600000.0,0.0493,0.0496,0.0493,0.0495,23471.1
1672423200000.0,0.0493,0.0494,0.0492,0.0492,495.9
1672426800000.0,0.0494,0.0495,0.0491,0.0494,317749.0
1672430400000.0,0.0494,0.0495,0.0487,0.0495,446132.3
1672434000000.0,0.0495,0.0498,0.0494,0.0494,131040.5
1672437600000.0,0.0494,0.0494,0.0491,0.0491,30938.7
1672441200000.0,0.0492,0.0495,0.0491,0.0495,991.3
1672444800000.0,0.0494,0.0497,0.0493,0.0495,16431.6
1672448400000.0,0.0496,0.0496,0.0495,0.0495,10753.4
1672452000000.0,0.0496,0.0498,0.0496,0.0498,10972.8
1672455600000.0,0.0496,0.0496,0.0495,0.0495,294.7
1672459200000.0,0.0495,0.0496,0.0495,0.0496,695.9
1672466400000.0,0.0493,0.0495,0.0493,0.0495,17153.7
1672470000000.0,0.0495,0.0495,0.0494,0.0494,13165.5
1672480800000.0,0.0495,0.0497,0.0495,0.0497,552.1
1672484400000.0,0.0497,0.0498,0.0495,0.0495,28109.8
1672491600000.0,0.0496,0.05,0.0496,0.0499,13410.9
1672495200000.0,0.0499,0.0499,0.0497,0.0497,2284.7
1672498800000.0,0.0497,0.0499,0.0496,0.0497,24261.3
1672502400000.0,0.0497,0.0497,0.0495,0.0497,21329.3
1672506000000.0,0.0495,0.0496,0.0493,0.0496,11795.3
1672509600000.0,0.0496,0.0496,0.0495,0.0495,542.6
1672513200000.0,0.0496,0.0497,0.0496,0.0496,5783.0
1672520400000.0,0.0496,0.0499,0.0495,0.0495,264990.3
1672524000000.0,0.0493,0.0494,0.0492,0.0494,7850.1
1672527600000.0,0.0492,0.0492,0.0491,0.0492,28160.6
1672534800000.0,0.0493,0.0493,0.0491,0.0492,20348.6
1672542000000.0,0.0493,0.0494,0.049,0.049,10123.0
1672545600000.0,0.0492,0.0492,0.0486,0.0487,9078.7
1672549200000.0,0.0486,0.0487,0.0486,0.0487,2387.7
1672560000000.0,0.0484,0.0484,0.0483,0.0484,241.4
1672563600000.0,0.0482,0.0483,0.0482,0.0483,11.8
1672567200000.0,0.0485,0.0485,0.0483,0.0485,3190.2
1672570800000.0,0.0486,0.0488,0.0486,0.0488,16451.7
1672574400000.0,0.0488,0.0488,0.0488,0.0488,514.0
1672578000000.0,0.0488,0.0488,0.0486,0.0486,43.2
1672581600000.0,0.0486,0.0486,0.0485,0.0485,444.1
1672588800000.0,0.0485,0.0487,0.0485,0.0487,26738.6
1672592400000.0,0.0486,0.0488,0.0486,0.0487,93357.3
1672596000000.0,0.0488,0.049,0.0488,0.0488,11166.0
1672599600000.0,0.0491,0.0491,0.049,0.049,1029.2
1672603200000.0,0.0492,0.0493,0.0492,0.0493,1017.3
1672610400000.0,0.0495,0.0495,0.0494,0.0495,39424.7
1672614000000.0,0.0496,0.0496,0.0495,0.0495,2996.7
1672617600000.0,0.0495,0.0495,0.0495,0.0495,14260.8
1672621200000.0,0.0491,0.0493,0.049,0.0491,53889.9
1672628400000.0,0.0497,0.0497,0.0495,0.0495,6365.4
1672635600000.0,0.0499,0.0499,0.0499,0.0499,36933.8
1672639200000.0,0.0498,0.0498,0.0497,0.0497,8017.3
1672642800000.0,0.05,0.0507,0.05,0.0505,17568.1
1672646400000.0,0.0505,0.0506,0.0504,0.0506,9193.9
1672650000000.0,0.0507,0.0509,0.0504,0.0504,35140.3
1672653600000.0,0.0505,0.051,0.0505,0.0509,15270.9
1672657200000.0,0.0506,0.0508,0.0506,0.0507,4288.0
1672660800000.0,0.0509,0.0509,0.0508,0.0508,2992.9
1672664400000.0,0.0508,0.0509,0.0505,0.0509,2962.9
1672668000000.0,0.0508,0.0509,0.0508,0.0508,26240.1
1672671600000.0,0.0511,0.0513,0.0511,0.0513,5210.2
1672675200000.0,0.0511,0.0514,0.0511,0.0511,8584.8
1672678800000.0,0.0511,0.0514,0.0511,0.0512,2267.9
1672682400000.0,0.0513,0.0515,0.0513,0.0513,3067.0
1672686000000.0,0.0514,0.0514,0.0512,0.0514,324.0
1672689600000.0,0.0512,0.0512,0.0509,0.0509,5124.9
1672693200000.0,0.051,0.0513,0.0509,0.0513,1355.4
1672696800000.0,0.0511,0.0512,0.0511,0.0512,1035.0
1672704000000.0,0.0511,0.0511,0.0508,0.0508,21996.0
1672707600000.0,0.0509,0.051,0.0509,0.051,177.0
1672711200000.0,0.0508,0.051,0.0508,0.051,12421.3
1672714800000.0,0.051,0.0511,0.051,0.0511,13340.3
1672718400000.0,0.0511,0.0515,0.051,0.0515,706.7
1672725600000.0,0.0516,0.0516,0.0515,0.0515,3885.5
1672729200000.0,0.0515,0.0515,0.0514,0.0514,6391.0
1672732800000.0,0.0513,0.0515,0.0512,0.0515,9747.2
1672736400000.0,0.0515,0.0515,0.0513,0.0514,4146.2
1672743600000.0,0.0514,0.0515,0.0512,0.0515,1231.7
1672747200000.0,0.0517,0.0518,0.0513,0.0514,2491.6
1672750800000.0,0.0514,0.0515,0.0512,0.0515,5377.1
1672754400000.0,0.0514,0.0514,0.0508,0.0508,2371.1
1672758000000.0,0.0508,0.0508,0.0505,0.0508,34471.7
1672761600000.0,0.0509,0.0509,0.0506,0.0506,17695.6
1672765200000.0,0.0506,0.0507,0.0505,0.0505,5306.4
1672768800000.0,0.0504,0.0506,0.0504,0.0506,4678.7
1672772400000.0,0.0506,0.0508,0.0505,0.0506,15017.5
1672779600000.0,0.0507,0.051,0.0507,0.0509,31958.8
1672783200000.0,0.0509,0.0512,0.0508,0.0512,5296.6
1672786800000.0,0.0512,0.0514,0.0512,0.0514,6747.9
1672790400000.0,0.0512,0.0515,0.0512,0.0515,3882.6
1672794000000.0,0.0515,0.052,0.0515,0.0519,8469.1
1672797600000.0,0.052,0.0528,0.052,0.0528,10486.0
1672801200000.0,0.0529,0.053,0.0526,0.053,8391.2
1672804800000.0,0.0531,0.0532,0.0527,0.0527,4401.0
1672812000000.0,0.0531,0.0531,0.0531,0.0531,3770.7
1672815600000.0,0.0531,0.0533,0.0531,0.0533,1873.8
1672819200000.0,0.0532,0.0532,0.0529,0.0529,3318.2
1672822800000.0,0.0529,0.053,0.0529,0.053,7585.4
1672826400000.0,0.053,0.0532,0.053,0.0532,514.0
1672830000000.0,0.0531,0.0532,0.0531,0.0531,10876.0
1672833600000.0,0.0532,0.0535,0.0531,0.0531,26562.4
1672837200000.0,0.0531,0.0536,0.0531,0.0534,9654.9
1672840800000.0,0.0535,0.0536,0.0533,0.0533,10416.3
1672844400000.0,0.0532,0.0536,0.0525,0.0536,123025.5
1672848000000.0,0.0535,0.0535,0.0532,0.0532,31952.2
1672851600000.0,0.0532,0.0537,0.053,0.0532,128673.2
1672855200000.0,0.0534,0.0536,0.0529,0.0529,23376.5
1672858800000.0,0.0527,0.0531,0.0526,0.0527,27055.9
1672862400000.0,0.0529,0.0529,0.0524,0.0525,14155.5
1672866000000.0,0.0525,0.0527,0.0525,0.0527,4817.7
1672869600000.0,0.0526,0.0532,0.0526,0.0532,2273.4
1672873200000.0,0.0532,0.0536,0.0532,0.0536,225.1
1672876800000.0,0.0536,0.0536,0.0531,0.0531,22758.6
1672880400000.0,0.053,0.0535,0.053,0.0533,31590.0
1672884000000.0,0.0533,0.0535,0.0532,0.0535,1568.3
1672887600000.0,0.0534,0.0536,0.0534,0.0536,6320.3
1672891200000.0,0.0537,0.0541,0.0537,0.0539,26907.1
1672894800000.0,0.0538,0.0539,0.0538,0.0539,2949.1
1672898400000.0,0.0539,0.0539,0.0534,0.0537,35168.0
1672902000000.0,0.0538,0.0538,0.0532,0.0535,4726.1
1672905600000.0,0.0533,0.0533,0.0532,0.0532,4643.8
1672909200000.0,0.053,0.053,0.0527,0.0528,1432.6
1672912800000.0,0.0528,0.0532,0.0528,0.0532,7082.6
1672916400000.0,0.0531,0.0533,0.0531,0.0533,7224.9
1672920000000.0,0.0533,0.0533,0.0528,0.053,51186.9
1672923600000.0,0.0529,0.0529,0.0526,0.0527,12571.9
1672927200000.0,0.0527,0.0529,0.0524,0.0529,12061.5
1672930800000.0,0.053,0.053,0.0527,0.0528,6291.9
1672934400000.0,0.0529,0.0529,0.0526,0.0527,3904.9
1672938000000.0,0.0528,0.0529,0.0528,0.0528,3044.6
1672941600000.0,0.0528,0.0532,0.0528,0.0529,1332.7
1672945200000.0,0.0528,0.0532,0.0528,0.0531,1651.5
1672948800000.0,0.0531,0.0532,0.0531,0.0531,1487.9
1672952400000.0,0.053,0.053,0.0529,0.053,7694.5
1672956000000.0,0.053,0.0534,0.0527,0.0527,134626.6
1672959600000.0,0.0528,0.0528,0.0523,0.0528,55858.5
1672963200000.0,0.0528,0.0532,0.0528,0.0531,17623.1
1672966800000.0,0.0531,0.0531,0.0528,0.0528,5730.9
1672970400000.0,0.0527,0.0528,0.0526,0.0526,9098.2
1672974000000.0,0.0528,0.0529,0.0526,0.0526,26337.4
1672977600000.0,0.0525,0.0525,0.0519,0.0522,40999.9
1672981200000.0,0.0522,0.0524,0.0521,0.0524,19358.9
1672984800000.0,0.0522,0.0522,0.0519,0.0519,18467.1
1672988400000.0,0.0519,0.0522,0.0518,0.0522,7895.2
1672995600000.0,0.0521,0.0521,0.0518,0.0518,2129.7
1672999200000.0,0.0519,0.0519,0.0516,0.0516,10217.0
1673002800000.0,0.0516,0.0516,0.0514,0.0515,4637.3
1673006400000.0,0.0515,0.0516,0.0514,0.0514,29210.8
1673010000000.0,0.0515,0.0524,0.0515,0.0521,27617.9
1673013600000.0,0.0522,0.0525,0.0522,0.0525,21189.3
1673017200000.0,0.0526,0.053,0.0525,0.0529,8575.0
1673020800000.0,0.0531,0.0532,0.0531,0.0532,8042.6
1673024400000.0,0.0531,0.0532,0.053,0.053,2092.3
1673028000000.0,0.0534,0.0534,0.0531,0.0531,5635.3
1673031600000.0,0.0533,0.0538,0.0533,0.0538,15851.2
1673035200000.0,0.0538,0.0538,0.0533,0.0533,6258.8
1673038800000.0,0.0534,0.0535,0.0534,0.0535,4553.0
1673042400000.0,0.0537,0.0538,0.0537,0.0538,563.9
1673046000000.0,0.0539,0.054,0.0537,0.0538,4560.4
1673049600000.0,0.0538,0.0542,0.0536,0.0542,6851.0
1673053200000.0,0.054,0.0542,0.054,0.0542,2852.2
1673056800000.0,0.0543,0.0545,0.0543,0.0544,32635.9
1673064000000.0,0.0544,0.0544,0.0538,0.054,75355.9
1673067600000.0,0.0541,0.0541,0.0539,0.054,20931.8
1673071200000.0,0.0539,0.0542,0.0539,0.0542,13267.5
1673078400000.0,0.0544,0.055,0.0544,0.0546,43035.5
1673082000000.0,0.0546,0.0546,0.0542,0.0542,9058.8
1673085600000.0,0.0543,0.0544,0.0541,0.0544,3041.2
1673089200000.0,0.0545,0.0545,0.0543,0.0543,3119.1
1673092800000.0,0.0541,0.0541,0.0539,0.0541,43463.6
1673096400000.0,0.054,0.0542,0.054,0.0542,8822.1
1673100000000.0,0.0541,0.0542,0.0541,0.0541,1470.4
1673103600000.0,0.0543,0.0543,0.0541,0.0541,40599.8
1673107200000.0,0.0541,0.0541,0.0538,0.0538,23557.3
1673110800000.0,0.0538,0.0539,0.0537,0.0539,19418.1
1673114400000.0,0.0539,0.0542,0.0539,0.0541,30140.4
1673118000000.0,0.0541,0.0546,0.0541,0.0542,94301.8
1673121600000.0,0.0542,0.0542,0.054,0.054,52336.3
1673125200000.0,0.054,0.0541,0.054,0.054,4542.5
1673128800000.0,0.0539,0.0541,0.0539,0.0541,18600.6
1673132400000.0,0.054,0.0542,0.0536,0.0536,25179.3
1673136000000.0,0.0536,0.0537,0.0533,0.0535,131600.6
1673139600000.0,0.0537,0.0537,0.0535,0.0535,45204.3
1673146800000.0,0.0536,0.0538,0.0536,0.0538,2298.5
1673150400000.0,0.0539,0.054,0.0538,0.0538,888.1
1673154000000.0,0.0538,0.054,0.0538,0.054,35.0
1673157600000.0,0.0538,0.0538,0.0538,0.0538,17191.9
1673164800000.0,0.0536,0.0536,0.0536,0.0536,4720.6
1673168400000.0,0.0537,0.0537,0.0536,0.0536,1194.7
1673175600000.0,0.0538,0.0539,0.0538,0.0539,851.6
1673186400000.0,0.0542,0.0543,0.0542,0.0542,12259.1
1673190000000.0,0.0542,0.0545,0.0541,0.0545,24332.1
1673193600000.0,0.0545,0.0545,0.0536,0.0539,57692.3
1673197200000.0,0.0538,0.054,0.0538,0.0538,16716.2
1673200800000.0,0.0537,0.054,0.0536,0.054,17621.5
1673204400000.0,0.0541,0.0543,0.054,0.0543,9612.9
1673208000000.0,0.0545,0.0553,0.0545,0.055,304001.7
1673211600000.0,0.0551,0.0552,0.055,0.0551,21085.7
1673215200000.0,0.055,0.0555,0.055,0.0555,22301.8
1673218800000.0,0.0556,0.0561,0.0556,0.056,78743.8
1673222400000.0,0.056,0.0563,0.0555,0.0562,36171.2
1673226000000.0,0.0561,0.0565,0.0557,0.0562,59444.2
1673229600000.0,0.0562,0.0568,0.0561,0.0561,37095.2
1673233200000.0,0.056,0.0566,0.056,0.0566,20283.3
1673236800000.0,0.0568,0.0569,0.0566,0.0568,10039.9
1673240400000.0,0.0568,0.057,0.0566,0.0566,106876.8
1673244000000.0,0.0567,0.0567,0.0565,0.0565,1519.3
1673247600000.0,0.057,0.0575,0.057,0.0572,122616.7
1673251200000.0,0.0569,0.0571,0.0569,0.0571,6499.4
1673254800000.0,0.057,0.0572,0.057,0.0572,486.9
1673258400000.0,0.0573,0.0578,0.0573,0.0575,20941.5
1673262000000.0,0.0573,0.0575,0.0567,0.0567,19689.3
1673265600000.0,0.0569,0.0574,0.0569,0.0572,97656.3
1673269200000.0,0.0574,0.0574,0.0556,0.0563,54653.4
1673272800000.0,0.0564,0.057,0.056,0.057,104100.5
1673276400000.0,0.0571,0.0573,0.0564,0.0571,103275.9
1673280000000.0,0.0573,0.0578,0.0571,0.0576,28647.6
1673283600000.0,0.0574,0.0578,0.0571,0.0575,17868.3
1673287200000.0,0.0576,0.0576,0.0563,0.0566,73858.8
1673290800000.0,0.0566,0.0569,0.0564,0.0566,14590.0
1673294400000.0,0.0565,0.0565,0.0557,0.056,162860.1
1673298000000.0,0.0563,0.0566,0.0563,0.0564,18304.4
1673301600000.0,0.0564,0.0568,0.0562,0.0562,718.8
1673305200000.0,0.0561,0.0571,0.0561,0.0571,14046.1
1673308800000.0,0.057,0.0578,0.057,0.0577,13248.5
1673312400000.0,0.0577,0.0577,0.0572,0.0573,6771.9
1673316000000.0,0.0573,0.0577,0.0557,0.0566,42074.9
1673319600000.0,0.0564,0.0568,0.0562,0.0568,30975.1
1673323200000.0,0.0568,0.0571,0.0568,0.0571,27993.9
1673326800000.0,0.0571,0.0626,0.0569,0.0575,1314429.0
1673330400000.0,0.0575,0.0577,0.057,0.0572,27211.8
1673334000000.0,0.0572,0.0574,0.057,0.0572,7038.3
1673337600000.0,0.0577,0.0578,0.0577,0.0577,1813.9
1673341200000.0,0.058,0.058,0.0579,0.0579,840.5
1673348400000.0,0.0575,0.0576,0.0573,0.0573,4343.7
1673352000000.0,0.0574,0.0574,0.0566,0.0566,87230.4
1673355600000.0,0.0568,0.0569,0.0564,0.0569,7006.8
1673359200000.0,0.0569,0.0573,0.0566,0.0571,4820.8
1673362800000.0,0.0571,0.0571,0.0569,0.0569,6383.4
1673366400000.0,0.0569,0.0569,0.0563,0.0563,17385.0
1673370000000.0,0.0562,0.0565,0.0562,0.0565,280.4
1673373600000.0,0.0566,0.0568,0.0565,0.0567,4238.5
1673377200000.0,0.0569,0.0571,0.0566,0.0571,92496.5
1673380800000.0,0.0569,0.0572,0.0569,0.0572,21401.2
1673384400000.0,0.057,0.057,0.0567,0.0568,28906.5
1673388000000.0,0.0568,0.0568,0.0567,0.0568,1972.7
1673391600000.0,0.0569,0.0571,0.0569,0.0569,11707.5
1673395200000.0,0.0569,0.0573,0.0569,0.0572,12757.8
1673398800000.0,0.0571,0.0572,0.0569,0.057,7311.6
1673402400000.0,0.0568,0.0568,0.0558,0.0561,35653.0
1673406000000.0,0.0561,0.0561,0.0555,0.0558,27324.4
1673409600000.0,0.0556,0.0559,0.0554,0.0555,49859.0
1673413200000.0,0.0556,0.0557,0.0555,0.0556,49521.5
1673416800000.0,0.0556,0.0559,0.0555,0.0558,7089.8
1673420400000.0,0.0557,0.0561,0.0553,0.0553,182295.3
1673424000000.0,0.0554,0.0555,0.0554,0.0555,2308.6
1673427600000.0,0.0555,0.0556,0.0553,0.0555,15611.3
1673431200000.0,0.0553,0.0553,0.0553,0.0553,10461.7
1673434800000.0,0.0552,0.0552,0.0549,0.0549,7146.1
1673438400000.0,0.0551,0.0556,0.0548,0.0554,252704.8
1673442000000.0,0.0556,0.0556,0.055,0.055,19713.7
1673445600000.0,0.055,0.0551,0.0546,0.055,93291.3
1673449200000.0,0.0551,0.0551,0.054,0.0541,108528.9
1673452800000.0,0.054,0.054,0.0538,0.0538,14712.8
1673456400000.0,0.0537,0.0541,0.0537,0.0539,13609.5
1673460000000.0,0.0539,0.0548,0.0539,0.0544,46992.0
1673463600000.0,0.0545,0.0549,0.0545,0.0549,6707.7
1673467200000.0,0.0548,0.0549,0.0547,0.0549,12683.3
1673470800000.0,0.0547,0.0551,0.0547,0.0551,7555.1
1673474400000.0,0.0552,0.0563,0.055,0.0563,27127.3
1673478000000.0,0.0562,0.057,0.0562,0.057,95757.8
1673481600000.0,0.0571,0.0585,0.0571,0.0584,56431.8
1673485200000.0,0.0581,0.0584,0.0579,0.0584,19835.4
1673488800000.0,0.0584,0.0586,0.0581,0.0581,17206.7
1673492400000.0,0.0582,0.0589,0.0581,0.0589,36327.5
1673496000000.0,0.0589,0.0589,0.0586,0.0587,25014.4
1673499600000.0,0.0585,0.0585,0.0574,0.0574,30953.8
1673503200000.0,0.0576,0.0578,0.0576,0.0577,33472.1
1673506800000.0,0.0576,0.0579,0.0576,0.0579,15475.3
1673510400000.0,0.0578,0.0578,0.0574,0.0576,13836.0
1673514000000.0,0.0572,0.0572,0.0571,0.0571,4202.7
1673517600000.0,0.0569,0.0569,0.0564,0.0569,138501.7
1673521200000.0,0.0569,0.0571,0.0569,0.057,19875.9
1673524800000.0,0.057,0.0572,0.057,0.0572,14835.7
1673528400000.0,0.0571,0.0582,0.0558,0.0581,248873.5
1673532000000.0,0.0581,0.0585,0.0564,0.0569,47370.5
1673535600000.0,0.0571,0.0574,0.057,0.0573,31453.8
1673539200000.0,0.0574,0.0579,0.0574,0.0577,16217.8
1673542800000.0,0.0579,0.0587,0.0579,0.0587,51124.4
1673546400000.0,0.0585,0.0586,0.0578,0.0583,51033.6
1673550000000.0,0.0584,0.0594,0.0583,0.0589,104932.2
1673553600000.0,0.0589,0.059,0.0587,0.0587,38772.6
1673557200000.0,0.0587,0.0587,0.0582,0.0585,28284.5
1673560800000.0,0.0582,0.0586,0.0582,0.0585,16768.6
1673564400000.0,0.0585,0.0587,0.0585,0.0587,37781.4
1673568000000.0,0.0588,0.0591,0.058,0.0585,38438.4
1673571600000.0,0.0586,0.0586,0.0579,0.0582,18674.6
1673575200000.0,0.0583,0.0585,0.0581,0.0584,6781.9
1673578800000.0,0.0584,0.0592,0.0584,0.0592,110349.3
1673582400000.0,0.0594,0.0598,0.0592,0.0596,26464.9
1673586000000.0,0.0595,0.0596,0.0591,0.0592,14275.1
1673589600000.0,0.0593,0.0593,0.0592,0.0593,14663.2
1673593200000.0,0.0593,0.0595,0.0592,0.0594,106229.8
1673596800000.0,0.0595,0.0599,0.0595,0.0599,4615.1
1673600400000.0,0.0597,0.06,0.0595,0.0597,11783.9
1673604000000.0,0.0596,0.0596,0.0589,0.0591,2412.4
1673607600000.0,0.0589,0.0592,0.0589,0.0589,200.7
1673611200000.0,0.0589,0.0589,0.0584,0.0587,4517.4
1673614800000.0,0.0586,0.0589,0.0582,0.0586,25567.4
1673618400000.0,0.0585,0.0592,0.0585,0.059,61773.9
1673622000000.0,0.059,0.0592,0.0588,0.059,35033.8
1673625600000.0,0.059,0.0598,0.0586,0.0596,27888.5
1673629200000.0,0.0599,0.0599,0.0593,0.0597,20647.9
1673632800000.0,0.0597,0.0598,0.0595,0.0596,12073.4
1673636400000.0,0.0595,0.0601,0.0595,0.0601,5836.7
1673640000000.0,0.0601,0.0606,0.0597,0.0606,6633.5
1673643600000.0,0.0605,0.0616,0.0602,0.0612,48278.1
1673647200000.0,0.0612,0.0614,0.0603,0.0605,23103.0
1673650800000.0,0.0608,0.0613,0.0605,0.0613,64716.1
1673654400000.0,0.0614,0.0629,0.0613,0.0622,291025.8
1673658000000.0,0.0623,0.0635,0.0623,0.0635,73905.6
1673661600000.0,0.0635,0.0638,0.0629,0.063,88240.6
1673665200000.0,0.0632,0.0632,0.0623,0.0626,23558.0
1673668800000.0,0.0624,0.0634,0.0623,0.0634,85046.7
1673672400000.0,0.0635,0.0639,0.0629,0.0638,18858.5
1673676000000.0,0.064,0.0653,0.064,0.0653,44155.8
1673679600000.0,0.0653,0.0659,0.0643,0.0656,61728.8
1673683200000.0,0.0657,0.067,0.0657,0.067,79187.9
1673686800000.0,0.0671,0.0671,0.0595,0.0625,224281.2
1673690400000.0,0.0626,0.0633,0.0618,0.0632,378887.3
1673694000000.0,0.0633,0.0638,0.0631,0.0635,70872.8
1673697600000.0,0.0634,0.0641,0.0631,0.0638,51618.8
1673701200000.0,0.0638,0.0638,0.0632,0.0638,21120.8
1673704800000.0,0.0639,0.0647,0.0625,0.0637,89244.0
1673708400000.0,0.0639,0.0644,0.0633,0.0643,41799.5
1673712000000.0,0.0641,0.0644,0.0638,0.064,69691.4
1673715600000.0,0.064,0.0644,0.0635,0.0637,48504.5
1673719200000.0,0.0639,0.0642,0.063,0.0635,68041.2
1673722800000.0,0.0635,0.0637,0.063,0.0634,11586.9
1673726400000.0,0.0632,0.064,0.0632,0.0638,11396.0
1673730000000.0,0.0636,0.064,0.0633,0.0637,34812.8
1673733600000.0,0.0637,0.0644,0.0637,0.0643,4364.2
1673737200000.0,0.0643,0.0649,0.0641,0.0647,78176.1
1673740800000.0,0.0646,0.065,0.063,0.0646,891091.0
1673744400000.0,0.0647,0.0647,0.0637,0.0644,74040.3
1673748000000.0,0.0643,0.0644,0.0636,0.0638,62804.9
1673751600000.0,0.0638,0.0639,0.0632,0.0638,57527.6
1673755200000.0,0.0637,0.0638,0.0635,0.0635,12309.4
1673758800000.0,0.0636,0.0639,0.0636,0.0638,919.2
1673762400000.0,0.0638,0.0639,0.0634,0.0634,35656.8
1673766000000.0,0.0632,0.0634,0.0629,0.0634,31021.2
1673769600000.0,0.0633,0.0633,0.062,0.0621,41217.1
1673773200000.0,0.0621,0.0626,0.0619,0.0626,28165.1
1673776800000.0,0.0625,0.0625,0.0623,0.0625,6485.6
1673780400000.0,0.0623,0.063,0.0623,0.063,11161.9
1673784000000.0,0.0628,0.063,0.0626,0.063,43781.8
1673787600000.0,0.0631,0.0637,0.0631,0.0633,24391.8
1673791200000.0,0.0633,0.064,0.0633,0.0639,36800.3
1673794800000.0,0.064,0.065,0.064,0.065,54771.8
1673798400000.0,0.0648,0.0649,0.0638,0.0643,36591.1
1673802000000.0,0.0644,0.0649,0.0636,0.0639,26675.3
1673805600000.0,0.0638,0.0644,0.0631,0.0641,119391.7
1673809200000.0,0.0641,0.0643,0.0638,0.0638,29574.7
1673812800000.0,0.0637,0.0641,0.0636,0.0638,5112.7
1673816400000.0,0.064,0.064,0.0638,0.0638,3389.2
1673820000000.0,0.0638,0.0641,0.0633,0.0637,27903.1
1673823600000.0,0.0635,0.064,0.0633,0.0638,3188.5
1673827200000.0,0.0639,0.0647,0.0635,0.0643,79121.9
1673830800000.0,0.0646,0.0654,0.064,0.0654,106875.1
1673834400000.0,0.0653,0.0658,0.0649,0.0649,19499.9
1673838000000.0,0.0647,0.0651,0.0646,0.0646,9810.0
1673841600000.0,0.0647,0.065,0.0646,0.0649,56864.2
1673845200000.0,0.0649,0.0658,0.0649,0.0658,25845.7
1673848800000.0,0.0656,0.0656,0.0648,0.0648,18731.9
1673852400000.0,0.0644,0.0646,0.0638,0.0638,11466.5
1673856000000.0,0.0637,0.0637,0.0618,0.0625,107594.2
1673859600000.0,0.0625,0.0631,0.0623,0.0631,1833.0
1673863200000.0,0.0632,0.0635,0.063,0.0631,36423.8
1673866800000.0,0.0631,0.0634,0.0627,0.0629,90132.0
1673870400000.0,0.063,0.073,0.063,0.0653,1550342.6
1673874000000.0,0.0653,0.0669,0.0648,0.0665,134120.7
1673877600000.0,0.066,0.066,0.0651,0.0651,85923.3
1673881200000.0,0.0653,0.0653,0.0633,0.065,45880.9
1673884800000.0,0.0648,0.0651,0.0642,0.0646,46209.0
1673888400000.0,0.0643,0.0648,0.0642,0.0646,45301.0
1673892000000.0,0.0645,0.0646,0.064,0.0644,45247.1
1673895600000.0,0.0643,0.0645,0.0636,0.0639,81621.6
1673899200000.0,0.0641,0.0645,0.0639,0.0641,45931.4
1673902800000.0,0.0641,0.0649,0.0638,0.0649,73903.7
1673906400000.0,0.0652,0.0652,0.0648,0.0648,37232.0
1673910000000.0,0.0645,0.0647,0.0643,0.0643,17338.4
1673913600000.0,0.0642,0.0657,0.0635,0.0647,172688.8
1673917200000.0,0.0646,0.0646,0.0634,0.0641,43680.7
1673920800000.0,0.0642,0.0643,0.0636,0.0642,100059.6
1673924400000.0,0.0642,0.0643,0.0639,0.0643,3296.1
1673928000000.0,0.0644,0.0649,0.064,0.0643,157855.6
1673931600000.0,0.0644,0.0647,0.0642,0.0647,40397.5
1673935200000.0,0.0646,0.0647,0.0642,0.0642,14097.0
1673938800000.0,0.0644,0.0648,0.0643,0.0646,158675.5
1673942400000.0,0.0646,0.0651,0.0645,0.0651,21735.4
1673946000000.0,0.0649,0.0649,0.0646,0.0647,28885.4
1673949600000.0,0.0646,0.0647,0.0643,0.0647,18436.0
1673953200000.0,0.0647,0.0651,0.0646,0.0651,18124.9
1673956800000.0,0.0649,0.0658,0.0649,0.0654,39341.6
1673960400000.0,0.0653,0.0665,0.0649,0.0655,312602.8
1673964000000.0,0.0656,0.0661,0.0646,0.0659,49379.7
1673967600000.0,0.0661,0.0661,0.0651,0.0651,44903.9
1673971200000.0,0.0652,0.0653,0.0647,0.0653,6219.1
1673974800000.0,0.0652,0.0653,0.0648,0.0653,15715.0
1673978400000.0,0.0654,0.0654,0.0646,0.065,70390.6
1673982000000.0,0.065,0.0656,0.0649,0.0656,8800.5
1673985600000.0,0.0654,0.0654,0.0649,0.0651,20361.9
1673989200000.0,0.065,0.0654,0.0648,0.065,136681.8
1673992800000.0,0.065,0.065,0.0643,0.0644,22874.0
1673996400000.0,0.0645,0.0647,0.0636,0.0638,51420.5
1674000000000.0,0.0643,0.0648,0.0639,0.0648,10895.3
1674003600000.0,0.0649,0.0654,0.0647,0.0654,721231.4
1674007200000.0,0.0656,0.0659,0.0651,0.0659,66350.6
1674010800000.0,0.0656,0.0656,0.0651,0.0653,47962.9
1674014400000.0,0.0653,0.0657,0.0652,0.0654,36154.7
1674018000000.0,0.0655,0.0657,0.0654,0.0655,1398.3
1674021600000.0,0.0655,0.0655,0.065,0.065,1190.9
1674025200000.0,0.0649,0.0652,0.0648,0.0651,31603.4
1674028800000.0,0.065,0.065,0.0637,0.0637,65427.0
1674032400000.0,0.0634,0.0634,0.0623,0.0628,123142.7
1674036000000.0,0.0629,0.0631,0.0624,0.0626,92187.6
1674039600000.0,0.0629,0.0631,0.0628,0.0628,8011.9
1674043200000.0,0.063,0.0633,0.063,0.0633,19963.3
1674046800000.0,0.0633,0.0639,0.0629,0.0639,26182.9
1674050400000.0,0.0641,0.0643,0.0638,0.0643,42882.8
1674054000000.0,0.0644,0.0645,0.0591,0.0607,291152.3
1674057600000.0,0.0606,0.0608,0.0585,0.0598,414232.0
1674061200000.0,0.0601,0.0611,0.0599,0.0605,183895.5
1674064800000.0,0.0604,0.0609,0.06,0.0601,67667.9
1674068400000.0,0.0601,0.0604,0.0601,0.0602,11368.1
1674072000000.0,0.0604,0.0604,0.0589,0.0594,192489.4
1674075600000.0,0.0595,0.0599,0.0591,0.0594,202454.6
1674079200000.0,0.059,0.0594,0.0589,0.0594,1318.7
1674082800000.0,0.0594,0.0601,0.0584,0.0586,299357.1
1674086400000.0,0.0586,0.059,0.0584,0.0587,18721.1
1674090000000.0,0.059,0.0591,0.0585,0.0585,13480.3
1674093600000.0,0.0585,0.059,0.0584,0.0588,2257.0
1674097200000.0,0.059,0.0595,0.059,0.0595,10104.4
1674100800000.0,0.0594,0.0598,0.0594,0.0596,6419.7
1674104400000.0,0.0594,0.0594,0.0594,0.0594,6283.2
1674108000000.0,0.0593,0.0595,0.0593,0.0593,26414.0
1674111600000.0,0.0594,0.0598,0.0593,0.0598,4309.4
1674115200000.0,0.0596,0.0598,0.0594,0.0594,516.2
1674118800000.0,0.0594,0.0596,0.0594,0.0596,4935.0
1674122400000.0,0.0595,0.0595,0.0591,0.0593,5362.2
1674126000000.0,0.0588,0.0588,0.0585,0.0586,17511.4
1674129600000.0,0.0585,0.0588,0.0581,0.0582,27209.5
1674133200000.0,0.058,0.0586,0.0577,0.0586,30336.4
1674136800000.0,0.0586,0.0589,0.0582,0.0588,90310.1
1674140400000.0,0.059,0.059,0.0584,0.0588,37646.3
1674144000000.0,0.0587,0.0589,0.0585,0.0589,29099.7
1674147600000.0,0.0589,0.0589,0.0581,0.0583,16274.5
1674151200000.0,0.0581,0.0584,0.0581,0.0584,12564.4
1674154800000.0,0.0587,0.0594,0.0587,0.0594,1972.2
1674158400000.0,0.0595,0.0597,0.0594,0.0595,14517.9
1674162000000.0,0.0593,0.0593,0.0589,0.059,2873.3
1674165600000.0,0.0591,0.0595,0.0591,0.0595,7421.8
1674169200000.0,0.0595,0.0596,0.0595,0.0596,10839.8
1674172800000.0,0.0593,0.0598,0.0593,0.0593,26804.6
1674176400000.0,0.0594,0.0599,0.0594,0.0598,93425.7
1674180000000.0,0.0597,0.06,0.0595,0.0595,19548.1
1674183600000.0,0.0596,0.0598,0.0595,0.0598,23447.6
1674187200000.0,0.0597,0.0599,0.0592,0.0592,21212.1
1674190800000.0,0.0591,0.0593,0.059,0.059,5024.1
1674194400000.0,0.0588,0.059,0.0585,0.0585,6177.7
1674198000000.0,0.0586,0.0589,0.0585,0.0586,22057.7
1674201600000.0,0.0586,0.0587,0.0583,0.0583,17273.8
1674205200000.0,0.0583,0.0588,0.0583,0.0586,6625.1
1674208800000.0,0.0586,0.0588,0.0586,0.0588,118.9
1674212400000.0,0.0588,0.0588,0.0586,0.0588,9932.6
1674216000000.0,0.0589,0.0593,0.0589,0.0593,11841.7
1674219600000.0,0.0591,0.0591,0.0589,0.0589,12459.7
1674223200000.0,0.0589,0.0593,0.0587,0.0593,160244.2
1674226800000.0,0.0593,0.0597,0.0593,0.0594,40362.9
1674230400000.0,0.0596,0.0605,0.0595,0.0605,50178.0
1674234000000.0,0.0606,0.0608,0.0604,0.0607,8502.2
1674237600000.0,0.0609,0.0609,0.0605,0.0609,32871.0
1674241200000.0,0.0608,0.0615,0.0607,0.0615,131474.6
1674244800000.0,0.0616,0.0626,0.0616,0.0626,70592.9
1674248400000.0,0.0627,0.0629,0.0623,0.0627,117721.4
1674252000000.0,0.0628,0.0632,0.0628,0.063,30207.3
1674255600000.0,0.0631,0.0641,0.0631,0.0641,42443.4
1674259200000.0,0.0642,0.0651,0.0638,0.0651,128373.0
1674262800000.0,0.0652,0.0659,0.065,0.0658,38241.6
1674266400000.0,0.0659,0.0662,0.065,0.0654,19333.7
1674270000000.0,0.0655,0.0659,0.0653,0.0659,66907.4
1674273600000.0,0.066,0.0677,0.066,0.0672,65967.2
1674277200000.0,0.067,0.0671,0.0666,0.0666,41917.9
1674280800000.0,0.0667,0.0669,0.0664,0.0669,58872.0
1674284400000.0,0.0669,0.0674,0.0669,0.0671,36479.3
1674288000000.0,0.0672,0.0673,0.0658,0.0658,75787.1
1674291600000.0,0.0659,0.0682,0.0659,0.0682,76736.3
1674295200000.0,0.0681,0.0683,0.0644,0.0665,399941.3
1674298800000.0,0.0665,0.068,0.0664,0.0679,130129.0
1674302400000.0,0.0678,0.0679,0.0672,0.0673,168886.9
1674306000000.0,0.0674,0.0686,0.0671,0.0681,234059.2
1674309600000.0,0.0682,0.0685,0.0676,0.068,25740.5
1674313200000.0,0.068,0.0683,0.067,0.0671,187481.5
1674316800000.0,0.0675,0.0678,0.0668,0.0668,212849.9
1674320400000.0,0.0667,0.0671,0.0661,0.0666,25837.6
1674324000000.0,0.0667,0.0675,0.0667,0.0671,46046.0
1674327600000.0,0.0671,0.0674,0.0671,0.0673,33030.5
1674331200000.0,0.0673,0.0678,0.0673,0.0677,17521.9
1674334800000.0,0.0676,0.0685,0.0675,0.0678,52805.0
1674338400000.0,0.0679,0.0679,0.067,0.067,27448.8
1674342000000.0,0.0669,0.0673,0.0661,0.0663,74593.6
1674345600000.0,0.0663,0.067,0.0663,0.0667,13731.0
1674349200000.0,0.0668,0.067,0.0664,0.0668,46454.5
1674352800000.0,0.0669,0.0669,0.0662,0.0665,33620.7
1674356400000.0,0.0667,0.067,0.0665,0.0666,48372.6
1674360000000.0,0.0666,0.0674,0.0666,0.0673,884535.1
1674363600000.0,0.0672,0.0676,0.0672,0.0675,12691.2
1674367200000.0,0.0675,0.0677,0.0675,0.0676,16750.7
1674370800000.0,0.0676,0.0676,0.0674,0.0675,25781.2
1674374400000.0,0.0675,0.0702,0.0675,0.0685,290622.3
1674378000000.0,0.0684,0.0692,0.0682,0.0686,108905.8
1674381600000.0,0.0688,0.0697,0.0688,0.0696,31303.1
1674385200000.0,0.0696,0.0713,0.0691,0.0701,336652.7
1674388800000.0,0.07,0.0703,0.0692,0.0699,78255.2
1674392400000.0,0.07,0.07,0.0692,0.07,160428.9
1674396000000.0,0.0701,0.0705,0.0701,0.0704,48000.9
1674399600000.0,0.0705,0.0706,0.0684,0.07,60439.4
1674403200000.0,0.0699,0.0702,0.0694,0.0699,30402.3
1674406800000.0,0.0697,0.0723,0.0696,0.0713,302432.4
1674410400000.0,0.0712,0.0721,0.0702,0.0704,772302.6
1674414000000.0,0.0705,0.0706,0.0696,0.0699,106262.3
1674417600000.0,0.0698,0.0698,0.0675,0.0682,205586.6
1674421200000.0,0.0683,0.069,0.0677,0.069,51489.6
1674424800000.0,0.0689,0.0692,0.0686,0.0692,32665.8
1674428400000.0,0.0692,0.07,0.0692,0.07,16834.2
1674432000000.0,0.0701,0.0708,0.0697,0.0704,60745.4
1674435600000.0,0.0705,0.0711,0.0704,0.0705,11171.6
1674439200000.0,0.0706,0.071,0.0704,0.0708,9210.7
1674442800000.0,0.0707,0.0707,0.0698,0.07,19223.3
1674446400000.0,0.0698,0.0703,0.0698,0.0703,9083.3
1674450000000.0,0.0701,0.0701,0.0694,0.0695,10517.6
1674453600000.0,0.0696,0.0703,0.0695,0.0702,13831.3
1674457200000.0,0.0701,0.0701,0.0691,0.0693,24856.5
1674460800000.0,0.0694,0.0699,0.0692,0.0692,28598.1
1674464400000.0,0.0692,0.0702,0.0692,0.0702,157918.1
1674468000000.0,0.0703,0.0712,0.0703,0.0711,69401.5
1674471600000.0,0.0709,0.0716,0.0707,0.0714,276980.5
1674475200000.0,0.0713,0.0713,0.0702,0.0705,67651.9
1674478800000.0,0.0705,0.0707,0.0688,0.0697,77224.7
1674482400000.0,0.0696,0.0709,0.0687,0.0689,169117.5
1674486000000.0,0.0688,0.0705,0.0688,0.0702,39932.3
1674489600000.0,0.0704,0.0704,0.0697,0.0698,35767.2
1674493200000.0,0.0697,0.0711,0.0696,0.0711,35140.9
1674496800000.0,0.071,0.0718,0.0707,0.0707,211489.3
1674500400000.0,0.0707,0.0711,0.0701,0.0707,51753.1
1674504000000.0,0.0708,0.0711,0.0704,0.0711,75979.8
1674507600000.0,0.0709,0.0726,0.0709,0.0723,91975.6
1674511200000.0,0.072,0.0723,0.0717,0.0721,169232.8
1674514800000.0,0.0722,0.0724,0.0719,0.0719,116868.2
1674518400000.0,0.0718,0.0721,0.0709,0.0715,118222.2
1674522000000.0,0.0716,0.0729,0.0714,0.0729,31920.3
1674525600000.0,0.0727,0.0729,0.0723,0.0726,68645.2
1674529200000.0,0.0727,0.0737,0.0727,0.0736,178929.3
1674532800000.0,0.0733,0.0733,0.0728,0.0729,31130.0
1674536400000.0,0.0734,0.0735,0.073,0.073,6351.5
1674540000000.0,0.073,0.0748,0.0725,0.0726,141327.6
1674543600000.0,0.0726,0.0729,0.0723,0.0729,32217.3
1674547200000.0,0.0729,0.0729,0.0726,0.0726,25283.7
1674550800000.0,0.0726,0.0726,0.0719,0.0721,29898.1
1674554400000.0,0.0723,0.0729,0.0719,0.0723,123059.3
1674558000000.0,0.0723,0.0723,0.0719,0.0722,34180.9
1674561600000.0,0.0721,0.0732,0.0721,0.0732,52619.2
1674565200000.0,0.0732,0.0751,0.0722,0.0747,93579.9
1674568800000.0,0.0746,0.0761,0.0733,0.0742,113799.3
1674572400000.0,0.0741,0.0745,0.0732,0.0744,75208.0
1674576000000.0,0.074,0.074,0.0728,0.0731,98948.0
1674579600000.0,0.0729,0.0731,0.0721,0.0731,46255.3
1674583200000.0,0.0728,0.0735,0.0728,0.073,49074.0
1674586800000.0,0.0733,0.075,0.0731,0.0737,463820.9
1674590400000.0,0.0735,0.0735,0.0721,0.0728,122743.3
1674594000000.0,0.0729,0.0731,0.0696,0.0703,62245.0
1674597600000.0,0.0702,0.0707,0.0674,0.0691,108637.3
1674601200000.0,0.0689,0.0689,0.0675,0.0688,96043.6
1674604800000.0,0.0692,0.0693,0.0673,0.0683,133014.4
1674608400000.0,0.0685,0.0685,0.0665,0.0672,109283.2
1674612000000.0,0.0672,0.0682,0.0672,0.0676,44202.8
1674615600000.0,0.0678,0.0685,0.0678,0.0685,23541.1
1674619200000.0,0.0684,0.0687,0.0684,0.0684,53188.6
1674622800000.0,0.0686,0.0691,0.0686,0.069,16253.2
1674626400000.0,0.0689,0.07,0.0689,0.0699,36758.6
1674630000000.0,0.07,0.0705,0.0699,0.0703,75937.8
1674633600000.0,0.0705,0.0713,0.0705,0.0705,24223.2
1674637200000.0,0.0705,0.0705,0.0695,0.0695,17979.9
1674640800000.0,0.0694,0.0695,0.069,0.0695,5080.4
1674644400000.0,0.0695,0.0695,0.0689,0.0689,13725.7
1674648000000.0,0.0697,0.0702,0.0695,0.0702,7213.0
1674651600000.0,0.0702,0.0707,0.0699,0.0701,23579.9
1674655200000.0,0.0701,0.0702,0.0685,0.0686,24348.8
1674658800000.0,0.0685,0.0695,0.0684,0.0695,19969.8
1674662400000.0,0.0694,0.0699,0.0691,0.0698,22921.3
1674666000000.0,0.0697,0.0697,0.0688,0.0694,37982.0
1674669600000.0,0.0694,0.0699,0.0691,0.0699,13868.5
1674673200000.0,0.0698,0.0705,0.0697,0.0705,16360.1
1674676800000.0,0.0706,0.0709,0.0699,0.0703,76590.1
1674680400000.0,0.0704,0.0712,0.0694,0.0712,34130.2
1674684000000.0,0.0713,0.0718,0.069,0.0693,386149.1
1674687600000.0,0.0697,0.0702,0.0695,0.0701,47493.7
1674691200000.0,0.0704,0.0714,0.0704,0.0714,30187.5
1674694800000.0,0.0715,0.0717,0.071,0.071,3188.9
1674698400000.0,0.071,0.0711,0.0703,0.0705,71358.5
1674702000000.0,0.0706,0.0709,0.0702,0.0704,233832.3
1674705600000.0,0.0705,0.071,0.0702,0.071,48699.3
1674709200000.0,0.071,0.0715,0.0708,0.0715,46651.6
1674712800000.0,0.0716,0.0718,0.0702,0.071,58482.2
1674716400000.0,0.0709,0.0709,0.0702,0.0705,25263.4
1674720000000.0,0.0705,0.071,0.0705,0.0709,29669.2
1674723600000.0,0.071,0.0711,0.0701,0.0705,93444.1
1674727200000.0,0.0704,0.0704,0.0695,0.07,26017.6
1674730800000.0,0.0699,0.0703,0.0699,0.07,4989.7
1674734400000.0,0.0701,0.0705,0.0698,0.0702,8174.4
1674738000000.0,0.0702,0.0709,0.0693,0.0708,31487.8
1674741600000.0,0.0707,0.0713,0.0699,0.0701,67749.7
1674745200000.0,0.0702,0.0708,0.0693,0.0694,40554.1
1674748800000.0,0.0697,0.0698,0.0684,0.0698,22538.3
1674752400000.0,0.0699,0.0705,0.0698,0.0705,36259.7
1674756000000.0,0.0706,0.0708,0.0702,0.0702,31717.3
1674759600000.0,0.0701,0.0704,0.0698,0.0702,9850.3
1674763200000.0,0.0702,0.0706,0.0701,0.0701,15423.0
1674766800000.0,0.0701,0.0705,0.0695,0.0702,745131.9
1674770400000.0,0.0702,0.0705,0.0701,0.0704,68469.0
1674774000000.0,0.0703,0.0707,0.07,0.0705,77106.7
1674777600000.0,0.0708,0.0712,0.0699,0.0701,80014.5
1674781200000.0,0.0704,0.0704,0.0687,0.0695,95480.8
1674784800000.0,0.0696,0.0698,0.0695,0.0698,17220.7
1674788400000.0,0.0699,0.0703,0.0698,0.07,13868.5
1674792000000.0,0.0701,0.0707,0.0701,0.0705,9910.2
1674795600000.0,0.0704,0.0715,0.0704,0.0715,11671.3
1674799200000.0,0.0716,0.072,0.0715,0.072,20632.2
1674802800000.0,0.0721,0.0726,0.0715,0.0724,36220.4
1674806400000.0,0.0723,0.0729,0.072,0.072,46512.5
1674810000000.0,0.072,0.0727,0.0719,0.0726,27169.7
1674813600000.0,0.0726,0.0728,0.0721,0.0722,24627.1
1674817200000.0,0.0721,0.0727,0.0721,0.0727,20256.7
1674820800000.0,0.0725,0.0726,0.0719,0.0721,43733.2
1674824400000.0,0.072,0.0724,0.0713,0.0721,72959.7
1674828000000.0,0.0721,0.0724,0.0714,0.0722,24914.0
1674831600000.0,0.0721,0.0731,0.0721,0.0722,35108.0
1674835200000.0,0.0722,0.0728,0.0722,0.0728,24501.2
1674838800000.0,0.0727,0.0734,0.0727,0.0731,91541.4
1674842400000.0,0.073,0.0736,0.0729,0.0736,30484.6
1674846000000.0,0.0734,0.0737,0.0731,0.0737,14031.2
1674849600000.0,0.0739,0.0739,0.0727,0.0733,33393.6
1674853200000.0,0.0734,0.0738,0.0734,0.0735,45042.3
1674856800000.0,0.0732,0.0736,0.073,0.0735,39851.8
1674860400000.0,0.0735,0.0748,0.0735,0.0743,63039.1
1674864000000.0,0.0743,0.0743,0.0732,0.0738,77012.2
1674867600000.0,0.0739,0.0739,0.0733,0.0733,26850.1
1674871200000.0,0.0733,0.0735,0.0731,0.0732,59166.8
1674874800000.0,0.0731,0.0733,0.0731,0.0733,10272.6
1674878400000.0,0.0734,0.0735,0.0733,0.0735,7346.4
1674882000000.0,0.0734,0.0734,0.0731,0.0734,16735.2
1674885600000.0,0.0735,0.0738,0.0728,0.0728,20004.7
1674889200000.0,0.0726,0.0727,0.0718,0.0727,33170.8
1674892800000.0,0.0725,0.0725,0.0722,0.0722,13132.5
1674896400000.0,0.0722,0.0723,0.072,0.0722,8781.0
1674900000000.0,0.0723,0.0723,0.0718,0.0718,31900.1
1674903600000.0,0.0719,0.0721,0.0718,0.072,10037.1
1674907200000.0,0.072,0.072,0.0713,0.0713,34332.5
1674910800000.0,0.0712,0.0712,0.0703,0.0709,96695.2
1674914400000.0,0.0708,0.071,0.0705,0.0705,32337.9
1674918000000.0,0.0704,0.0715,0.0704,0.0713,18865.5
1674921600000.0,0.0712,0.0722,0.0711,0.0712,238248.6
1674925200000.0,0.0712,0.0713,0.0706,0.071,23179.3
1674928800000.0,0.0711,0.0711,0.0708,0.0708,29080.4
1674932400000.0,0.071,0.0714,0.071,0.0713,37747.8
1674936000000.0,0.0712,0.0713,0.0704,0.0704,26648.9
1674939600000.0,0.0705,0.071,0.0705,0.0706,102787.5
1674943200000.0,0.0706,0.0708,0.0703,0.0706,36470.5
1674946800000.0,0.0706,0.0712,0.0705,0.0709,5909.7
1674950400000.0,0.0709,0.0718,0.0706,0.0718,11933.6
1674954000000.0,0.0722,0.0725,0.0719,0.0722,18198.0
1674957600000.0,0.0722,0.0722,0.0714,0.0716,19084.0
1674961200000.0,0.0716,0.0719,0.0715,0.0719,10747.9
1674964800000.0,0.072,0.072,0.0716,0.0718,9477.6
1674968400000.0,0.0718,0.0719,0.0715,0.0716,130063.8
1674972000000.0,0.0716,0.072,0.0715,0.0715,99989.4
1674975600000.0,0.0715,0.0715,0.071,0.0711,219161.5
1674979200000.0,0.0712,0.0712,0.0709,0.0709,560.4
1674982800000.0,0.0711,0.0713,0.0711,0.0713,11852.2
1674986400000.0,0.0714,0.0717,0.0714,0.0717,5872.5
1674990000000.0,0.0719,0.0719,0.0714,0.0715,11639.1
1674993600000.0,0.0714,0.0721,0.0713,0.0721,30944.8
1674997200000.0,0.0721,0.0722,0.0719,0.0721,5406.2
1675000800000.0,0.072,0.0723,0.0717,0.0721,4497.2
1675004400000.0,0.072,0.0723,0.072,0.0722,8374.9
1675008000000.0,0.0721,0.0722,0.0718,0.0722,10921.2
1675011600000.0,0.0723,0.0726,0.0722,0.0724,14969.6
1675015200000.0,0.0724,0.0726,0.0723,0.0726,82613.1
1675018800000.0,0.0726,0.0729,0.0726,0.0726,24283.8
1675022400000.0,0.0725,0.073,0.0724,0.0725,25778.6
1675026000000.0,0.0724,0.073,0.0724,0.0729,6942.2
1675029600000.0,0.0729,0.0731,0.0725,0.0728,113240.2
1675033200000.0,0.0729,0.0733,0.0727,0.0729,30589.7
1675036800000.0,0.073,0.0736,0.073,0.0734,67337.8
1675040400000.0,0.0734,0.0734,0.0724,0.0728,19911.5
1675044000000.0,0.0727,0.0727,0.0717,0.0726,36862.6
1675047600000.0,0.0727,0.0731,0.0726,0.0731,52730.8
1675051200000.0,0.0733,0.0736,0.0729,0.0729,66924.5
1675054800000.0,0.0728,0.0728,0.0725,0.0726,11259.7
1675058400000.0,0.0725,0.0725,0.0723,0.0723,1069.9
1675062000000.0,0.0722,0.0724,0.0717,0.0723,58144.2
1675065600000.0,0.0722,0.0726,0.0716,0.0716,28127.6
1675069200000.0,0.0715,0.0715,0.0687,0.0687,53032.7
1675072800000.0,0.0686,0.0702,0.0684,0.0698,47636.5
1675076400000.0,0.0699,0.0699,0.0695,0.0695,16045.5
1675080000000.0,0.07,0.0702,0.0697,0.0702,29347.7
1675083600000.0,0.0704,0.0708,0.0701,0.0704,33629.4
1675087200000.0,0.0703,0.0737,0.0703,0.0734,151385.1
1675090800000.0,0.0735,0.0735,0.0721,0.0728,100069.2
1675094400000.0,0.0727,0.0736,0.0723,0.0736,126117.7
1675098000000.0,0.0734,0.0744,0.0726,0.0726,476287.8
1675101600000.0,0.0724,0.0724,0.0715,0.0716,30640.9
1675105200000.0,0.0715,0.0715,0.0681,0.0686,200957.7
1675108800000.0,0.0684,0.0686,0.0676,0.0685,37080.7
1675112400000.0,0.0686,0.0686,0.0682,0.0685,41900.2
1675116000000.0,0.0682,0.0685,0.0676,0.0685,26555.7
1675119600000.0,0.0683,0.0689,0.0683,0.0689,31165.3
1675123200000.0,0.069,0.0691,0.0685,0.0691,24453.1
1675126800000.0,0.0691,0.0696,0.0687,0.0696,23770.9
1675130400000.0,0.0696,0.0704,0.0696,0.0704,20542.4
1675134000000.0,0.0701,0.0702,0.0698,0.07,24025.7
1675137600000.0,0.07,0.0707,0.07,0.0707,7144.8
1675141200000.0,0.0707,0.0709,0.0699,0.0699,11173.5
1675144800000.0,0.0698,0.0705,0.0694,0.0705,37305.3
1675148400000.0,0.071,0.071,0.071,0.071,2589.7
1675152000000.0,0.0707,0.0707,0.0707,0.0707,582.7
1675155600000.0,0.0708,0.071,0.0706,0.071,20577.8
1675159200000.0,0.071,0.0714,0.0705,0.0707,41193.4
1675162800000.0,0.0708,0.0716,0.0708,0.0714,21316.7
1675166400000.0,0.0715,0.0719,0.0713,0.0716,16569.6
1675170000000.0,0.0716,0.0745,0.0716,0.0728,96298.5
1675173600000.0,0.0728,0.0734,0.0725,0.0728,206107.4
1675177200000.0,0.0727,0.0731,0.0726,0.0728,41815.9
1675180800000.0,0.0729,0.0734,0.0727,0.0731,57500.2
1675184400000.0,0.0731,0.0737,0.073,0.0737,123908.7
1675188000000.0,0.0737,0.0768,0.0736,0.076,278398.5
1675191600000.0,0.076,0.0786,0.0756,0.0758,1887410.3
1675195200000.0,0.0758,0.0762,0.073,0.0738,1204843.9
1675198800000.0,0.0738,0.074,0.0726,0.0734,254533.1
1675202400000.0,0.0736,0.0736,0.0725,0.0734,44784.0
1675206000000.0,0.0733,0.0742,0.0731,0.074,38863.3
1675209600000.0,0.0741,0.0748,0.0733,0.0748,43098.4
1675213200000.0,0.0747,0.0754,0.0747,0.0752,35372.7
1675216800000.0,0.0751,0.0754,0.075,0.0754,84618.9
1675220400000.0,0.0753,0.0764,0.0753,0.0763,113972.3
1675224000000.0,0.0762,0.0766,0.0755,0.0755,161911.6
1675227600000.0,0.0755,0.0755,0.0747,0.075,26080.1
1675231200000.0,0.075,0.075,0.0734,0.0734,6794.5
1675234800000.0,0.0737,0.0749,0.0737,0.0749,10782.7
1675238400000.0,0.0749,0.0749,0.0736,0.0744,2567.4
1675242000000.0,0.074,0.0746,0.0739,0.0743,17571.6
1675245600000.0,0.0743,0.0749,0.0742,0.0749,1439.1
1675249200000.0,0.0752,0.0756,0.0752,0.0752,20105.9
1675252800000.0,0.0753,0.0763,0.0751,0.0751,141075.6
1675256400000.0,0.0752,0.0759,0.0747,0.0748,27169.0
1675260000000.0,0.0748,0.0755,0.0743,0.0747,39835.2
1675263600000.0,0.0746,0.075,0.0722,0.0725,86113.9
1675267200000.0,0.0726,0.0737,0.0724,0.0728,54900.9
1675270800000.0,0.0728,0.0735,0.0724,0.0733,10785.8
1675274400000.0,0.0731,0.0742,0.0725,0.0742,122089.5
1675278000000.0,0.0746,0.0774,0.0738,0.0771,251421.4
1675281600000.0,0.0773,0.0787,0.0761,0.0786,112719.1
1675285200000.0,0.0789,0.08,0.078,0.0784,265863.7
1675288800000.0,0.0784,0.0787,0.0779,0.0785,44395.2
1675292400000.0,0.0784,0.0788,0.0778,0.0779,15136.9
1675296000000.0,0.078,0.0786,0.0778,0.0782,94280.6
1675299600000.0,0.078,0.0782,0.0779,0.0781,23289.3
1675303200000.0,0.078,0.0783,0.0779,0.0782,2208.4
1675306800000.0,0.0782,0.0785,0.0779,0.0785,16753.0
1675310400000.0,0.0786,0.079,0.0786,0.0789,3173.7
1675314000000.0,0.079,0.0797,0.079,0.0796,46647.3
1675317600000.0,0.0797,0.0806,0.079,0.0795,102622.3
1675321200000.0,0.0796,0.0798,0.0787,0.0791,42796.1
1675324800000.0,0.0791,0.0796,0.0791,0.0793,13632.1
1675328400000.0,0.0791,0.0856,0.0789,0.0856,212841.5
1675332000000.0,0.0853,0.1124,0.0847,0.1039,4474590.6
1675335600000.0,0.1044,0.11,0.0996,0.1026,5557742.2
1675339200000.0,0.1025,0.1062,0.0977,0.1033,1540512.0
1675342800000.0,0.1038,0.1079,0.1014,0.1049,1942927.3
1675346400000.0,0.1044,0.1065,0.1005,0.1016,951199.7
1675350000000.0,0.1018,0.105,0.1004,0.104,1220667.0
1675353600000.0,0.1041,0.1055,0.1017,0.1028,1151109.3
1675357200000.0,0.1024,0.1034,0.1005,0.1023,976631.9
1675360800000.0,0.1026,0.1084,0.1023,0.1035,1714531.0
1675364400000.0,0.1037,0.1048,0.1005,0.1035,984084.4
1675368000000.0,0.1041,0.1119,0.1025,0.1067,1043762.5
1675371600000.0,0.1064,0.1074,0.1002,0.1003,1991806.9
1675375200000.0,0.1003,0.1029,0.1,0.102,1410864.0
1675378800000.0,0.1021,0.104,0.0954,0.0963,1032865.3
1675382400000.0,0.0963,0.0963,0.091,0.0933,3057868.0
1675386000000.0,0.0932,0.0935,0.0857,0.0888,1652483.5
1675389600000.0,0.0888,0.0903,0.0877,0.0886,584332.0
1675393200000.0,0.0884,0.089,0.0868,0.089,310205.3
1675396800000.0,0.0888,0.0905,0.0881,0.09,485261.7
1675400400000.0,0.0903,0.0972,0.09,0.0917,1205917.3
1675404000000.0,0.0916,0.0931,0.0859,0.0898,1260830.4
1675407600000.0,0.0898,0.0901,0.0882,0.0888,630562.1
1675411200000.0,0.0897,0.0897,0.0882,0.0893,309144.5
1675414800000.0,0.0892,0.0903,0.0889,0.0891,986671.7
1675418400000.0,0.0893,0.091,0.089,0.0904,738718.7
1675422000000.0,0.0904,0.0909,0.0895,0.0909,261462.2
1675425600000.0,0.0909,0.0917,0.09,0.0909,282497.2
1675429200000.0,0.091,0.0911,0.0889,0.0902,299558.9
1675432800000.0,0.0901,0.0922,0.0898,0.0914,343487.1
1675436400000.0,0.0916,0.093,0.0905,0.0923,445206.8
1675440000000.0,0.0926,0.094,0.0919,0.0922,280239.0
1675443600000.0,0.0919,0.0935,0.0914,0.0925,337011.8
1675447200000.0,0.0929,0.094,0.0926,0.0936,310651.3
1675450800000.0,0.0937,0.0938,0.0923,0.0928,223603.9
1675454400000.0,0.093,0.0939,0.0926,0.0929,284982.1
1675458000000.0,0.0929,0.0932,0.0891,0.0909,522247.0
1675461600000.0,0.0909,0.094,0.0909,0.0936,904469.7
1675465200000.0,0.0935,0.0947,0.0929,0.0946,223897.3
1675468800000.0,0.0946,0.098,0.0933,0.0935,667336.3
1675472400000.0,0.0935,0.0955,0.0931,0.0942,563148.5
1675476000000.0,0.0941,0.0944,0.0922,0.0928,259641.0
1675479600000.0,0.0928,0.093,0.092,0.093,133076.3
1675483200000.0,0.093,0.0935,0.09,0.0924,916182.2
1675486800000.0,0.0927,0.0927,0.0908,0.0923,223700.9
1675490400000.0,0.0925,0.0932,0.0921,0.0922,113200.5
1675494000000.0,0.0923,0.0926,0.0915,0.0918,106446.6
1675497600000.0,0.092,0.0929,0.092,0.0921,63698.3
1675501200000.0,0.0923,0.0928,0.0921,0.0923,363487.1
1675504800000.0,0.0923,0.0924,0.0918,0.092,41664.5
1675508400000.0,0.0918,0.0929,0.0918,0.0928,165089.9
1675512000000.0,0.0927,0.0961,0.0927,0.0949,605982.5
1675515600000.0,0.0949,0.0951,0.0937,0.0947,257469.2
1675519200000.0,0.0949,0.095,0.094,0.0948,91025.9
1675522800000.0,0.0948,0.0954,0.0944,0.0953,23176.9
1675526400000.0,0.0953,0.0967,0.0941,0.0944,225739.9
1675530000000.0,0.0944,0.0956,0.0942,0.0956,54632.8
1675533600000.0,0.0957,0.0975,0.0951,0.0952,387307.0
1675537200000.0,0.0956,0.096,0.0951,0.0953,115596.9
1675540800000.0,0.0955,0.0966,0.0955,0.0962,59274.4
1675544400000.0,0.096,0.0967,0.095,0.0964,172162.3
1675548000000.0,0.0963,0.097,0.0957,0.0958,67741.1
1675551600000.0,0.0958,0.0962,0.0943,0.0955,187984.3
1675555200000.0,0.0957,0.0979,0.0941,0.0945,470073.6
1675558800000.0,0.0948,0.0974,0.0948,0.0965,123181.6
1675562400000.0,0.0964,0.0972,0.0954,0.0958,286683.8
1675566000000.0,0.0956,0.0964,0.0953,0.0962,264669.4
1675569600000.0,0.0961,0.0967,0.0957,0.0967,126408.6
1675573200000.0,0.0969,0.0972,0.096,0.0961,170535.5
1675576800000.0,0.096,0.0963,0.0952,0.0952,14255.3
1675580400000.0,0.0952,0.0957,0.0951,0.0956,3345.4
1675584000000.0,0.0956,0.0961,0.0955,0.096,6707.6
1675587600000.0,0.0958,0.0958,0.0945,0.0945,551181.8
1675591200000.0,0.0946,0.0946,0.0938,0.0939,123663.5
1675594800000.0,0.0936,0.0938,0.0916,0.0926,80076.7
1675598400000.0,0.0926,0.093,0.0815,0.086,1149287.7
1675602000000.0,0.0862,0.0882,0.086,0.0868,1052922.1
1675605600000.0,0.0871,0.0873,0.0859,0.0867,201048.6
1675609200000.0,0.0865,0.0869,0.0858,0.0863,567397.4
1675612800000.0,0.0864,0.087,0.0855,0.0862,105339.4
1675616400000.0,0.086,0.0872,0.0852,0.0865,142286.8
1675620000000.0,0.0867,0.0878,0.0864,0.087,180185.9
1675623600000.0,0.0871,0.0874,0.0866,0.0872,72828.2
1675627200000.0,0.0872,0.0874,0.0864,0.0866,110952.1
1675630800000.0,0.0866,0.0868,0.0859,0.0866,137378.1
1675634400000.0,0.0867,0.088,0.0866,0.0877,55253.5
1675638000000.0,0.0879,0.0884,0.0873,0.0882,243833.5
1675641600000.0,0.0885,0.0919,0.0885,0.0915,114898.5
1675645200000.0,0.0917,0.0934,0.0912,0.0922,201084.0
1675648800000.0,0.0928,0.0981,0.0922,0.0922,518955.7
1675652400000.0,0.0927,0.095,0.0927,0.0945,201578.5
1675656000000.0,0.0948,0.095,0.0931,0.0931,139460.7
1675659600000.0,0.0933,0.0945,0.0923,0.0945,288045.6
1675663200000.0,0.094,0.0942,0.093,0.0934,196430.6
1675666800000.0,0.0935,0.0943,0.093,0.0943,223845.3
1675670400000.0,0.0943,0.0955,0.0939,0.0947,308950.5
1675674000000.0,0.0948,0.0949,0.0935,0.0941,112828.0
1675677600000.0,0.0939,0.0939,0.0927,0.0929,95567.6
1675681200000.0,0.093,0.0938,0.0922,0.0937,69502.0
1675684800000.0,0.0937,0.0948,0.0932,0.0933,185663.2
1675688400000.0,0.0932,0.0937,0.0922,0.0922,212528.8
1675692000000.0,0.0922,0.0935,0.0922,0.0934,161343.9
1675695600000.0,0.0931,0.0933,0.0915,0.0931,213210.0
1675699200000.0,0.0928,0.0945,0.0913,0.0925,288377.1
1675702800000.0,0.0924,0.093,0.0906,0.0913,275004.5
1675706400000.0,0.0914,0.0918,0.0906,0.0909,169122.1
1675710000000.0,0.0908,0.0913,0.0907,0.0908,87603.7
1675713600000.0,0.0908,0.0912,0.0906,0.0907,46927.9
1675717200000.0,0.0906,0.0908,0.0893,0.0897,186171.4
1675720800000.0,0.0899,0.0903,0.0895,0.0895,25358.2
1675724400000.0,0.0893,0.0893,0.0872,0.0886,162131.0
1675728000000.0,0.0886,0.0902,0.0886,0.09,298100.1
1675731600000.0,0.09,0.0903,0.0892,0.0899,53839.0
1675735200000.0,0.0896,0.0896,0.0879,0.0881,276380.7
1675738800000.0,0.0883,0.0889,0.0881,0.0887,270204.2
1675742400000.0,0.089,0.0903,0.0889,0.0902,91846.2
1675746000000.0,0.0904,0.0913,0.0903,0.0911,123703.1
1675749600000.0,0.0911,0.093,0.0911,0.0929,738277.4
1675753200000.0,0.0925,0.093,0.0918,0.0924,625230.8
1675756800000.0,0.0923,0.0926,0.0907,0.0922,397834.8
1675760400000.0,0.092,0.0939,0.092,0.0926,149400.6
1675764000000.0,0.0925,0.0927,0.0916,0.0916,114852.8
1675767600000.0,0.0916,0.0926,0.0915,0.0923,161772.0
1675771200000.0,0.0924,0.0927,0.0912,0.0917,144330.7
1675774800000.0,0.0916,0.0924,0.0908,0.0922,159485.3
1675778400000.0,0.0925,0.1023,0.0925,0.095,2908386.6
1675782000000.0,0.095,0.1024,0.0946,0.1015,2297696.8
1675785600000.0,0.1015,0.1067,0.0992,0.1054,1284372.8
1675789200000.0,0.1055,0.1095,0.1024,0.1071,1919115.5
1675792800000.0,0.1072,0.1104,0.1051,0.1086,2318392.5
1675796400000.0,0.1087,0.1132,0.1077,0.1121,2403073.8
1675800000000.0,0.1118,0.1118,0.1079,0.1095,899374.8
1675803600000.0,0.1095,0.1098,0.1069,0.107,503986.3
1675807200000.0,0.1069,0.1076,0.1062,0.1071,362748.7
1675810800000.0,0.1071,0.1091,0.1064,0.1073,898835.7
1675814400000.0,0.1072,0.1219,0.1072,0.1174,4980680.9
1675818000000.0,0.1174,0.1249,0.1168,0.1218,4511410.4
1675821600000.0,0.1215,0.1255,0.1197,0.1222,3211976.1
1675825200000.0,0.1224,0.1227,0.1177,0.1183,1624757.8
1675828800000.0,0.1184,0.1186,0.1161,0.1163,991878.1
1675832400000.0,0.1166,0.1197,0.115,0.1176,846004.3
1675836000000.0,0.1176,0.1194,0.1124,0.1133,1080159.4
1675839600000.0,0.1132,0.1295,0.1131,0.1269,2611822.8
1675843200000.0,0.127,0.1296,0.1212,0.122,1348196.9
1675846800000.0,0.1222,0.1223,0.1164,0.1206,2968454.6
1675850400000.0,0.1206,0.1206,0.117,0.1184,993233.5
1675854000000.0,0.1182,0.1212,0.1173,0.1193,568880.3
1675857600000.0,0.119,0.1197,0.1161,0.117,964706.1
1675861200000.0,0.117,0.1186,0.1165,0.118,692332.9
1675864800000.0,0.1177,0.1197,0.1162,0.1175,871288.6
1675868400000.0,0.1176,0.1176,0.1126,0.1133,1256800.5
1675872000000.0,0.1131,0.1131,0.1041,0.1058,1119186.2
1675875600000.0,0.1055,0.1066,0.1047,0.1049,678015.8
1675879200000.0,0.1046,0.1048,0.1005,0.1017,958439.3
1675882800000.0,0.1016,0.1027,0.1003,0.1008,444386.1
1675886400000.0,0.1007,0.1012,0.1,0.1004,184431.5
1675890000000.0,0.1003,0.1008,0.1003,0.1004,227195.7
1675893600000.0,0.1006,0.1026,0.0999,0.1024,253024.1
1675897200000.0,0.1026,0.1041,0.1021,0.1041,273727.1
1675900800000.0,0.1042,0.1085,0.1042,0.1068,1422214.5
1675904400000.0,0.1065,0.1067,0.105,0.1061,228896.3
1675908000000.0,0.1062,0.1063,0.1008,0.1009,726946.1
1675911600000.0,0.1011,0.1011,0.0936,0.0972,1651440.5
1675915200000.0,0.0976,0.1001,0.0974,0.099,393957.9
1675918800000.0,0.0989,0.1002,0.0979,0.1002,316168.2
1675922400000.0,0.1002,0.1015,0.0999,0.1014,386038.7
1675926000000.0,0.1014,0.1026,0.1005,0.1019,407788.7
1675929600000.0,0.102,0.1043,0.102,0.1029,206594.4
1675933200000.0,0.1029,0.1029,0.1012,0.1018,243387.5
1675936800000.0,0.1018,0.1018,0.1005,0.1011,236534.3
1675940400000.0,0.101,0.1012,0.0999,0.1004,298280.7
1675944000000.0,0.1005,0.1012,0.0991,0.1002,273693.5
1675947600000.0,0.1003,0.1016,0.1001,0.1015,181454.6
1675951200000.0,0.1017,0.1025,0.1006,0.1013,746886.7
1675954800000.0,0.1015,0.1017,0.098,0.0981,637237.5
1675958400000.0,0.0982,0.0984,0.0961,0.0968,261933.2
1675962000000.0,0.0969,0.0979,0.0956,0.0966,199730.4
1675965600000.0,0.0965,0.0972,0.0956,0.0959,462351.5
1675969200000.0,0.0958,0.0958,0.0903,0.0927,1475323.0
1675972800000.0,0.0927,0.0927,0.0911,0.0914,577751.3
1675976400000.0,0.0913,0.0913,0.0879,0.0895,933777.7
1675980000000.0,0.0896,0.0898,0.0843,0.0865,357097.0
1675983600000.0,0.0869,0.0874,0.0866,0.087,142957.3
1675987200000.0,0.0874,0.089,0.0862,0.0864,499384.7
1675990800000.0,0.0863,0.0881,0.0863,0.0876,487797.5
1675994400000.0,0.0877,0.0887,0.0872,0.0884,118128.6
1675998000000.0,0.0883,0.0883,0.0868,0.087,128772.0
1676001600000.0,0.0873,0.088,0.0863,0.087,454941.0
1676005200000.0,0.087,0.0875,0.0854,0.0865,421325.5
1676008800000.0,0.0864,0.0887,0.0864,0.0883,363074.3
1676012400000.0,0.0885,0.0885,0.0864,0.087,388361.8
1676016000000.0,0.0872,0.0879,0.0865,0.0876,227623.5
1676019600000.0,0.0876,0.0879,0.0865,0.0865,252303.8
1676023200000.0,0.0866,0.087,0.0856,0.0864,118572.7
1676026800000.0,0.0863,0.0863,0.0834,0.0843,482381.2
1676030400000.0,0.0848,0.086,0.0845,0.0846,165775.9
1676034000000.0,0.085,0.0862,0.085,0.0855,252371.6
1676037600000.0,0.0855,0.0869,0.085,0.0863,357713.1
1676041200000.0,0.0862,0.0871,0.0837,0.0849,458297.7
1676044800000.0,0.0849,0.086,0.0844,0.085,252763.7
1676048400000.0,0.0849,0.0855,0.0829,0.0855,373358.2
1676052000000.0,0.0855,0.0861,0.085,0.0855,105773.5
1676055600000.0,0.0855,0.0865,0.085,0.0859,277968.3
1676059200000.0,0.0859,0.086,0.0852,0.0855,95747.3
1676062800000.0,0.0853,0.0854,0.0834,0.084,83850.9
1676066400000.0,0.0843,0.0849,0.0838,0.0842,15718.9
1676070000000.0,0.0842,0.0857,0.0841,0.0857,72265.6
1676073600000.0,0.0859,0.0868,0.0851,0.0858,126426.2
1676077200000.0,0.086,0.0863,0.0849,0.0852,36625.2
1676080800000.0,0.0852,0.0869,0.0851,0.0865,9788.3
1676084400000.0,0.0865,0.0877,0.0865,0.087,74987.3
1676088000000.0,0.087,0.0875,0.0867,0.0867,47396.7
1676091600000.0,0.0867,0.087,0.0862,0.0864,42519.0
1676095200000.0,0.0865,0.0866,0.0857,0.0859,19895.5
1676098800000.0,0.0861,0.0864,0.0854,0.0863,40022.3
1676102400000.0,0.086,0.0863,0.0856,0.0856,1653.7
1676106000000.0,0.0856,0.0859,0.0853,0.0859,11257.6
1676109600000.0,0.0859,0.0859,0.085,0.0855,11104.0
1676113200000.0,0.0856,0.0861,0.0856,0.086,13317.2
1676116800000.0,0.0865,0.0877,0.0863,0.0869,262792.0
1676120400000.0,0.087,0.0876,0.0867,0.0875,125240.3
1676124000000.0,0.0876,0.0899,0.0876,0.0884,306659.1
1676127600000.0,0.0886,0.0908,0.0883,0.0899,145979.6
1676131200000.0,0.0896,0.0898,0.0874,0.088,185668.0
1676134800000.0,0.0881,0.0881,0.0873,0.0873,31918.8
1676138400000.0,0.0874,0.0881,0.0869,0.0874,60594.2
1676142000000.0,0.0875,0.088,0.0875,0.0876,3428.3
1676145600000.0,0.0874,0.0881,0.0874,0.0879,2648.4
1676149200000.0,0.088,0.089,0.0878,0.089,27790.7
1676152800000.0,0.0889,0.0897,0.0888,0.0894,8175.0
1676156400000.0,0.0892,0.0898,0.0892,0.0894,105065.8
1676160000000.0,0.0895,0.0913,0.0895,0.0902,758444.8
1676163600000.0,0.0901,0.0909,0.09,0.0905,23389.3
1676167200000.0,0.0902,0.0908,0.0898,0.0904,211319.3
1676170800000.0,0.0903,0.091,0.09,0.091,204082.0
1676174400000.0,0.0908,0.091,0.09,0.0902,80228.9
1676178000000.0,0.0902,0.0906,0.0897,0.0904,113158.8
1676181600000.0,0.0904,0.0926,0.0902,0.0909,487723.6
1676185200000.0,0.0908,0.0908,0.0899,0.0899,205112.6
1676188800000.0,0.0899,0.0908,0.0896,0.09,190007.0
1676192400000.0,0.09,0.0915,0.0899,0.0907,70707.8
1676196000000.0,0.0906,0.093,0.0901,0.0924,218914.2
1676199600000.0,0.0924,0.0954,0.0924,0.0939,697539.2
1676203200000.0,0.0938,0.0947,0.0925,0.0928,600985.4
1676206800000.0,0.0928,0.0934,0.091,0.0913,296225.1
1676210400000.0,0.0915,0.0915,0.089,0.0904,242502.3
1676214000000.0,0.0905,0.0905,0.0883,0.09,183629.7
1676217600000.0,0.0899,0.0903,0.089,0.0901,196378.4
1676221200000.0,0.0901,0.0909,0.0901,0.0904,56591.3
1676224800000.0,0.0904,0.0912,0.0904,0.0906,71912.6
1676228400000.0,0.0902,0.0909,0.09,0.0904,45081.2
1676232000000.0,0.0906,0.0909,0.0902,0.0904,76799.6
1676235600000.0,0.0901,0.0903,0.0874,0.0875,445705.4
1676239200000.0,0.0878,0.0883,0.0857,0.0883,116466.9
1676242800000.0,0.0883,0.0884,0.0874,0.0884,44296.4
1676246400000.0,0.0884,0.0894,0.0882,0.0884,62438.6
1676250000000.0,0.0879,0.0879,0.0861,0.0867,51554.3
1676253600000.0,0.087,0.087,0.085,0.0869,144970.5
1676257200000.0,0.0868,0.0871,0.0862,0.087,75150.1
1676260800000.0,0.0872,0.0874,0.0864,0.087,64262.7
1676264400000.0,0.0868,0.0869,0.0863,0.0864,55516.9
1676268000000.0,0.0865,0.0868,0.0859,0.0859,77106.7
1676271600000.0,0.0859,0.0869,0.0855,0.0856,234718.3
1676275200000.0,0.0854,0.0854,0.0822,0.0822,363033.5
1676278800000.0,0.0824,0.083,0.0803,0.0815,295455.1
1676282400000.0,0.0816,0.0821,0.0807,0.0816,120796.6
1676286000000.0,0.0815,0.082,0.0811,0.0812,129902.0
1676289600000.0,0.0812,0.0823,0.081,0.0815,228430.9
1676293200000.0,0.0816,0.0816,0.0799,0.0801,240268.1
1676296800000.0,0.0802,0.0809,0.0798,0.0808,204506.8
1676300400000.0,0.0805,0.0807,0.0799,0.0799,103622.4
1676304000000.0,0.0796,0.0801,0.0779,0.0789,252433.0
1676307600000.0,0.0787,0.0791,0.0777,0.0788,435078.5
1676311200000.0,0.0789,0.0804,0.0789,0.0799,225044.3
1676314800000.0,0.0801,0.0804,0.0798,0.0803,68552.4
1676318400000.0,0.0801,0.0806,0.0801,0.0802,58894.9
1676322000000.0,0.08,0.0802,0.0797,0.0797,35583.2
1676325600000.0,0.0797,0.0806,0.0794,0.0805,15737.9
1676329200000.0,0.0806,0.0819,0.0804,0.0817,102386.7
1676332800000.0,0.0817,0.0826,0.0813,0.0813,103849.3
1676336400000.0,0.0811,0.0813,0.0806,0.0807,96982.4
1676340000000.0,0.0807,0.0811,0.0805,0.0806,36400.0
1676343600000.0,0.0807,0.0809,0.0799,0.0803,15529.0
1676347200000.0,0.0801,0.0806,0.0799,0.08,22492.3
1676350800000.0,0.0801,0.0805,0.0801,0.0803,72619.4
1676354400000.0,0.0803,0.082,0.08,0.0806,443833.8
1676358000000.0,0.0805,0.0814,0.0805,0.081,117721.4
1676361600000.0,0.081,0.081,0.0796,0.0798,109500.5
1676365200000.0,0.08,0.0814,0.0798,0.0812,130684.6
1676368800000.0,0.0812,0.0841,0.0811,0.0833,162264.6
1676372400000.0,0.0833,0.0834,0.0822,0.0825,107453.2
1676376000000.0,0.0823,0.084,0.0818,0.0828,597698.2
1676379600000.0,0.0824,0.0898,0.0816,0.0882,1370395.5
1676383200000.0,0.088,0.0885,0.0847,0.0881,841639.1
1676386800000.0,0.0882,0.0886,0.0858,0.0863,549581.8
1676390400000.0,0.0863,0.0868,0.0851,0.0855,118334.3
1676394000000.0,0.0857,0.0868,0.0857,0.0864,123211.3
1676397600000.0,0.0865,0.0881,0.0864,0.088,174210.2
1676401200000.0,0.088,0.0887,0.0877,0.0887,78575.7
1676404800000.0,0.0889,0.0889,0.0883,0.0888,104882.5
1676408400000.0,0.0886,0.0887,0.0875,0.0887,813808.3
1676412000000.0,0.0887,0.0895,0.0884,0.089,75187.9
1676415600000.0,0.0891,0.0905,0.0888,0.0902,308395.4
1676419200000.0,0.0899,0.09,0.0881,0.0887,164266.5
1676422800000.0,0.0887,0.089,0.0879,0.0879,44909.5
1676426400000.0,0.0877,0.0887,0.0877,0.0886,62556.4
1676430000000.0,0.0887,0.0895,0.088,0.0895,82309.4
1676433600000.0,0.0897,0.0947,0.0895,0.0924,1513925.2
1676437200000.0,0.0922,0.0922,0.0898,0.0902,519500.1
1676440800000.0,0.0903,0.0914,0.0899,0.0912,238301.1
1676444400000.0,0.0913,0.0913,0.0904,0.0904,240270.8
1676448000000.0,0.0902,0.0906,0.0896,0.0897,106959.2
1676451600000.0,0.0899,0.0909,0.0899,0.0906,187769.9
1676455200000.0,0.0906,0.0906,0.09,0.0905,96220.6
1676458800000.0,0.0906,0.0916,0.0899,0.0912,191407.6
1676462400000.0,0.0912,0.0921,0.0911,0.0915,345532.5
1676466000000.0,0.0914,0.0928,0.091,0.0927,321851.4
1676469600000.0,0.0929,0.0941,0.0923,0.0932,374283.1
1676473200000.0,0.0933,0.0955,0.0918,0.0952,618402.4
1676476800000.0,0.0954,0.1028,0.0954,0.0978,1296388.0
1676480400000.0,0.0972,0.1015,0.0972,0.1005,720553.6
1676484000000.0,0.1003,0.1003,0.0978,0.0987,632606.1
1676487600000.0,0.0989,0.1032,0.0985,0.1018,590212.7
1676491200000.0,0.1018,0.1033,0.1011,0.1021,1567389.9
1676494800000.0,0.102,0.1046,0.1019,0.1042,618911.9
1676498400000.0,0.1041,0.1044,0.1019,0.1024,342751.4
1676502000000.0,0.1024,0.1049,0.1021,0.1038,612652.2
1676505600000.0,0.1041,0.1049,0.1021,0.104,372852.5
1676509200000.0,0.1041,0.113,0.1038,0.109,3011818.1
1676512800000.0,0.1087,0.1088,0.106,0.1072,777114.7
1676516400000.0,0.107,0.1074,0.1052,0.1062,507290.1
1676520000000.0,0.1064,0.1083,0.1058,0.1081,306288.6
1676523600000.0,0.1079,0.1086,0.1073,0.1077,293718.8
1676527200000.0,0.1081,0.1092,0.1081,0.1087,218758.6
1676530800000.0,0.1089,0.1089,0.1056,0.1059,680345.0
1676534400000.0,0.1063,0.108,0.1052,0.1068,174050.1
1676538000000.0,0.1068,0.1076,0.1064,0.1074,144334.0
1676541600000.0,0.1076,0.1107,0.1076,0.1083,486426.8
1676545200000.0,0.1083,0.1091,0.1067,0.1073,123827.2
1676548800000.0,0.1071,0.1079,0.1065,0.1079,150204.4
1676552400000.0,0.1081,0.1089,0.105,0.1058,640304.8
1676556000000.0,0.106,0.1084,0.1056,0.1079,547965.0
1676559600000.0,0.1081,0.1118,0.108,0.1102,481151.2
1676563200000.0,0.1102,0.1103,0.1051,0.1052,689494.5
1676566800000.0,0.1054,0.1071,0.1039,0.1067,411665.4
1676570400000.0,0.1071,0.1088,0.1065,0.1083,328042.5
1676574000000.0,0.1083,0.1088,0.1073,0.1076,81984.1
1676577600000.0,0.1079,0.1079,0.103,0.1037,822252.6
1676581200000.0,0.1037,0.1042,0.1021,0.1036,390834.3
1676584800000.0,0.1037,0.1042,0.0985,0.0992,614325.9
1676588400000.0,0.0993,0.1,0.0966,0.0977,368878.0
1676592000000.0,0.0976,0.1001,0.0973,0.0994,203034.1
1676595600000.0,0.0993,0.0996,0.0989,0.099,174052.5
1676599200000.0,0.0989,0.105,0.0989,0.1044,944429.2
1676602800000.0,0.104,0.1186,0.1035,0.1144,5008143.3
1676606400000.0,0.1143,0.1149,0.1107,0.1138,2342758.1
1676610000000.0,0.1137,0.1137,0.1087,0.1124,1361923.6
1676613600000.0,0.1123,0.1123,0.1101,0.111,711928.0
1676617200000.0,0.1112,0.1157,0.1108,0.1138,685290.8
1676620800000.0,0.1138,0.1138,0.1112,0.1124,632367.1
1676624400000.0,0.1124,0.1147,0.1122,0.1129,372465.6
1676628000000.0,0.1127,0.1186,0.1121,0.116,2298075.9
1676631600000.0,0.1158,0.1183,0.1143,0.1145,1124624.7
1676635200000.0,0.1142,0.1144,0.1121,0.1132,578615.7
1676638800000.0,0.1134,0.1146,0.1114,0.1123,443712.3
1676642400000.0,0.1125,0.1164,0.1121,0.1157,801261.0
1676646000000.0,0.1165,0.1188,0.1153,0.118,1859565.3
1676649600000.0,0.1175,0.1265,0.1154,0.1223,2467581.4
1676653200000.0,0.1217,0.1228,0.1181,0.1195,1660422.3
1676656800000.0,0.1193,0.1193,0.1145,0.1154,1488964.0
1676660400000.0,0.1154,0.1176,0.1151,0.1174,536302.1
1676664000000.0,0.1176,0.1182,0.1161,0.118,389686.7
1676667600000.0,0.1181,0.1194,0.1176,0.1178,277330.4
1676671200000.0,0.118,0.1187,0.1145,0.1181,776608.4
1676674800000.0,0.1188,0.1204,0.1172,0.1172,284037.7
1676678400000.0,0.1173,0.1187,0.1135,0.1141,493754.0
1676682000000.0,0.1144,0.1146,0.1126,0.1141,161443.3
1676685600000.0,0.1144,0.1161,0.114,0.1152,186404.7
1676689200000.0,0.1153,0.1167,0.1152,0.1158,304058.4
1676692800000.0,0.1162,0.1174,0.1152,0.1154,270331.0
1676696400000.0,0.1155,0.1156,0.1143,0.115,147620.3
1676700000000.0,0.1152,0.1212,0.1151,0.1169,756220.9
1676703600000.0,0.1168,0.1172,0.1145,0.1151,103032.9
1676707200000.0,0.1152,0.1163,0.1145,0.1147,196324.5
1676710800000.0,0.1147,0.1154,0.1142,0.1151,142445.9
1676714400000.0,0.1155,0.1156,0.1125,0.113,285691.2
1676718000000.0,0.1129,0.1155,0.1129,0.1148,167076.9
1676721600000.0,0.115,0.1169,0.115,0.1158,197293.2
1676725200000.0,0.1157,0.1158,0.1144,0.1144,242993.2
1676728800000.0,0.1143,0.1147,0.1135,0.1141,157142.0
1676732400000.0,0.1141,0.1149,0.1135,0.1139,195429.9
1676736000000.0,0.1138,0.115,0.1137,0.1149,148230.0
1676739600000.0,0.1149,0.1163,0.1139,0.1142,606598.1
1676743200000.0,0.1142,0.1145,0.1132,0.1134,181305.2
1676746800000.0,0.1138,0.1138,0.1121,0.1133,158529.9
1676750400000.0,0.1134,0.1145,0.1122,0.1138,391752.6
1676754000000.0,0.114,0.1141,0.113,0.113,91792.1
1676757600000.0,0.1133,0.1141,0.1133,0.1136,103798.9
1676761200000.0,0.1138,0.114,0.1127,0.1131,24868.0
1676764800000.0,0.1132,0.1148,0.1132,0.1148,129963.6
1676768400000.0,0.1147,0.1156,0.1129,0.1144,89957.9
1676772000000.0,0.1145,0.1165,0.1142,0.1155,223599.8
1676775600000.0,0.1157,0.116,0.1142,0.1151,85993.9
1676779200000.0,0.1154,0.1181,0.115,0.1172,678856.5
1676782800000.0,0.1171,0.1214,0.116,0.1183,1485547.4
1676786400000.0,0.1183,0.1228,0.1181,0.1206,662523.3
1676790000000.0,0.1204,0.1215,0.1176,0.1189,401193.3
1676793600000.0,0.1187,0.1201,0.1179,0.1194,199440.1
1676797200000.0,0.1191,0.1212,0.1187,0.1191,257295.6
1676800800000.0,0.1196,0.1261,0.1184,0.1247,729798.6
1676804400000.0,0.1253,0.127,0.1219,0.1219,481473.6
1676808000000.0,0.1222,0.1233,0.1205,0.1208,264267.2
1676811600000.0,0.1205,0.1221,0.12,0.1218,183141.7
1676815200000.0,0.1216,0.1237,0.1216,0.1223,191720.3
1676818800000.0,0.1224,0.1224,0.1192,0.1204,292061.6
1676822400000.0,0.1202,0.1208,0.114,0.1155,482859.6
1676826000000.0,0.1155,0.1158,0.1131,0.1143,309882.6
1676829600000.0,0.1144,0.1162,0.1144,0.1157,175170.7
1676833200000.0,0.1157,0.1159,0.1147,0.1147,86320.8
1676836800000.0,0.1143,0.1152,0.1133,0.1143,250692.8
1676840400000.0,0.1141,0.1158,0.1138,0.1154,104793.3
1676844000000.0,0.1151,0.1155,0.114,0.1142,148531.0
1676847600000.0,0.1138,0.116,0.1126,0.1134,445893.8
1676851200000.0,0.1134,0.1194,0.1134,0.1168,733670.4
1676854800000.0,0.117,0.1184,0.1122,0.1182,1309683.6
1676858400000.0,0.118,0.1195,0.1171,0.1175,417218.7
1676862000000.0,0.1175,0.1243,0.1171,0.1226,740242.7
1676865600000.0,0.1225,0.1243,0.1214,0.1218,495503.5
1676869200000.0,0.1218,0.1224,0.1208,0.1214,265011.2
1676872800000.0,0.1213,0.1221,0.1203,0.1209,231932.3
1676876400000.0,0.121,0.1255,0.1208,0.1213,758516.6
1676880000000.0,0.1217,0.1234,0.1202,0.1224,498036.8
1676883600000.0,0.1226,0.1231,0.1207,0.1216,331684.2
1676887200000.0,0.1218,0.1236,0.1217,0.1232,289335.7
1676890800000.0,0.1231,0.1234,0.1222,0.123,280270.6
1676894400000.0,0.123,0.1231,0.1213,0.1225,228393.4
1676898000000.0,0.1226,0.1236,0.1217,0.1232,341465.4
1676901600000.0,0.1238,0.1379,0.1226,0.1252,2736604.6
1676905200000.0,0.1252,0.1252,0.1203,0.1209,518965.8
1676908800000.0,0.1205,0.1217,0.1178,0.1215,468348.6
1676912400000.0,0.1214,0.1229,0.1205,0.1218,238543.5
1676916000000.0,0.122,0.1233,0.1207,0.1225,130276.9
1676919600000.0,0.123,0.1233,0.1221,0.1224,66890.8
1676923200000.0,0.1228,0.1232,0.1216,0.1222,179252.3
1676926800000.0,0.1223,0.123,0.122,0.1224,144105.5
1676930400000.0,0.1224,0.1227,0.1217,0.1222,489356.6
1676934000000.0,0.1221,0.124,0.122,0.1237,233412.2
1676937600000.0,0.1239,0.1245,0.1225,0.1241,226909.9
1676941200000.0,0.124,0.124,0.1196,0.122,516424.1
1676944800000.0,0.1224,0.1242,0.1223,0.1229,346579.8
1676948400000.0,0.1229,0.1238,0.1225,0.1225,192772.7
1676952000000.0,0.1224,0.1228,0.1211,0.1223,167825.9
1676955600000.0,0.1223,0.1224,0.1204,0.1205,66167.4
1676959200000.0,0.1208,0.1214,0.1201,0.1206,171313.2
1676962800000.0,0.1206,0.1243,0.1192,0.1209,895476.6
1676966400000.0,0.1207,0.1211,0.1114,0.1148,1296176.7
1676970000000.0,0.1148,0.1172,0.1148,0.117,178872.5
1676973600000.0,0.1167,0.1173,0.1146,0.1154,419791.6
1676977200000.0,0.115,0.1155,0.114,0.1146,237149.0
1676980800000.0,0.1147,0.1158,0.1146,0.1153,125940.0
1676984400000.0,0.1152,0.1157,0.1117,0.1133,304357.7
1676988000000.0,0.1133,0.1194,0.1126,0.1172,623738.9
1676991600000.0,0.1172,0.1224,0.1171,0.1211,477435.2
1676995200000.0,0.122,0.1229,0.1207,0.1223,258872.7
1676998800000.0,0.1225,0.1229,0.1209,0.1221,147936.1
1677002400000.0,0.1222,0.1225,0.1212,0.1213,239556.5
1677006000000.0,0.1214,0.1225,0.1213,0.1223,141517.6
1677009600000.0,0.1225,0.1228,0.1215,0.1225,206660.7
1677013200000.0,0.1227,0.123,0.1205,0.1229,293639.9
1677016800000.0,0.1232,0.1237,0.1215,0.1223,93555.7
1677020400000.0,0.1224,0.1231,0.1215,0.1231,52387.9
1677024000000.0,0.1232,0.1275,0.1218,0.1223,252762.4
1677027600000.0,0.1224,0.1252,0.1223,0.1232,383823.4
1677031200000.0,0.1235,0.1236,0.1181,0.1235,621590.8
1677034800000.0,0.1232,0.1274,0.1232,0.1257,346224.7
1677038400000.0,0.1258,0.1265,0.1233,0.1244,455822.7
1677042000000.0,0.1241,0.1265,0.1229,0.1235,147621.8
1677045600000.0,0.1236,0.1242,0.1205,0.121,272215.3
1677049200000.0,0.1209,0.1239,0.1196,0.1239,225796.3
1677052800000.0,0.1239,0.1241,0.1199,0.1218,289979.5
1677056400000.0,0.1218,0.1232,0.1211,0.1216,239848.6
1677060000000.0,0.1218,0.1219,0.1197,0.1198,104795.4
1677063600000.0,0.1196,0.1201,0.1182,0.1191,186413.6
1677067200000.0,0.1191,0.1207,0.1183,0.1189,86439.5
1677070800000.0,0.119,0.119,0.1173,0.1175,1501539.9
1677074400000.0,0.1175,0.1194,0.1167,0.1177,1587236.7
1677078000000.0,0.1179,0.1217,0.1177,0.1211,1508805.9
1677081600000.0,0.1211,0.1215,0.1173,0.1176,569065.6
1677085200000.0,0.1175,0.1179,0.1159,0.1165,311661.1
1677088800000.0,0.1166,0.1206,0.1166,0.1199,347254.1
1677092400000.0,0.1202,0.1229,0.1195,0.1216,201887.8
1677096000000.0,0.1221,0.1228,0.1216,0.1224,40337.3
1677099600000.0,0.1228,0.1233,0.122,0.1224,55971.1
1677103200000.0,0.1226,0.1241,0.1217,0.1241,60235.5
1677106800000.0,0.124,0.1243,0.1227,0.124,258392.3
1677110400000.0,0.1241,0.1249,0.1233,0.1236,95768.4
1677114000000.0,0.1237,0.1246,0.1234,0.1238,53713.1
1677117600000.0,0.1239,0.126,0.1238,0.126,194314.4
1677121200000.0,0.1261,0.1262,0.1245,0.1245,64120.9
1677124800000.0,0.1248,0.1259,0.1247,0.1258,33607.4
1677128400000.0,0.1259,0.126,0.1241,0.1245,148134.4
1677132000000.0,0.1245,0.1246,0.1232,0.1244,92845.8
1677135600000.0,0.1243,0.1246,0.1227,0.1233,83421.3
1677139200000.0,0.1235,0.1239,0.1222,0.1224,65698.9
1677142800000.0,0.1222,0.1232,0.1208,0.1209,130829.2
1677146400000.0,0.1209,0.1222,0.1209,0.1212,90313.6
1677150000000.0,0.1211,0.1211,0.1169,0.1178,401740.8
1677153600000.0,0.1176,0.1201,0.1161,0.1197,409938.0
1677157200000.0,0.1195,0.1218,0.1181,0.119,379131.9
1677160800000.0,0.1191,0.1196,0.1177,0.1183,217914.7
1677164400000.0,0.1184,0.122,0.1177,0.1182,479687.2
1677168000000.0,0.1184,0.1194,0.1177,0.1184,99675.0
1677171600000.0,0.1186,0.1192,0.1179,0.1181,158682.6
1677175200000.0,0.1181,0.1189,0.117,0.1185,376781.5
1677178800000.0,0.1184,0.1197,0.1184,0.1194,188490.6
1677182400000.0,0.1194,0.1197,0.1189,0.119,31944.9
1677186000000.0,0.1188,0.1198,0.1188,0.1193,12571.6
1677189600000.0,0.1191,0.1198,0.1185,0.1194,205281.2
1677193200000.0,0.1193,0.1238,0.1193,0.1205,228866.8
1677196800000.0,0.1202,0.1206,0.1192,0.1203,40959.2
1677200400000.0,0.1201,0.1204,0.1181,0.1183,97320.7
1677204000000.0,0.1185,0.1187,0.1171,0.1171,171336.4
1677207600000.0,0.1173,0.1181,0.1171,0.1179,41582.0
1677211200000.0,0.1179,0.1188,0.1174,0.1182,57173.5
1677214800000.0,0.1182,0.1182,0.1163,0.1169,171841.1
1677218400000.0,0.1175,0.1186,0.1174,0.1179,16541.0
1677222000000.0,0.1181,0.1181,0.1169,0.117,18436.0
1677225600000.0,0.1169,0.117,0.1163,0.1168,24164.6
1677229200000.0,0.1168,0.117,0.116,0.116,67015.1
1677232800000.0,0.116,0.116,0.1142,0.1153,143434.1
1677236400000.0,0.1151,0.1157,0.1149,0.1154,54392.6
1677240000000.0,0.1153,0.1162,0.1148,0.115,74371.8
1677243600000.0,0.1149,0.115,0.1137,0.1146,141772.2
1677247200000.0,0.1146,0.1146,0.1132,0.1141,123700.6
1677250800000.0,0.1141,0.1145,0.1109,0.1113,386148.9
1677254400000.0,0.1111,0.1112,0.1061,0.1092,672894.1
1677258000000.0,0.1091,0.1094,0.1081,0.1088,121681.8
1677261600000.0,0.1088,0.1095,0.1088,0.1092,44389.4
1677265200000.0,0.1092,0.1097,0.108,0.1096,110874.2
1677268800000.0,0.1097,0.11,0.1084,0.1084,116617.9
1677272400000.0,0.1084,0.1084,0.1059,0.1065,123587.9
1677276000000.0,0.1063,0.1069,0.1047,0.1069,100185.2
1677279600000.0,0.1066,0.1077,0.1064,0.1077,104714.0
1677283200000.0,0.1079,0.1093,0.1079,0.1081,33939.1
1677286800000.0,0.1079,0.1084,0.1077,0.1077,60897.4
1677290400000.0,0.1076,0.1081,0.1063,0.1066,152008.7
1677294000000.0,0.1066,0.107,0.1063,0.1063,34289.4
1677297600000.0,0.1064,0.1066,0.1059,0.1059,31126.1
1677301200000.0,0.1058,0.1058,0.1042,0.1046,36463.8
1677304800000.0,0.1048,0.1055,0.1047,0.1053,97883.1
1677308400000.0,0.1052,0.1052,0.1043,0.1051,59729.5
1677312000000.0,0.1052,0.106,0.1052,0.1053,83414.8
1677315600000.0,0.1053,0.1056,0.1049,0.105,43475.8
1677319200000.0,0.1049,0.1052,0.1039,0.1039,9811.3
1677322800000.0,0.1038,0.1044,0.1036,0.1039,26435.0
1677326400000.0,0.1039,0.1042,0.1023,0.1038,92000.2
1677330000000.0,0.1038,0.1048,0.1035,0.1042,44867.5
1677333600000.0,0.1043,0.1048,0.1039,0.1043,49548.6
1677337200000.0,0.1043,0.1046,0.1036,0.104,48262.5
1677340800000.0,0.1039,0.1059,0.1037,0.1055,132812.7
1677344400000.0,0.1052,0.1061,0.1052,0.106,81030.1
1677348000000.0,0.1059,0.1059,0.1035,0.1041,112852.8
1677351600000.0,0.1037,0.1044,0.1028,0.1038,90121.8
1677355200000.0,0.1038,0.1038,0.1014,0.1029,199798.8
1677358800000.0,0.1028,0.1041,0.1022,0.1041,83874.8
1677362400000.0,0.1041,0.105,0.1036,0.1047,41494.5
1677366000000.0,0.1048,0.1066,0.1046,0.1066,129460.3
1677369600000.0,0.1059,0.1062,0.1057,0.1059,38236.8
1677373200000.0,0.106,0.1069,0.106,0.1064,32428.9
1677376800000.0,0.1064,0.1085,0.1062,0.1085,142592.4
1677380400000.0,0.1084,0.1091,0.1081,0.1086,52173.8
1677384000000.0,0.1085,0.1085,0.1075,0.1075,80101.3
1677387600000.0,0.1078,0.1079,0.107,0.1072,33327.7
1677391200000.0,0.1073,0.1076,0.1073,0.1075,21537.0
1677394800000.0,0.1076,0.1077,0.1072,0.1075,22620.6
1677398400000.0,0.1073,0.1075,0.1068,0.1075,22997.0
1677402000000.0,0.1077,0.1078,0.1075,0.1075,27454.0
1677405600000.0,0.1076,0.1082,0.1075,0.1076,43772.3
1677409200000.0,0.1076,0.1082,0.1072,0.1079,47923.2
1677412800000.0,0.1079,0.1079,0.1063,0.1064,112645.5
1677416400000.0,0.1062,0.1067,0.1059,0.1067,38465.1
1677420000000.0,0.1065,0.1088,0.1065,0.1081,312814.8
1677423600000.0,0.108,0.1084,0.1077,0.1081,32652.3
1677427200000.0,0.108,0.1083,0.1076,0.1078,42446.8
1677430800000.0,0.1077,0.1082,0.1072,0.108,39233.3
1677434400000.0,0.1078,0.1099,0.1078,0.1099,217100.5
1677438000000.0,0.1099,0.1113,0.1096,0.1109,345440.4
1677441600000.0,0.1109,0.1113,0.1106,0.1109,45443.0
1677445200000.0,0.1107,0.1111,0.1107,0.1108,43624.0
1677448800000.0,0.111,0.1111,0.1098,0.1105,64237.6
1677452400000.0,0.1104,0.1117,0.1104,0.111,62530.8
1677456000000.0,0.1108,0.1108,0.1099,0.1099,11488.7
1677459600000.0,0.1098,0.1113,0.1094,0.1113,117901.9
1677463200000.0,0.1112,0.1119,0.1111,0.1117,67615.1
1677466800000.0,0.1118,0.112,0.111,0.1113,35968.8
1677470400000.0,0.1109,0.111,0.1105,0.1105,7297.2
1677474000000.0,0.111,0.1111,0.1099,0.1107,18197.1
1677477600000.0,0.1101,0.1107,0.1099,0.1106,16066.4
1677481200000.0,0.1111,0.1124,0.1111,0.1115,39733.3
1677484800000.0,0.1116,0.1119,0.1106,0.111,31021.9
1677488400000.0,0.1111,0.1119,0.1106,0.1116,15977.8
1677492000000.0,0.1119,0.113,0.1117,0.113,138120.9
1677495600000.0,0.1131,0.1146,0.1125,0.1134,237759.9
1677499200000.0,0.1132,0.1147,0.1126,0.1129,50218.3
1677502800000.0,0.1134,0.1163,0.1131,0.1156,439630.2
1677506400000.0,0.1159,0.1165,0.1144,0.1152,367071.0
1677510000000.0,0.1154,0.1159,0.1134,0.1157,248808.3
1677513600000.0,0.1157,0.1168,0.1134,0.1148,442905.3
1677517200000.0,0.1147,0.1148,0.1139,0.1148,25819.1
1677520800000.0,0.1148,0.1151,0.1122,0.1135,208086.3
1677524400000.0,0.1137,0.1144,0.113,0.1132,181430.3
1677528000000.0,0.1131,0.1138,0.1123,0.1136,118499.2
1677531600000.0,0.114,0.1148,0.1134,0.1148,86284.9
1677535200000.0,0.1148,0.1165,0.1145,0.1159,103225.8
1677538800000.0,0.1158,0.1159,0.1153,0.1155,61835.6
1677542400000.0,0.1154,0.117,0.1151,0.1162,178826.4
1677546000000.0,0.1165,0.1181,0.1156,0.1164,397906.0
1677549600000.0,0.1158,0.1162,0.1153,0.1158,40137.9
1677553200000.0,0.1157,0.1178,0.1153,0.1176,49152.6
1677556800000.0,0.1178,0.1178,0.1159,0.1167,86600.7
1677560400000.0,0.1166,0.1173,0.1156,0.1156,54991.5
1677564000000.0,0.1156,0.1165,0.1153,0.1163,209110.4
1677567600000.0,0.1164,0.1165,0.1139,0.1139,213377.2
1677571200000.0,0.1137,0.1154,0.1137,0.1142,131110.1
1677574800000.0,0.1144,0.1158,0.1144,0.1156,265342.0
1677578400000.0,0.1158,0.1179,0.1157,0.1175,246220.2
1677582000000.0,0.1175,0.1181,0.1171,0.1173,158882.9
1677585600000.0,0.1171,0.1182,0.1169,0.1178,104397.0
1677589200000.0,0.1178,0.1189,0.1167,0.1183,159395.0
1677592800000.0,0.1183,0.1191,0.1166,0.1177,244459.8
1677596400000.0,0.1179,0.1189,0.1172,0.1182,205266.8
1677600000000.0,0.1183,0.1193,0.1173,0.1182,257112.7
1677603600000.0,0.118,0.1193,0.1177,0.1193,101574.5
1677607200000.0,0.1193,0.1197,0.1186,0.1189,335377.0
1677610800000.0,0.1186,0.1186,0.1165,0.1176,187050.1
1677614400000.0,0.1175,0.1178,0.1162,0.1162,62941.1
1677618000000.0,0.1163,0.1163,0.114,0.1149,158112.9
1677621600000.0,0.1146,0.1148,0.1142,0.1147,61510.4
1677625200000.0,0.1146,0.1147,0.113,0.1133,193193.3
1677628800000.0,0.1133,0.1156,0.1123,0.1154,115244.8
1677632400000.0,0.1157,0.1169,0.1149,0.1164,54143.2
1677636000000.0,0.1164,0.1164,0.1156,0.1164,19065.2
1677639600000.0,0.1163,0.118,0.116,0.118,71892.9
1677643200000.0,0.118,0.1185,0.1171,0.1184,134222.4
1677646800000.0,0.1183,0.1185,0.1177,0.1178,69664.4
1677650400000.0,0.1177,0.1185,0.1174,0.1185,96538.2
1677654000000.0,0.1185,0.1185,0.1175,0.1176,44484.0
1677657600000.0,0.1177,0.1193,0.1172,0.1186,145075.8
1677661200000.0,0.1184,0.1198,0.1179,0.1188,355925.8
1677664800000.0,0.1192,0.1192,0.1176,0.1177,157667.7
1677668400000.0,0.118,0.1182,0.1175,0.1178,57833.1
1677672000000.0,0.1177,0.118,0.1165,0.1168,283088.1
1677675600000.0,0.1169,0.1176,0.1158,0.1163,131086.9
1677679200000.0,0.1164,0.1173,0.1157,0.1163,168663.7
1677682800000.0,0.1164,0.117,0.116,0.1166,36142.4
1677686400000.0,0.1164,0.1164,0.1151,0.1159,136495.4
1677690000000.0,0.1163,0.1167,0.1163,0.1165,17526.3
1677693600000.0,0.1165,0.1165,0.1159,0.116,39984.5
1677697200000.0,0.116,0.1166,0.1152,0.1154,400503.0
1677700800000.0,0.1159,0.1172,0.1159,0.117,264889.0
1677704400000.0,0.1171,0.1179,0.117,0.1177,89241.0
1677708000000.0,0.1178,0.1178,0.1171,0.1175,144836.3
1677711600000.0,0.1177,0.118,0.1172,0.1178,51937.0
1677715200000.0,0.1177,0.1183,0.1174,0.1176,98297.7
1677718800000.0,0.1175,0.1175,0.1152,0.1154,324772.0
1677722400000.0,0.1154,0.1161,0.114,0.1142,138617.6
1677726000000.0,0.1143,0.1145,0.1135,0.1143,195146.6
1677729600000.0,0.1142,0.1156,0.1142,0.1155,162778.8
1677733200000.0,0.1156,0.1157,0.114,0.1143,178105.7
1677736800000.0,0.1143,0.1148,0.1134,0.1145,99237.7
1677740400000.0,0.114,0.1142,0.1136,0.1136,44019.9
1677744000000.0,0.1138,0.1143,0.1131,0.114,59314.6
1677747600000.0,0.1138,0.1138,0.1117,0.1124,61348.0
1677751200000.0,0.1124,0.1125,0.1117,0.1122,33069.5
1677754800000.0,0.1122,0.1166,0.1117,0.1153,541348.8
1677758400000.0,0.1152,0.1159,0.1127,0.1157,170138.7
1677762000000.0,0.1159,0.1187,0.1158,0.1167,641006.4
1677765600000.0,0.1168,0.1179,0.1156,0.1173,341126.1
1677769200000.0,0.1171,0.1171,0.1151,0.1154,130185.4
1677772800000.0,0.1154,0.1157,0.1127,0.1132,132631.5
1677776400000.0,0.113,0.1143,0.1125,0.1142,113602.3
1677780000000.0,0.1144,0.1144,0.1133,0.1144,85586.1
1677783600000.0,0.1145,0.1148,0.1139,0.1148,274243.7
1677787200000.0,0.1148,0.1148,0.1135,0.1136,134256.0
1677790800000.0,0.1133,0.114,0.1132,0.1138,111943.5
1677794400000.0,0.114,0.1156,0.114,0.1151,29628.4
1677798000000.0,0.1154,0.116,0.1152,0.116,12102.5
1677801600000.0,0.1161,0.1161,0.1133,0.1133,84200.7
1677805200000.0,0.113,0.1132,0.0973,0.1,1898081.2
1677808800000.0,0.0998,0.1011,0.0989,0.0993,771798.0
1677812400000.0,0.0995,0.1002,0.0991,0.0996,100843.0
1677816000000.0,0.0998,0.1027,0.0998,0.1025,171914.4
1677819600000.0,0.1028,0.1035,0.1016,0.1016,38189.5
1677823200000.0,0.1016,0.1036,0.1016,0.1022,76159.8
1677826800000.0,0.1021,0.1024,0.1019,0.102,64178.4
1677830400000.0,0.1021,0.1033,0.1021,0.103,122451.9
1677834000000.0,0.1031,0.1032,0.102,0.1021,115745.0
1677837600000.0,0.1021,0.1031,0.1016,0.1016,424816.0
1677841200000.0,0.1019,0.1019,0.1007,0.1015,81273.8
1677844800000.0,0.1016,0.1023,0.1011,0.1013,57118.8
1677848400000.0,0.1011,0.1019,0.1006,0.1019,275768.3
1677852000000.0,0.1017,0.1023,0.1011,0.1012,148589.8
1677855600000.0,0.1011,0.1012,0.1,0.1005,227144.2
1677859200000.0,0.1004,0.1007,0.1001,0.1003,85569.9
1677862800000.0,0.1002,0.1009,0.1002,0.1005,138754.9
1677866400000.0,0.1004,0.1008,0.0993,0.1,160416.7
1677870000000.0,0.0999,0.1003,0.0995,0.1002,115784.3
1677873600000.0,0.1002,0.1005,0.0997,0.0999,80656.9
1677877200000.0,0.1,0.1,0.0983,0.0983,177306.1
1677880800000.0,0.0987,0.1,0.0982,0.1,69679.5
1677884400000.0,0.1,0.1013,0.0997,0.1001,316625.7
1677888000000.0,0.1001,0.1015,0.1001,0.1014,100312.0
1677891600000.0,0.1015,0.1016,0.1004,0.1004,53751.0
1677895200000.0,0.1006,0.1007,0.1002,0.1002,29205.8
1677898800000.0,0.1002,0.1002,0.0998,0.0998,26552.7
1677902400000.0,0.0998,0.1006,0.0988,0.099,231949.0
1677906000000.0,0.0989,0.0992,0.0963,0.0975,302981.0
1677909600000.0,0.0975,0.0987,0.0974,0.0983,78404.0
1677913200000.0,0.0982,0.0986,0.0978,0.0978,62120.5
1677916800000.0,0.0979,0.0982,0.0968,0.0968,101919.8
1677920400000.0,0.0967,0.097,0.0964,0.0967,59542.2
1677924000000.0,0.0966,0.0966,0.0947,0.0956,212645.7
1677927600000.0,0.0956,0.096,0.0955,0.0958,104592.1
1677931200000.0,0.0957,0.0964,0.0954,0.0961,129397.4
1677934800000.0,0.0961,0.0961,0.0951,0.0952,66453.7
1677938400000.0,0.0956,0.0959,0.0952,0.0952,39856.5
1677942000000.0,0.095,0.0975,0.0945,0.0967,190758.4
1677945600000.0,0.0965,0.0966,0.0928,0.0928,114730.0
1677970800000.0,0.0927,0.0934,0.0924,0.0934,20411.7
1677974400000.0,0.0935,0.0943,0.0931,0.0941,28792.1
1677978000000.0,0.0942,0.0978,0.0942,0.0974,276194.3
1677981600000.0,0.0975,0.0982,0.0953,0.0965,172557.4
1677985200000.0,0.0965,0.0971,0.0965,0.0968,24205.7
1677988800000.0,0.0969,0.0984,0.0969,0.0984,57499.4
1677992400000.0,0.0983,0.0983,0.0971,0.0971,90847.0
1677996000000.0,0.0972,0.0973,0.0965,0.0965,101415.0
1677999600000.0,0.0965,0.0966,0.096,0.096,76772.5
1678003200000.0,0.0959,0.0962,0.095,0.0951,109897.3
1678006800000.0,0.0952,0.0961,0.0951,0.0957,54377.5
1678010400000.0,0.0958,0.0968,0.0958,0.0961,55136.5
1678014000000.0,0.0961,0.0961,0.0953,0.0953,23988.4
1678017600000.0,0.0954,0.0958,0.0952,0.0958,28191.0
1678021200000.0,0.096,0.0966,0.0958,0.0962,37563.0
1678024800000.0,0.0963,0.0963,0.0955,0.0957,21619.0
1678028400000.0,0.0955,0.0959,0.0955,0.0956,20754.7
1678032000000.0,0.0954,0.0958,0.0951,0.0951,47491.0
1678035600000.0,0.0951,0.0954,0.0948,0.0948,5645.4
1678039200000.0,0.0947,0.0953,0.0947,0.095,36318.4
1678042800000.0,0.095,0.0952,0.0945,0.0945,42913.3
1678046400000.0,0.0945,0.0957,0.0945,0.0954,44553.8
1678050000000.0,0.0954,0.0957,0.0943,0.0949,96974.1
1678053600000.0,0.0948,0.0948,0.0938,0.0938,26962.8
1678057200000.0,0.0937,0.094,0.093,0.0934,385132.8
1678060800000.0,0.0934,0.094,0.0922,0.0931,184900.2
1678064400000.0,0.0932,0.0938,0.0912,0.0913,162359.0
1678068000000.0,0.0911,0.0915,0.0904,0.0915,116731.4
1678071600000.0,0.0917,0.0926,0.0916,0.0926,82710.7
1678075200000.0,0.0927,0.0935,0.0919,0.0919,111584.5
1678078800000.0,0.0918,0.0924,0.0916,0.0924,34059.3
1678082400000.0,0.0923,0.0928,0.0922,0.0922,18848.2
1678086000000.0,0.0922,0.0927,0.0922,0.0925,28777.5
1678089600000.0,0.0925,0.0925,0.0917,0.0923,30969.1
1678093200000.0,0.0924,0.0927,0.0921,0.0927,36139.1
1678096800000.0,0.0927,0.0932,0.0925,0.0926,1208845.0
1678100400000.0,0.0926,0.0928,0.091,0.0911,1746082.3
1678104000000.0,0.0908,0.0914,0.0903,0.0908,54717.0
1678107600000.0,0.0908,0.0922,0.0908,0.0921,152834.4
1678111200000.0,0.092,0.0923,0.0917,0.0921,120095.4
1678114800000.0,0.0925,0.0933,0.0922,0.0933,122391.9
1678118400000.0,0.0935,0.094,0.0929,0.093,90466.4
1678122000000.0,0.093,0.0932,0.0928,0.0932,82452.2
1678125600000.0,0.0931,0.0931,0.0924,0.0924,101988.5
1678129200000.0,0.0924,0.0926,0.0911,0.0911,109966.9
1678132800000.0,0.0912,0.0914,0.0903,0.0903,139643.6
1678136400000.0,0.0902,0.0915,0.0902,0.0915,64058.4
1678140000000.0,0.0914,0.0924,0.0914,0.0924,51187.9
1678143600000.0,0.0921,0.0923,0.0918,0.0923,98829.6
1678147200000.0,0.0919,0.0923,0.0911,0.0921,172327.3
1678150800000.0,0.0922,0.0938,0.0922,0.0938,76619.2
1678154400000.0,0.0938,0.0938,0.093,0.0936,91166.9
1678158000000.0,0.0936,0.0936,0.0924,0.0926,85254.5
1678161600000.0,0.0926,0.0926,0.0919,0.0923,10380.9
1678165200000.0,0.0922,0.0922,0.0916,0.0916,25716.6
1678168800000.0,0.0915,0.0915,0.0908,0.0908,44099.5
1678172400000.0,0.0907,0.0911,0.0903,0.0903,144196.5
1678176000000.0,0.0903,0.0903,0.0896,0.09,137515.3
1678179600000.0,0.0902,0.0902,0.0884,0.0885,309801.1
1678183200000.0,0.0885,0.089,0.0872,0.0875,180418.1
1678186800000.0,0.0877,0.0878,0.0864,0.0866,136092.7
1678190400000.0,0.0869,0.0875,0.0868,0.0874,109034.6
1678194000000.0,0.0874,0.0877,0.0858,0.0859,57237.5
1678197600000.0,0.0862,0.0871,0.086,0.0865,131607.4
1678201200000.0,0.0866,0.0886,0.0847,0.0876,585880.0
1678204800000.0,0.0875,0.0877,0.0855,0.0859,146621.0
1678208400000.0,0.0858,0.0873,0.0857,0.087,57266.8
1678212000000.0,0.087,0.0871,0.0863,0.0863,39978.6
1678215600000.0,0.0863,0.0863,0.0853,0.0856,73526.5
1678219200000.0,0.0855,0.0858,0.0851,0.0857,15669.3
1678222800000.0,0.0856,0.0856,0.0848,0.0851,102567.3
1678226400000.0,0.0853,0.086,0.0844,0.086,62779.5
1678230000000.0,0.0863,0.0876,0.0863,0.0876,80033.9
1678233600000.0,0.0878,0.0881,0.0868,0.0871,103099.1
1678237200000.0,0.0869,0.0871,0.0861,0.0865,99237.8
1678240800000.0,0.0865,0.0866,0.0858,0.0859,26177.5
1678244400000.0,0.0861,0.0863,0.0851,0.086,31713.8
1678248000000.0,0.086,0.0863,0.0859,0.0862,47973.2
1678251600000.0,0.0857,0.0857,0.0838,0.0846,169320.6
1678255200000.0,0.0847,0.0855,0.0845,0.0855,117036.6
1678258800000.0,0.0856,0.0857,0.0846,0.0846,25509.5
1678262400000.0,0.0848,0.086,0.0848,0.0858,53927.1
1678266000000.0,0.0858,0.0859,0.0853,0.0853,83853.9
1678269600000.0,0.0851,0.0858,0.0851,0.0858,60041.9
1678273200000.0,0.0859,0.086,0.0851,0.0851,38071.3
1678276800000.0,0.0853,0.0855,0.084,0.0842,48597.5
1678280400000.0,0.0839,0.0841,0.0825,0.083,71805.9
1678284000000.0,0.0828,0.0831,0.082,0.0823,85450.4
1678287600000.0,0.0824,0.0851,0.0824,0.0846,259150.4
1678291200000.0,0.0845,0.0849,0.0836,0.0841,182939.9
1678294800000.0,0.0841,0.0843,0.0832,0.0832,158252.0
1678298400000.0,0.0831,0.0831,0.0819,0.0823,71782.0
1678302000000.0,0.0822,0.0829,0.0822,0.0824,35914.2
1678305600000.0,0.0825,0.0834,0.0824,0.0833,28923.3
1678309200000.0,0.0835,0.0837,0.0822,0.0824,113569.3
1678312800000.0,0.0826,0.0826,0.0795,0.0805,175540.6
1678316400000.0,0.0804,0.0822,0.0804,0.0821,232899.5
1678320000000.0,0.082,0.0825,0.0815,0.0817,152171.9
1678323600000.0,0.0813,0.0822,0.0811,0.0818,127999.9
1678327200000.0,0.0822,0.0831,0.0822,0.0828,52562.9
1678330800000.0,0.0828,0.0833,0.0828,0.0833,44018.6
1678334400000.0,0.0834,0.0834,0.0827,0.0829,91940.5
1678338000000.0,0.0829,0.0834,0.0824,0.0825,98337.1
1678341600000.0,0.0827,0.0829,0.0824,0.0826,72897.8
1678345200000.0,0.0825,0.0825,0.0812,0.0812,147362.4
1678348800000.0,0.0814,0.082,0.0808,0.0817,126813.1
1678352400000.0,0.0817,0.0822,0.0814,0.0815,58415.1
1678356000000.0,0.0814,0.082,0.0806,0.082,93617.8
1678359600000.0,0.082,0.0827,0.082,0.0822,53337.5
1678363200000.0,0.0818,0.0821,0.0817,0.082,20293.7
1678366800000.0,0.0821,0.0833,0.0815,0.0833,96504.0
1678370400000.0,0.0832,0.0844,0.0832,0.0838,247141.7
1678374000000.0,0.0839,0.0843,0.0833,0.0835,128813.5
1678377600000.0,0.0835,0.0835,0.0823,0.0827,73819.6
1678381200000.0,0.0826,0.0831,0.0823,0.0831,49395.7
1678384800000.0,0.0829,0.0829,0.0814,0.0815,230885.6
1678388400000.0,0.0815,0.0815,0.0793,0.0799,305590.2
1678392000000.0,0.0797,0.0798,0.0728,0.073,1482527.9
1678395600000.0,0.074,0.075,0.0735,0.0736,378756.3
1678399200000.0,0.0737,0.0748,0.0732,0.0732,279246.6
1678402800000.0,0.0732,0.0747,0.0732,0.0747,36574.8
1678406400000.0,0.0743,0.0745,0.0734,0.0737,117655.0
1678410000000.0,0.0738,0.0738,0.0704,0.0718,592619.0
1678413600000.0,0.072,0.0731,0.0716,0.0729,190524.6
1678417200000.0,0.073,0.0737,0.0729,0.0731,177320.7
1678420800000.0,0.0731,0.0735,0.0727,0.0731,151670.0
1678424400000.0,0.073,0.0734,0.073,0.0734,96319.9
1678428000000.0,0.0737,0.0737,0.0717,0.0719,254784.9
1678431600000.0,0.0719,0.0728,0.0714,0.0725,372859.4
1678435200000.0,0.0726,0.0728,0.0714,0.0718,112979.7
1678438800000.0,0.0714,0.0716,0.0696,0.0697,332469.4
1678442400000.0,0.0693,0.0698,0.0673,0.0689,590063.0
1678446000000.0,0.0689,0.0694,0.0681,0.0694,195065.0
1678449600000.0,0.0696,0.0706,0.0694,0.0703,187833.9
1678453200000.0,0.0704,0.0726,0.07,0.072,380594.2
1678456800000.0,0.0721,0.0725,0.0694,0.07,381153.5
1678460400000.0,0.0702,0.0712,0.0699,0.0712,248981.2
1678464000000.0,0.0712,0.0728,0.0707,0.0718,162629.6
1678467600000.0,0.0717,0.0722,0.0711,0.0717,162196.4
1678471200000.0,0.0714,0.0718,0.0711,0.0711,152161.0
1678474800000.0,0.0712,0.0721,0.071,0.072,179669.9
1678478400000.0,0.072,0.0723,0.0714,0.0718,179762.9
1678482000000.0,0.0715,0.0717,0.0708,0.0717,110013.5
1678485600000.0,0.0716,0.0734,0.0716,0.073,133507.3
1678489200000.0,0.0732,0.0738,0.0731,0.0733,193874.4
1678492800000.0,0.0734,0.0741,0.0733,0.0741,152011.5
1678496400000.0,0.0738,0.0754,0.0738,0.0749,367788.1
1678500000000.0,0.0749,0.0752,0.0731,0.0732,453661.9
1678503600000.0,0.0733,0.0734,0.0722,0.0722,438134.8
1678507200000.0,0.0721,0.0721,0.0712,0.0715,135999.4
1678510800000.0,0.0713,0.0727,0.0713,0.0727,812347.6
1678514400000.0,0.0726,0.0733,0.0712,0.0715,516315.7
1678518000000.0,0.0715,0.0716,0.0669,0.0676,332681.1
1678521600000.0,0.0676,0.0685,0.067,0.0676,275636.5
1678525200000.0,0.0677,0.0689,0.0677,0.0686,95341.7
1678528800000.0,0.0686,0.0687,0.0678,0.0678,103137.2
1678532400000.0,0.0678,0.0683,0.0672,0.0676,160026.4
1678536000000.0,0.0676,0.0682,0.0675,0.0675,95217.3
1678539600000.0,0.0676,0.0681,0.0671,0.0671,71288.9
1678543200000.0,0.067,0.0675,0.0663,0.0664,218092.7
1678546800000.0,0.0665,0.0666,0.0654,0.0658,238268.3
1678550400000.0,0.066,0.0665,0.0652,0.0665,157744.6
1678554000000.0,0.0664,0.0673,0.0664,0.0672,94889.6
1678557600000.0,0.0671,0.0673,0.0667,0.0672,23770.1
1678561200000.0,0.0671,0.0688,0.0671,0.0676,609706.1
1678564800000.0,0.0675,0.0684,0.0674,0.0684,125282.2
1678568400000.0,0.0684,0.0686,0.0679,0.0682,73933.7
1678572000000.0,0.0681,0.0687,0.0681,0.0681,11123.3
1678575600000.0,0.0683,0.0693,0.0683,0.0691,31047.6
1678579200000.0,0.0687,0.0692,0.068,0.0684,95368.0
1678582800000.0,0.0685,0.0694,0.0685,0.0689,430227.5
1678586400000.0,0.0689,0.0694,0.0684,0.0691,48874.9
1678590000000.0,0.0692,0.0698,0.0692,0.0696,291474.5
1678593600000.0,0.0694,0.0699,0.069,0.0699,32104.0
1678597200000.0,0.0699,0.0703,0.0694,0.0696,193633.6
1678600800000.0,0.0699,0.07,0.0693,0.0694,113014.5
1678604400000.0,0.0694,0.0701,0.0694,0.0696,160556.7
1678608000000.0,0.0694,0.0701,0.0692,0.07,84961.3
1678611600000.0,0.0701,0.0703,0.0696,0.0696,50849.2
1678615200000.0,0.0697,0.0699,0.0696,0.0698,39032.4
1678618800000.0,0.0699,0.0699,0.0694,0.0694,74957.9
1678622400000.0,0.0692,0.0692,0.0686,0.0687,150245.7
1678626000000.0,0.0686,0.0691,0.0682,0.0684,136805.2
1678629600000.0,0.0684,0.0687,0.0678,0.068,131572.5
1678633200000.0,0.0677,0.0681,0.0673,0.0673,127434.3
1678636800000.0,0.0673,0.0677,0.0669,0.0675,100197.9
1678640400000.0,0.0676,0.07,0.0673,0.07,409945.6
1678644000000.0,0.07,0.072,0.07,0.0716,302214.4
1678647600000.0,0.0717,0.072,0.0711,0.0713,170811.4
1678651200000.0,0.0711,0.0724,0.0711,0.0723,218259.5
1678654800000.0,0.0723,0.0735,0.0722,0.0735,154777.4
1678658400000.0,0.0737,0.076,0.0737,0.0754,191355.5
1678662000000.0,0.0754,0.0787,0.0754,0.0787,847232.1
1678665600000.0,0.0784,0.0807,0.0781,0.0804,638463.2
1678669200000.0,0.0803,0.0811,0.0798,0.0801,301178.0
1678672800000.0,0.0799,0.0805,0.0786,0.0786,161191.7
1678676400000.0,0.0787,0.0789,0.078,0.0785,37843.4
1678680000000.0,0.0786,0.0792,0.0782,0.079,112455.5
1678683600000.0,0.079,0.0792,0.0786,0.079,619672.2
1678687200000.0,0.0788,0.0793,0.0782,0.0792,262507.3
1678690800000.0,0.0794,0.0803,0.0793,0.0797,120080.9
1678694400000.0,0.0796,0.0796,0.0774,0.0774,140793.4
1678698000000.0,0.0773,0.0777,0.0751,0.0758,479026.8
1678701600000.0,0.0755,0.077,0.0755,0.0768,121264.0
1678705200000.0,0.0767,0.0769,0.0755,0.076,244101.1
1678708800000.0,0.0762,0.0762,0.0745,0.0757,153434.7
1678712400000.0,0.0758,0.0771,0.0755,0.0771,286211.3
1678716000000.0,0.0768,0.0821,0.0768,0.0816,664151.8
1678719600000.0,0.0816,0.0834,0.0812,0.0817,1238025.3
1678723200000.0,0.0818,0.083,0.0807,0.0817,543047.0
1678726800000.0,0.0817,0.0821,0.081,0.0819,153559.8
1678730400000.0,0.0817,0.0835,0.0815,0.0835,189091.8
1678734000000.0,0.0834,0.0849,0.0834,0.0839,445794.5
1678737600000.0,0.084,0.084,0.0828,0.0833,255945.9
1678741200000.0,0.0833,0.0841,0.0832,0.0835,205732.9
1678744800000.0,0.0835,0.0848,0.0835,0.0841,69029.4
1678748400000.0,0.0842,0.0842,0.0831,0.084,28093.8
1678752000000.0,0.0829,0.0843,0.0827,0.0834,32471.2
1678755600000.0,0.0834,0.0839,0.083,0.0833,57686.0
1678759200000.0,0.0835,0.0838,0.0816,0.082,183247.9
1678762800000.0,0.0822,0.0827,0.082,0.0827,64372.6
1678766400000.0,0.0828,0.0836,0.0827,0.0833,273421.8
1678770000000.0,0.0836,0.0844,0.0827,0.084,315003.0
1678773600000.0,0.0838,0.0845,0.0835,0.0844,100398.5
1678777200000.0,0.0845,0.0848,0.0823,0.0828,137584.1
1678780800000.0,0.0828,0.0831,0.0815,0.0823,138475.0
1678784400000.0,0.0824,0.0825,0.0818,0.0824,95983.6
1678788000000.0,0.0823,0.0831,0.0823,0.0827,103595.8
1678791600000.0,0.0825,0.0825,0.0818,0.0823,62780.3
1678795200000.0,0.0823,0.0888,0.0816,0.0866,993205.5
1678798800000.0,0.0868,0.0898,0.0857,0.0893,897392.0
1678802400000.0,0.0887,0.0927,0.0882,0.0906,668063.6
1678806000000.0,0.0905,0.0938,0.0904,0.0927,395515.9
1678809600000.0,0.0924,0.0953,0.0921,0.0933,514869.7
1678813200000.0,0.0931,0.0935,0.0913,0.0929,140179.6
1678816800000.0,0.0927,0.0927,0.09,0.0903,442974.7
1678820400000.0,0.0908,0.0913,0.0872,0.0897,1137250.0
1678824000000.0,0.0894,0.09,0.0882,0.0889,278862.4
1678827600000.0,0.089,0.089,0.0861,0.0878,202750.3
1678831200000.0,0.0875,0.0886,0.0875,0.0886,141274.7
1678834800000.0,0.0887,0.0898,0.0882,0.0898,89225.8
1678838400000.0,0.0897,0.09,0.0887,0.09,40797.1
1678842000000.0,0.09,0.0909,0.0898,0.0902,66715.6
1678845600000.0,0.0908,0.0908,0.09,0.0903,67157.4
1678849200000.0,0.0905,0.0905,0.0893,0.0903,84419.7
1678852800000.0,0.0904,0.0906,0.0898,0.09,29914.9
1678856400000.0,0.0901,0.0905,0.0893,0.0895,88514.5
1678860000000.0,0.0894,0.0894,0.0886,0.0892,143565.4
1678863600000.0,0.0892,0.0895,0.0886,0.0893,213989.4
1678867200000.0,0.0892,0.0895,0.0884,0.0888,42038.1
1678870800000.0,0.0886,0.0895,0.0876,0.0881,372058.9
1678874400000.0,0.0883,0.0883,0.0872,0.0874,129612.2
1678878000000.0,0.0872,0.0872,0.0847,0.0863,88893.6
1678881600000.0,0.086,0.0879,0.0853,0.087,303285.3
1678885200000.0,0.0869,0.0882,0.0856,0.0858,43448.7
1678888800000.0,0.0855,0.0868,0.0842,0.0852,244489.3
1678892400000.0,0.0853,0.086,0.0812,0.0812,288765.1
1678896000000.0,0.0813,0.0819,0.0786,0.0789,468311.3
1678899600000.0,0.0787,0.08,0.0784,0.0788,284684.8
1678903200000.0,0.0788,0.08,0.0784,0.0799,203589.3
1678906800000.0,0.0799,0.0801,0.0787,0.0791,197059.4
1678910400000.0,0.079,0.0796,0.0783,0.0791,103908.3
1678914000000.0,0.0791,0.0796,0.0789,0.0794,130294.9
1678917600000.0,0.0792,0.0805,0.0783,0.0789,167474.5
1678921200000.0,0.0786,0.0794,0.0784,0.0791,33229.3
1678924800000.0,0.0791,0.0803,0.0779,0.0781,82789.5
1678928400000.0,0.0785,0.0792,0.0777,0.0791,53195.3
1678932000000.0,0.079,0.0812,0.0789,0.0811,129445.9
1678935600000.0,0.0807,0.0808,0.0796,0.08,57447.6
1678939200000.0,0.0801,0.0802,0.0785,0.0789,58375.4
1678942800000.0,0.0789,0.0801,0.0787,0.0798,39744.0
1678946400000.0,0.08,0.0805,0.0795,0.0804,14762.0
1678950000000.0,0.0805,0.0815,0.0802,0.081,40936.8
1678953600000.0,0.0811,0.0811,0.0803,0.0807,45864.9
1678957200000.0,0.0807,0.081,0.0792,0.0797,102186.0
1678960800000.0,0.0801,0.0814,0.0801,0.0808,47705.4
1678964400000.0,0.081,0.0815,0.0805,0.081,58833.9
1678968000000.0,0.081,0.081,0.0787,0.079,83857.4
1678971600000.0,0.079,0.0802,0.078,0.08,104454.2
1678975200000.0,0.0795,0.0809,0.0788,0.0799,74940.0
1678978800000.0,0.0799,0.0808,0.0797,0.0808,92798.1
1678982400000.0,0.0806,0.0809,0.0799,0.0802,113900.9
1678986000000.0,0.0802,0.0802,0.0795,0.0797,38724.5
1678989600000.0,0.0795,0.0799,0.079,0.0799,20235.5
1678993200000.0,0.08,0.081,0.08,0.0807,41500.4
1678996800000.0,0.0807,0.083,0.0796,0.0797,568104.7
1679000400000.0,0.08,0.0813,0.0799,0.0806,285857.1
1679004000000.0,0.0807,0.0816,0.0807,0.0809,70478.3
1679007600000.0,0.0809,0.0819,0.0809,0.0814,46281.4
1679011200000.0,0.0815,0.0815,0.0805,0.0809,37973.4
1679014800000.0,0.0808,0.0831,0.0808,0.0828,77956.5
1679018400000.0,0.0829,0.0833,0.0821,0.0828,62399.0
1679022000000.0,0.0828,0.0837,0.0828,0.0837,21636.5
1679025600000.0,0.0836,0.0838,0.0832,0.0837,33154.3
1679029200000.0,0.0836,0.0836,0.0829,0.0832,24180.5
1679032800000.0,0.0833,0.0846,0.0831,0.0846,46120.3
1679036400000.0,0.0845,0.0845,0.0835,0.0835,35273.7
1679040000000.0,0.0835,0.084,0.0834,0.0836,21159.1
1679043600000.0,0.0835,0.0842,0.0835,0.0842,35700.2
1679047200000.0,0.0841,0.0865,0.0841,0.0862,69697.9
1679050800000.0,0.0863,0.0874,0.0862,0.087,76498.5
1679054400000.0,0.0869,0.087,0.0854,0.0857,130768.3
1679058000000.0,0.0862,0.0863,0.0853,0.0856,58612.3
1679061600000.0,0.0861,0.0861,0.0825,0.0832,233970.5
1679065200000.0,0.0831,0.0844,0.0831,0.0839,90177.6
1679068800000.0,0.0837,0.0844,0.083,0.0835,54540.9
1679072400000.0,0.0835,0.0842,0.0835,0.0838,90722.3
1679076000000.0,0.0838,0.0842,0.0832,0.0842,55152.8
1679079600000.0,0.0841,0.0847,0.0841,0.0847,96776.5
1679083200000.0,0.0845,0.0852,0.0842,0.0848,171451.7
1679086800000.0,0.085,0.0872,0.085,0.0871,68760.6
1679090400000.0,0.087,0.0889,0.0866,0.0884,169848.2
1679094000000.0,0.0886,0.0913,0.0886,0.0908,157764.6
1679097600000.0,0.0907,0.0909,0.0887,0.0908,315497.9
1679101200000.0,0.0907,0.0917,0.0905,0.0914,173188.3
1679104800000.0,0.0915,0.0919,0.0904,0.0912,199185.5
1679108400000.0,0.0912,0.092,0.0911,0.0917,93523.2
1679112000000.0,0.0917,0.092,0.0908,0.0908,65802.6
1679115600000.0,0.0909,0.0917,0.0908,0.0913,49760.8
1679119200000.0,0.0912,0.0913,0.0906,0.0912,93954.3
1679122800000.0,0.091,0.0945,0.0908,0.0938,240848.0
1679126400000.0,0.0936,0.0937,0.0892,0.0911,736524.8
1679130000000.0,0.0911,0.0916,0.0896,0.0913,306837.5
1679133600000.0,0.0913,0.092,0.0909,0.0918,62739.5
1679137200000.0,0.0915,0.093,0.0912,0.0927,31066.7
1679140800000.0,0.0926,0.0926,0.0912,0.0918,67864.5
1679144400000.0,0.0919,0.0923,0.091,0.0918,57879.0
1679148000000.0,0.0919,0.0924,0.0915,0.0915,48617.4
1679151600000.0,0.0912,0.0912,0.0873,0.0881,408543.2
1679155200000.0,0.0882,0.0897,0.0863,0.0892,335030.3
1679158800000.0,0.0894,0.0894,0.0869,0.0883,162037.5
1679162400000.0,0.0886,0.0897,0.0885,0.0895,33975.5
1679166000000.0,0.0896,0.0901,0.0888,0.0889,17561.3
1679169600000.0,0.0892,0.0896,0.0886,0.0891,33981.0
1679173200000.0,0.089,0.0892,0.0884,0.0884,14939.2
1679176800000.0,0.0882,0.0892,0.088,0.0883,69430.7
1679180400000.0,0.0882,0.0884,0.087,0.0877,103110.7
1679184000000.0,0.088,0.0889,0.088,0.0886,186024.8
1679187600000.0,0.0891,0.0897,0.0885,0.0893,60891.6
1679191200000.0,0.0894,0.0927,0.0893,0.0912,550679.3
1679194800000.0,0.091,0.0917,0.0907,0.0915,97330.3
1679198400000.0,0.0915,0.0916,0.0903,0.0904,35849.9
1679202000000.0,0.0902,0.0903,0.0897,0.0901,59267.3
1679205600000.0,0.0899,0.0903,0.0884,0.0886,43946.3
1679209200000.0,0.0888,0.0888,0.0873,0.0888,79848.9
1679212800000.0,0.0889,0.0889,0.0873,0.0877,136689.9
1679216400000.0,0.0876,0.0895,0.0876,0.089,126576.9
1679220000000.0,0.0888,0.0888,0.0877,0.0877,160669.3
1679223600000.0,0.0876,0.0892,0.0868,0.0891,147227.2
1679227200000.0,0.0893,0.0902,0.0892,0.0902,49167.5
1679230800000.0,0.0897,0.0929,0.0897,0.0908,460668.8
1679234400000.0,0.0909,0.0914,0.0904,0.0912,218270.5
1679238000000.0,0.0913,0.092,0.091,0.092,155499.4
1679241600000.0,0.0916,0.0928,0.0916,0.0923,237249.1
1679245200000.0,0.0925,0.0927,0.0918,0.0918,116135.1
1679248800000.0,0.0919,0.0927,0.0917,0.0927,41123.8
1679252400000.0,0.0927,0.0952,0.0927,0.0935,273833.3
1679256000000.0,0.094,0.094,0.091,0.0923,1043491.6
1679259600000.0,0.0923,0.093,0.0915,0.0921,67121.5
1679263200000.0,0.0922,0.0929,0.0916,0.0928,13809.9
1679266800000.0,0.0929,0.0938,0.0919,0.0922,98403.1
1679270400000.0,0.092,0.0925,0.0901,0.091,124083.0
1679274000000.0,0.0909,0.0926,0.0908,0.0926,73433.2
1679277600000.0,0.0927,0.0934,0.091,0.092,117443.3
1679281200000.0,0.092,0.092,0.0877,0.0884,296919.9
1679284800000.0,0.0882,0.0888,0.0873,0.0885,60208.5
1679288400000.0,0.0886,0.089,0.0881,0.0885,47733.6
1679292000000.0,0.0887,0.0892,0.0884,0.089,115924.2
1679295600000.0,0.089,0.0909,0.089,0.0907,33342.8
1679299200000.0,0.091,0.0912,0.09,0.0905,90095.9
1679302800000.0,0.0906,0.0906,0.0896,0.0896,81474.4
1679306400000.0,0.0895,0.0896,0.0882,0.0888,159884.0
1679310000000.0,0.0889,0.0892,0.0881,0.0884,59093.5
1679313600000.0,0.0884,0.0885,0.0876,0.0879,138137.9
1679317200000.0,0.0877,0.0882,0.0865,0.0875,183767.1
1679320800000.0,0.0875,0.0877,0.0869,0.0877,96192.1
1679324400000.0,0.0877,0.0879,0.0869,0.0872,95833.6
1679328000000.0,0.0872,0.0875,0.085,0.0851,127677.6
1679331600000.0,0.085,0.0865,0.0845,0.085,103475.0
1679335200000.0,0.0851,0.086,0.0839,0.0856,1446272.9
1679338800000.0,0.0856,0.0857,0.0837,0.0846,120744.7
1679342400000.0,0.0846,0.0855,0.0846,0.0853,91105.4
1679346000000.0,0.0854,0.0856,0.0846,0.0849,31513.6
1679349600000.0,0.0844,0.0847,0.0842,0.0842,70453.8
1679353200000.0,0.0844,0.0847,0.0835,0.0839,119215.3
1679356800000.0,0.0839,0.0852,0.0836,0.0843,119150.8
1679360400000.0,0.0843,0.0847,0.0833,0.0844,59911.4
1679364000000.0,0.0845,0.0846,0.0834,0.0834,528957.5
1679367600000.0,0.0837,0.0843,0.0835,0.0841,48169.1
1679371200000.0,0.0842,0.0846,0.084,0.0841,31840.4
1679374800000.0,0.0839,0.0841,0.0831,0.0836,35916.6
1679378400000.0,0.0833,0.084,0.0831,0.0831,65270.1
1679382000000.0,0.0829,0.0829,0.0817,0.0823,74444.1
1679385600000.0,0.0822,0.0825,0.0812,0.0819,33513.0
1679389200000.0,0.082,0.0832,0.0818,0.0827,72505.3
1679392800000.0,0.0826,0.0838,0.0826,0.083,49814.1
1679396400000.0,0.0831,0.0831,0.0827,0.083,22920.5
1679400000000.0,0.0835,0.0852,0.0829,0.0852,97203.8
1679403600000.0,0.0853,0.0866,0.0838,0.086,826339.5
1679407200000.0,0.0862,0.0867,0.0845,0.0849,184845.3
1679410800000.0,0.0847,0.0853,0.0847,0.085,47132.8
1679414400000.0,0.085,0.0858,0.085,0.0854,143642.4
1679418000000.0,0.0855,0.0857,0.0844,0.0855,106591.0
1679421600000.0,0.0856,0.0857,0.0842,0.0842,63181.8
1679425200000.0,0.0843,0.0853,0.0843,0.0851,21788.3
1679428800000.0,0.0854,0.0863,0.0853,0.086,59504.7
1679432400000.0,0.0861,0.0861,0.0851,0.0853,50087.4
1679436000000.0,0.0855,0.0857,0.0848,0.0855,18621.9
1679439600000.0,0.0858,0.0862,0.0854,0.0862,40449.9
1679443200000.0,0.0863,0.0863,0.084,0.0843,119009.0
1679446800000.0,0.0841,0.0844,0.0839,0.0841,43498.1
1679450400000.0,0.0847,0.085,0.0841,0.0847,18004.9
1679454000000.0,0.0847,0.0863,0.0847,0.085,480708.0
1679457600000.0,0.0849,0.0854,0.0848,0.0853,72616.6
1679461200000.0,0.0853,0.0856,0.085,0.0856,67826.7
1679464800000.0,0.0855,0.0856,0.0853,0.0855,23568.1
1679468400000.0,0.0854,0.0854,0.0847,0.085,20361.5
1679472000000.0,0.0849,0.0854,0.084,0.084,62539.9
1679475600000.0,0.0838,0.0841,0.0833,0.0836,85384.5
1679479200000.0,0.0839,0.0846,0.0835,0.0839,170361.5
1679482800000.0,0.0842,0.0842,0.0833,0.0833,66556.0
1679486400000.0,0.0834,0.0835,0.0826,0.0833,46218.0
1679490000000.0,0.0833,0.0836,0.0827,0.0829,28282.8
1679493600000.0,0.083,0.0842,0.0806,0.0838,1028455.4
1679497200000.0,0.084,0.0846,0.0828,0.0831,85978.6
1679500800000.0,0.0828,0.0831,0.0819,0.0823,61842.1
1679504400000.0,0.082,0.0828,0.0807,0.0828,71557.2
1679508000000.0,0.0821,0.0848,0.0814,0.0837,672677.3
1679511600000.0,0.0836,0.0837,0.0778,0.0779,797010.3
1679515200000.0,0.0779,0.08,0.0776,0.08,201372.6
1679518800000.0,0.08,0.0808,0.0795,0.0797,112051.3
1679522400000.0,0.0793,0.0801,0.0793,0.08,68546.3
1679526000000.0,0.0801,0.0805,0.0799,0.0804,32345.8
1679529600000.0,0.0804,0.0812,0.0803,0.0806,45810.0
1679533200000.0,0.0806,0.0806,0.0797,0.0797,91172.5
1679536800000.0,0.0797,0.0808,0.0797,0.0808,38810.1
1679540400000.0,0.0807,0.0809,0.0803,0.0804,23669.4
1679544000000.0,0.0804,0.0807,0.0801,0.0806,43847.5
1679547600000.0,0.0806,0.082,0.0805,0.082,109694.0
1679551200000.0,0.0819,0.0826,0.0819,0.0821,42754.9
1679554800000.0,0.0821,0.083,0.082,0.083,36602.2
1679558400000.0,0.0831,0.0836,0.0831,0.0832,58041.6
1679562000000.0,0.0831,0.0842,0.0831,0.0842,51040.0
1679565600000.0,0.0842,0.0846,0.0837,0.0844,19566.8
1679569200000.0,0.0844,0.0844,0.0837,0.084,105619.3
1679572800000.0,0.0843,0.085,0.0842,0.085,178781.5
1679576400000.0,0.085,0.0858,0.0835,0.0842,460941.8
1679580000000.0,0.0841,0.0843,0.0821,0.0842,325290.6
1679583600000.0,0.0844,0.0861,0.0844,0.0858,410525.0
1679587200000.0,0.0855,0.0858,0.0851,0.0858,98112.5
1679590800000.0,0.0857,0.0864,0.0851,0.0864,503804.6
1679594400000.0,0.0858,0.086,0.084,0.0845,288703.7
1679598000000.0,0.0847,0.0853,0.0842,0.0851,343351.9
1679601600000.0,0.0849,0.0852,0.0847,0.085,111361.5
1679605200000.0,0.0849,0.085,0.0842,0.085,74889.4
1679608800000.0,0.085,0.0852,0.0848,0.0851,62546.2
1679612400000.0,0.0852,0.0863,0.0852,0.086,109692.6
1679616000000.0,0.0861,0.0864,0.0855,0.0855,63236.0
1679619600000.0,0.0854,0.0861,0.085,0.0857,77389.1
1679623200000.0,0.0859,0.0872,0.0858,0.0862,142604.0
1679626800000.0,0.0863,0.0863,0.086,0.0861,59954.0
1679630400000.0,0.0862,0.0862,0.0853,0.0853,26714.4
1679634000000.0,0.0856,0.0863,0.0856,0.0863,13578.1
1679637600000.0,0.0862,0.0866,0.0862,0.0866,119103.0
1679641200000.0,0.0866,0.087,0.0862,0.0862,86036.4
1679644800000.0,0.0865,0.0866,0.0842,0.0846,178118.3
1679648400000.0,0.085,0.0854,0.0837,0.0837,71233.6
1679652000000.0,0.0839,0.084,0.0832,0.0833,148226.0
1679655600000.0,0.0833,0.0842,0.0819,0.0822,260877.1
1679659200000.0,0.0827,0.0846,0.0827,0.0845,188606.2
1679662800000.0,0.0843,0.0845,0.0835,0.0844,118038.5
1679666400000.0,0.084,0.0858,0.0838,0.0846,261510.6
1679670000000.0,0.0845,0.0845,0.0837,0.0841,117338.0
1679673600000.0,0.0842,0.0843,0.0832,0.0835,64438.4
1679677200000.0,0.0834,0.0836,0.081,0.0818,159158.9
1679680800000.0,0.082,0.0827,0.0816,0.0826,111370.6
1679684400000.0,0.0828,0.0833,0.0828,0.0831,47503.5
1679688000000.0,0.0831,0.0834,0.0823,0.0824,95277.0
1679691600000.0,0.0824,0.0828,0.0814,0.0827,162065.6
1679695200000.0,0.0827,0.0831,0.0827,0.0829,48661.0
1679698800000.0,0.0829,0.0833,0.0827,0.083,67197.5
1679702400000.0,0.0828,0.0836,0.0825,0.0836,91148.0
1679706000000.0,0.0836,0.0842,0.0835,0.0836,123972.2
1679709600000.0,0.0835,0.0839,0.0833,0.0833,108276.3
1679713200000.0,0.0835,0.0837,0.0834,0.0835,65414.8
1679716800000.0,0.0835,0.0837,0.0827,0.0829,20216.9
1679720400000.0,0.0828,0.083,0.082,0.0824,118079.7
1679724000000.0,0.0823,0.0823,0.0819,0.0823,12371.1
1679727600000.0,0.0823,0.0824,0.0819,0.0819,16634.7
1679731200000.0,0.082,0.082,0.0811,0.0813,72254.6
1679734800000.0,0.0813,0.0815,0.0805,0.0814,80475.7
1679738400000.0,0.0815,0.0815,0.0812,0.0814,29735.0
1679742000000.0,0.0814,0.0821,0.0814,0.0818,22883.8
1679745600000.0,0.0817,0.0819,0.0814,0.0814,11440.7
1679749200000.0,0.0812,0.0819,0.081,0.0819,39030.9
1679752800000.0,0.0819,0.0821,0.0814,0.0814,54889.1
1679756400000.0,0.0814,0.0823,0.0813,0.0822,30663.3
1679760000000.0,0.0821,0.0822,0.0816,0.0817,62284.5
1679763600000.0,0.0817,0.0821,0.081,0.081,37019.2
1679767200000.0,0.0811,0.0812,0.0803,0.0803,15262.7
1679770800000.0,0.0801,0.0802,0.0792,0.0794,64146.8
1679774400000.0,0.0794,0.08,0.0792,0.0797,35523.6
1679778000000.0,0.0797,0.0799,0.0791,0.0793,15647.7
1679781600000.0,0.0795,0.0801,0.0795,0.0799,30412.4
1679785200000.0,0.0799,0.0802,0.0799,0.0802,16118.7
1679788800000.0,0.0804,0.081,0.0798,0.0806,84123.3
1679792400000.0,0.0807,0.0812,0.0805,0.0811,14571.5
1679796000000.0,0.081,0.0812,0.081,0.0811,9784.5
1679799600000.0,0.081,0.081,0.0806,0.0807,25688.0
1679803200000.0,0.0808,0.0809,0.0806,0.0809,22750.3
1679806800000.0,0.0809,0.0814,0.0803,0.0813,50396.9
1679810400000.0,0.0813,0.0813,0.081,0.0811,22753.5
1679814000000.0,0.0811,0.0813,0.0811,0.0811,26982.4
1679817600000.0,0.0811,0.0816,0.0808,0.0816,51826.6
1679821200000.0,0.0815,0.0817,0.0811,0.0811,36752.7
1679824800000.0,0.0812,0.0814,0.081,0.0814,11441.1
1679828400000.0,0.0812,0.0818,0.0811,0.0818,23067.3
1679832000000.0,0.0818,0.082,0.0815,0.082,34952.0
1679835600000.0,0.0819,0.0825,0.0816,0.0825,62948.4
1679839200000.0,0.0825,0.0826,0.0808,0.0814,66938.6
1679842800000.0,0.0814,0.0815,0.0809,0.0812,17505.6
1679846400000.0,0.0809,0.0817,0.0807,0.0809,39376.4
1679850000000.0,0.081,0.0815,0.081,0.0815,31712.9
1679853600000.0,0.0814,0.0816,0.0812,0.0814,22102.6
1679857200000.0,0.0812,0.0817,0.0812,0.0817,8073.4
1679860800000.0,0.0816,0.0816,0.0806,0.0809,12474.7
1679864400000.0,0.081,0.0813,0.0809,0.0813,2654.4
1679868000000.0,0.0815,0.0818,0.0814,0.0817,14057.1
1679871600000.0,0.0817,0.082,0.0815,0.0816,15852.9
1679875200000.0,0.0817,0.0819,0.0808,0.0808,78982.5
1679878800000.0,0.0808,0.0809,0.0804,0.0806,16261.2
1679882400000.0,0.0804,0.0807,0.0802,0.0802,24508.3
1679886000000.0,0.0801,0.0805,0.0801,0.0802,28672.5
1679889600000.0,0.0803,0.0804,0.08,0.0802,47908.3
1679893200000.0,0.0803,0.0804,0.0793,0.0793,28434.8
1679896800000.0,0.0793,0.0798,0.0789,0.0798,40059.4
1679900400000.0,0.0796,0.0798,0.0792,0.0792,30966.5
1679904000000.0,0.0794,0.0797,0.0793,0.0797,18241.1
1679907600000.0,0.0798,0.0801,0.0797,0.0798,49949.7
1679911200000.0,0.0799,0.08,0.0793,0.0799,22675.6
1679914800000.0,0.0799,0.0801,0.0796,0.0798,44796.5
1679918400000.0,0.0797,0.08,0.0792,0.0794,48427.0
1679922000000.0,0.0793,0.0795,0.0783,0.0783,90416.6
1679925600000.0,0.0784,0.0788,0.0759,0.0759,201950.8
1679929200000.0,0.0759,0.076,0.0737,0.0753,824673.6
1679932800000.0,0.0756,0.0762,0.0751,0.0754,151747.0
1679936400000.0,0.0753,0.0758,0.075,0.0751,49391.3
1679940000000.0,0.0752,0.0759,0.0751,0.0754,156866.7
1679943600000.0,0.0754,0.0755,0.0746,0.0746,52867.7
1679947200000.0,0.0747,0.0751,0.0742,0.0751,33286.8
1679950800000.0,0.0751,0.0757,0.0748,0.0754,9605.9
1679954400000.0,0.0758,0.0759,0.0755,0.0758,6947.5
1679958000000.0,0.0757,0.0758,0.0753,0.0757,4285.4
1679961600000.0,0.0758,0.0762,0.0751,0.0755,68146.9
1679965200000.0,0.075,0.0761,0.0748,0.0754,62690.9
1679968800000.0,0.0755,0.0756,0.0747,0.0749,17393.2
1679972400000.0,0.075,0.0754,0.0749,0.0751,27578.4
1679976000000.0,0.0753,0.0762,0.0751,0.0762,39298.5
1679979600000.0,0.0761,0.0764,0.0757,0.0764,19001.2
1679983200000.0,0.0763,0.0765,0.076,0.0762,7534.8
1679986800000.0,0.0761,0.0761,0.0755,0.0755,14381.4
1679990400000.0,0.0755,0.0758,0.0753,0.0757,4102.6
1679994000000.0,0.0756,0.0756,0.0746,0.0746,13076.1
1679997600000.0,0.0745,0.0751,0.0741,0.0746,58117.9
1680001200000.0,0.0747,0.0758,0.0747,0.0755,46407.3
1680004800000.0,0.0758,0.0759,0.0749,0.0756,16606.5
1680008400000.0,0.0755,0.0755,0.0748,0.0752,7206.4
1680012000000.0,0.0751,0.0757,0.075,0.0756,46236.3
1680015600000.0,0.0757,0.076,0.0755,0.0758,24674.5
1680019200000.0,0.0758,0.0758,0.075,0.0751,10380.5
1680022800000.0,0.0753,0.0755,0.0748,0.0753,24369.5
1680026400000.0,0.0753,0.0771,0.0752,0.0771,67752.7
1680030000000.0,0.0772,0.0783,0.077,0.0783,34638.4
1680033600000.0,0.0784,0.0784,0.078,0.0783,18209.9
1680037200000.0,0.0783,0.0784,0.0778,0.0778,18681.8
1680040800000.0,0.0776,0.0781,0.0776,0.0779,105835.7
1680044400000.0,0.0778,0.0789,0.0777,0.0784,103699.8
1680048000000.0,0.0787,0.079,0.0786,0.079,74756.0
1680051600000.0,0.0792,0.0798,0.0791,0.0796,58659.9
1680055200000.0,0.0797,0.0802,0.0794,0.0801,52883.3
1680058800000.0,0.08,0.08,0.0794,0.0797,35357.0
1680062400000.0,0.0796,0.0804,0.0795,0.0803,49578.1
1680066000000.0,0.0804,0.0808,0.0802,0.0805,28208.3
1680069600000.0,0.0805,0.0822,0.0805,0.0822,95561.9
1680073200000.0,0.0823,0.0823,0.0817,0.0819,25926.0
1680076800000.0,0.0824,0.0834,0.0824,0.0832,54439.9
1680080400000.0,0.0832,0.0833,0.0822,0.0822,68306.4
1680084000000.0,0.0824,0.0824,0.0817,0.0817,42523.8
1680087600000.0,0.0816,0.0819,0.0814,0.0819,16605.7
1680091200000.0,0.082,0.082,0.0811,0.0816,73801.9
1680094800000.0,0.0815,0.0818,0.081,0.0815,70785.7
1680098400000.0,0.0815,0.0821,0.0804,0.0807,71043.2
1680102000000.0,0.0809,0.0823,0.0807,0.0821,91698.7
1680105600000.0,0.082,0.082,0.0812,0.0812,70533.8
1680109200000.0,0.0817,0.0825,0.0817,0.0822,43418.1
1680112800000.0,0.0823,0.0826,0.082,0.0825,102484.1
1680116400000.0,0.0824,0.083,0.0824,0.083,35491.1
1680120000000.0,0.0831,0.0834,0.0829,0.083,18979.0
1680123600000.0,0.0832,0.0836,0.0829,0.0831,13022.4
1680127200000.0,0.0831,0.0836,0.0823,0.0835,24182.5
1680130800000.0,0.0837,0.0848,0.0837,0.0837,76722.3
1680134400000.0,0.0839,0.085,0.0832,0.0836,127402.6
1680138000000.0,0.0835,0.084,0.0828,0.0833,182206.2
1680141600000.0,0.0833,0.0851,0.0833,0.0846,94632.2
1680145200000.0,0.0845,0.085,0.0822,0.0845,315682.5
1680148800000.0,0.0843,0.0856,0.0842,0.0853,184548.1
1680152400000.0,0.0852,0.0856,0.0843,0.0844,157172.1
1680156000000.0,0.0841,0.0845,0.0824,0.0824,123835.2
1680159600000.0,0.0826,0.0839,0.0826,0.0834,91098.7
1680163200000.0,0.0835,0.0836,0.0824,0.0825,149571.6
1680166800000.0,0.0824,0.0828,0.0818,0.0828,163458.2
1680170400000.0,0.0829,0.0834,0.0828,0.0834,69054.5
1680174000000.0,0.0833,0.0842,0.0832,0.0835,67771.1
1680177600000.0,0.0834,0.0834,0.0828,0.0833,53490.1
1680181200000.0,0.0831,0.0834,0.0824,0.0825,56765.0
1680184800000.0,0.0823,0.0828,0.0821,0.0824,95525.1
1680188400000.0,0.0824,0.0827,0.0818,0.082,46725.1
1680192000000.0,0.0819,0.0822,0.0812,0.0821,91778.3
1680195600000.0,0.0821,0.0831,0.0814,0.0814,229296.5
1680199200000.0,0.0817,0.082,0.0813,0.082,148985.1
1680202800000.0,0.0822,0.0825,0.082,0.0822,13510.1
1680206400000.0,0.0822,0.0838,0.082,0.0836,53660.8
1680210000000.0,0.0837,0.0838,0.083,0.0833,74231.4
1680213600000.0,0.0835,0.0837,0.0828,0.0832,56055.2
1680217200000.0,0.0834,0.0841,0.0834,0.0841,17323.1
1680220800000.0,0.0842,0.0844,0.0836,0.0844,131993.9
1680224400000.0,0.0846,0.0851,0.0844,0.0849,50431.8
1680228000000.0,0.085,0.0851,0.084,0.084,75642.4
1680231600000.0,0.084,0.0846,0.0838,0.0845,34939.0
1680235200000.0,0.0844,0.0844,0.0839,0.0843,33525.9
1680238800000.0,0.0842,0.0845,0.0834,0.0835,42354.5
1680242400000.0,0.0835,0.0835,0.0831,0.0833,50998.8
1680246000000.0,0.0833,0.0834,0.0816,0.0826,148930.8
1680249600000.0,0.0828,0.0833,0.0828,0.0833,64835.6
1680253200000.0,0.0834,0.0844,0.0834,0.0838,70783.8
1680256800000.0,0.0835,0.0848,0.0835,0.0844,248602.9
1680260400000.0,0.0846,0.0856,0.0841,0.0848,93326.6
1680264000000.0,0.0848,0.085,0.084,0.0848,222812.2
1680267600000.0,0.0848,0.0855,0.0844,0.0853,207967.5
1680271200000.0,0.0854,0.0858,0.0847,0.0852,235002.9
1680274800000.0,0.0849,0.0851,0.0841,0.0851,48814.8
1680278400000.0,0.0848,0.0848,0.0844,0.0846,50013.2
1680282000000.0,0.0845,0.0847,0.0843,0.0846,30119.7
1680285600000.0,0.0847,0.0849,0.0844,0.0847,21281.5
1680289200000.0,0.085,0.0854,0.0849,0.0854,12621.1
1680292800000.0,0.0856,0.0857,0.0849,0.0851,30293.6
1680296400000.0,0.0852,0.0858,0.0848,0.0853,181609.3
1680300000000.0,0.0855,0.0863,0.0855,0.0859,38143.7
1680303600000.0,0.086,0.0861,0.0858,0.0861,30377.5
1680307200000.0,0.0861,0.0869,0.0859,0.0866,96427.2
1680310800000.0,0.0865,0.0866,0.0856,0.0862,81788.1
1680314400000.0,0.0863,0.0865,0.0859,0.0862,76901.2
1680318000000.0,0.0862,0.0862,0.0858,0.0862,29310.7
1680321600000.0,0.0861,0.0882,0.086,0.0878,166588.8
1680325200000.0,0.0876,0.0879,0.0869,0.087,127386.6
1680328800000.0,0.0869,0.0875,0.0862,0.0867,117448.7
1680332400000.0,0.0866,0.0867,0.0855,0.0858,108023.2
1680336000000.0,0.0857,0.0867,0.0856,0.086,73915.1
1680339600000.0,0.0861,0.0866,0.0861,0.0866,62498.7
1680343200000.0,0.0868,0.0869,0.0865,0.0868,63850.9
1680346800000.0,0.0869,0.087,0.0861,0.0862,53966.7
1680350400000.0,0.086,0.0861,0.0856,0.086,40553.7
1680354000000.0,0.086,0.086,0.0848,0.0852,141392.8
1680357600000.0,0.0849,0.0849,0.084,0.084,63257.1
1680361200000.0,0.084,0.0843,0.0838,0.0838,42077.3
1680364800000.0,0.0839,0.0844,0.0834,0.0837,43384.6
1680368400000.0,0.0836,0.0842,0.0836,0.0842,18618.9
1680372000000.0,0.0841,0.0846,0.0841,0.0846,13117.8
1680375600000.0,0.0846,0.0848,0.0844,0.0847,19323.1
1680379200000.0,0.0849,0.0864,0.0849,0.0859,81680.0
1680382800000.0,0.086,0.0862,0.0858,0.0858,11527.7
1680386400000.0,0.086,0.0868,0.086,0.0865,39809.6
1680390000000.0,0.0868,0.087,0.0866,0.0866,33689.9
1680393600000.0,0.0867,0.0873,0.0861,0.0861,41063.5
1680397200000.0,0.0861,0.087,0.0859,0.0863,156725.7
1680400800000.0,0.0859,0.0862,0.0854,0.0854,61765.8
1680404400000.0,0.0853,0.0856,0.0851,0.0856,28050.9
1680408000000.0,0.0857,0.086,0.0856,0.0857,39378.1
1680411600000.0,0.0855,0.0857,0.0853,0.0853,25434.3
1680415200000.0,0.0855,0.0862,0.0855,0.0859,62541.9
1680418800000.0,0.086,0.087,0.086,0.0868,68753.8
1680422400000.0,0.0864,0.0864,0.0857,0.0859,52488.6
1680426000000.0,0.0859,0.0861,0.0859,0.0859,20838.1
1680429600000.0,0.086,0.086,0.0856,0.0858,22866.7
1680433200000.0,0.0856,0.0856,0.0853,0.0853,30310.2
1680436800000.0,0.0855,0.0855,0.0845,0.0845,49291.6
1680440400000.0,0.0846,0.0846,0.0835,0.0841,27524.1
1680444000000.0,0.0837,0.0841,0.0835,0.0835,28441.6
1680447600000.0,0.0833,0.0833,0.0816,0.0819,191772.5
1680451200000.0,0.0819,0.0825,0.0819,0.0822,93131.9
1680454800000.0,0.0821,0.0827,0.0821,0.0827,36753.4
1680458400000.0,0.0827,0.0828,0.0826,0.0826,52355.5
1680462000000.0,0.0824,0.0825,0.0812,0.082,67467.1
1680465600000.0,0.0818,0.0824,0.0818,0.0824,33323.4
1680469200000.0,0.0824,0.0825,0.0819,0.082,12677.9
1680472800000.0,0.0818,0.0823,0.0815,0.0822,76642.6
1680476400000.0,0.0821,0.0825,0.082,0.0825,35865.4
1680480000000.0,0.0827,0.0827,0.0817,0.0821,37483.9
1680483600000.0,0.0821,0.0823,0.0788,0.0797,220187.3
1680487200000.0,0.0797,0.0805,0.0797,0.0804,58593.5
1680490800000.0,0.0803,0.0807,0.08,0.0806,60508.3
1680494400000.0,0.0807,0.0807,0.0805,0.0806,13984.7
1680498000000.0,0.0806,0.0808,0.0804,0.0804,9966.3
1680501600000.0,0.0806,0.0808,0.0804,0.0804,8451.3
1680505200000.0,0.0805,0.0809,0.0804,0.0809,23782.4
1680508800000.0,0.0811,0.0829,0.0811,0.0829,68546.7
1680512400000.0,0.083,0.0834,0.0829,0.0833,17944.4
1680516000000.0,0.083,0.0832,0.0826,0.083,30590.8
1680519600000.0,0.0827,0.0828,0.0824,0.0824,47833.1
1680523200000.0,0.0823,0.0823,0.0814,0.0816,46514.7
1680526800000.0,0.0816,0.0827,0.0816,0.0823,31419.3
1680530400000.0,0.0824,0.0824,0.081,0.0811,66499.4
1680534000000.0,0.0809,0.0812,0.0807,0.0812,24766.2
1680537600000.0,0.0813,0.0816,0.0809,0.0809,41586.8
1680541200000.0,0.0807,0.0817,0.0807,0.0816,67243.7
1680544800000.0,0.0816,0.0839,0.0816,0.0837,105523.7
1680548400000.0,0.0842,0.0845,0.0836,0.0838,108759.2
1680552000000.0,0.0838,0.0841,0.0808,0.0816,285426.7
1680555600000.0,0.0815,0.0828,0.0801,0.0827,84811.2
1680559200000.0,0.0826,0.0834,0.0826,0.0831,39313.2
1680562800000.0,0.0835,0.0835,0.0828,0.083,11617.5
1680566400000.0,0.0834,0.0834,0.082,0.0822,51120.0
1680570000000.0,0.0824,0.0828,0.0822,0.0822,37882.4
1680573600000.0,0.0824,0.0829,0.0824,0.0827,28621.8
1680577200000.0,0.0828,0.0828,0.0821,0.0821,12047.5
1680580800000.0,0.0822,0.0824,0.0818,0.0818,14516.6
1680584400000.0,0.082,0.0824,0.082,0.082,23815.0
1680588000000.0,0.0822,0.0827,0.0819,0.0827,57683.8
1680591600000.0,0.0825,0.0827,0.0822,0.0823,60319.5
1680595200000.0,0.0822,0.0825,0.082,0.0824,37325.4
1680598800000.0,0.0825,0.0828,0.0823,0.0828,49678.8
1680602400000.0,0.0827,0.084,0.0826,0.0837,103994.0
1680606000000.0,0.0839,0.0848,0.0839,0.0846,207227.9
1680609600000.0,0.0848,0.0849,0.0842,0.0847,75328.1
1680613200000.0,0.0848,0.0863,0.0848,0.086,147138.1
1680616800000.0,0.086,0.0867,0.0854,0.0864,147752.7
1680620400000.0,0.0864,0.0865,0.0852,0.0858,83891.9
1680624000000.0,0.0855,0.0855,0.0851,0.0853,50020.2
1680627600000.0,0.0856,0.0862,0.0855,0.0859,74759.6
1680631200000.0,0.0861,0.0864,0.0856,0.0856,98326.8
1680634800000.0,0.0858,0.086,0.0856,0.0857,49941.9
1680638400000.0,0.0858,0.0866,0.0857,0.0865,49033.2
1680642000000.0,0.0867,0.0868,0.0863,0.0863,20222.9
1680645600000.0,0.0865,0.0867,0.0865,0.0865,4114.2
1680649200000.0,0.0866,0.0867,0.086,0.0867,81244.0
1680652800000.0,0.0864,0.0876,0.0857,0.0876,65205.6
1680656400000.0,0.0876,0.0886,0.0875,0.0885,67793.9
1680660000000.0,0.0887,0.0891,0.0883,0.0883,71835.8
1680663600000.0,0.0886,0.0886,0.088,0.088,57659.2
1680667200000.0,0.0882,0.0882,0.0878,0.0879,65995.7
1680670800000.0,0.088,0.0884,0.0879,0.088,56510.7
1680674400000.0,0.0882,0.0882,0.0878,0.0881,51766.1
1680678000000.0,0.0877,0.0877,0.0872,0.0874,59479.8
1680681600000.0,0.0876,0.088,0.0873,0.0878,43982.7
1680685200000.0,0.0876,0.0879,0.0874,0.0876,25415.4
1680688800000.0,0.0876,0.0882,0.0876,0.0879,23344.9
1680692400000.0,0.0877,0.0877,0.0872,0.0874,46119.9
1680696000000.0,0.0876,0.0876,0.0861,0.0868,99783.8
1680699600000.0,0.087,0.0871,0.086,0.0862,52894.8
1680703200000.0,0.0863,0.0863,0.0849,0.0849,66571.1
1680706800000.0,0.0849,0.0852,0.084,0.0851,114492.1
1680710400000.0,0.0849,0.0849,0.0843,0.0846,62721.6
1680714000000.0,0.0846,0.0856,0.0846,0.0856,40642.9
1680717600000.0,0.0854,0.0854,0.084,0.0848,351227.1
1680721200000.0,0.0847,0.0858,0.0847,0.0858,54007.1
1680724800000.0,0.0854,0.0857,0.0854,0.0855,23387.0
1680728400000.0,0.0855,0.0857,0.0855,0.0857,80880.6
1680732000000.0,0.0858,0.0865,0.0858,0.0863,72075.0
1680735600000.0,0.0864,0.0869,0.0863,0.0868,24663.6
1680739200000.0,0.0869,0.0876,0.0856,0.0858,274417.9
1680742800000.0,0.0856,0.0859,0.0842,0.0855,85675.0
1680746400000.0,0.0858,0.0873,0.0857,0.0857,88215.6
1680750000000.0,0.0859,0.0864,0.0857,0.0864,33226.9
1680753600000.0,0.0863,0.0864,0.0859,0.0862,40253.0
1680757200000.0,0.0862,0.0867,0.0859,0.0861,52433.5
1680760800000.0,0.0861,0.0867,0.0861,0.0865,13975.9
1680764400000.0,0.0865,0.0865,0.0851,0.0851,39352.6
1680768000000.0,0.0851,0.0853,0.0846,0.0847,92489.4
1680771600000.0,0.0846,0.0849,0.084,0.0841,40272.9
1680775200000.0,0.0838,0.0838,0.0829,0.0836,151938.7
1680778800000.0,0.0834,0.0844,0.0833,0.0844,79239.1
1680782400000.0,0.0843,0.0845,0.0838,0.084,98000.6
1680786000000.0,0.084,0.0844,0.0834,0.0839,48662.0
1680789600000.0,0.084,0.0843,0.084,0.0843,26385.8
1680793200000.0,0.0844,0.0853,0.0844,0.085,51626.1
1680796800000.0,0.085,0.0855,0.0849,0.0849,22365.8
1680800400000.0,0.085,0.085,0.0843,0.0844,60534.0
1680804000000.0,0.0844,0.0844,0.0837,0.084,88153.0
1680807600000.0,0.0839,0.0844,0.0839,0.0841,42298.2
1680811200000.0,0.0842,0.0845,0.0835,0.0835,46374.7
1680814800000.0,0.0837,0.0838,0.0837,0.0838,12044.9
1680818400000.0,0.0837,0.0838,0.0837,0.0838,15296.8
1680822000000.0,0.084,0.0845,0.084,0.0845,14589.0
1680825600000.0,0.0844,0.0846,0.0839,0.0846,25671.4
1680829200000.0,0.0847,0.0847,0.0841,0.0841,13333.5
1680832800000.0,0.0841,0.0841,0.0833,0.0836,16992.9
1680836400000.0,0.0836,0.0842,0.0836,0.0839,51400.0
1680840000000.0,0.0839,0.0844,0.0839,0.0844,40452.1
1680843600000.0,0.0847,0.0848,0.0839,0.0839,68775.9
1680847200000.0,0.0841,0.0841,0.0834,0.0834,65937.6
1680850800000.0,0.0832,0.0832,0.0823,0.0824,106229.6
1680854400000.0,0.0827,0.0832,0.0821,0.0821,77842.4
1680858000000.0,0.082,0.0825,0.0819,0.0823,28392.0
1680861600000.0,0.0824,0.0829,0.0824,0.0826,27027.9
1680865200000.0,0.0826,0.0828,0.0823,0.0823,42431.7
1680868800000.0,0.0822,0.0829,0.0821,0.0827,150257.4
1680872400000.0,0.0825,0.0829,0.0822,0.0825,90369.2
1680876000000.0,0.0826,0.0835,0.0824,0.0835,51403.9
1680879600000.0,0.0833,0.0837,0.0832,0.0835,46738.0
1680883200000.0,0.0834,0.0838,0.0828,0.083,29306.9
1680886800000.0,0.0829,0.083,0.0827,0.0827,4919.4
1680890400000.0,0.0827,0.0829,0.0825,0.0825,10022.5
1680894000000.0,0.0824,0.0825,0.0822,0.0825,14770.9
1680897600000.0,0.0825,0.0826,0.0821,0.0821,13367.7
1680901200000.0,0.0821,0.0824,0.082,0.0821,21062.7
1680904800000.0,0.0822,0.0831,0.0822,0.0828,23771.9
1680908400000.0,0.0829,0.0831,0.0826,0.0826,17495.3
1680912000000.0,0.0829,0.0831,0.0817,0.0818,86401.7
1680915600000.0,0.0817,0.0822,0.0817,0.0822,21183.1
1680919200000.0,0.0822,0.0828,0.0822,0.0828,5629.9
1680922800000.0,0.083,0.0837,0.083,0.0836,34333.0
1680926400000.0,0.0835,0.0835,0.0831,0.0833,15488.2
1680930000000.0,0.0832,0.0839,0.0832,0.0838,12156.6
1680933600000.0,0.084,0.0842,0.0837,0.0839,60542.3
1680937200000.0,0.0838,0.0838,0.0835,0.0837,12692.3
1680940800000.0,0.0837,0.0843,0.0835,0.0836,47306.9
1680944400000.0,0.0835,0.0837,0.0835,0.0835,112.8
1680948000000.0,0.0838,0.0838,0.0831,0.0832,9950.7
1680951600000.0,0.0832,0.0835,0.0831,0.0831,18161.7
1680955200000.0,0.0832,0.0835,0.083,0.083,16081.5
1680958800000.0,0.0831,0.0833,0.0823,0.0826,90307.0
1680962400000.0,0.0825,0.0827,0.0823,0.0825,35683.1
1680966000000.0,0.0825,0.0826,0.0823,0.0823,13524.6
1680969600000.0,0.0824,0.0824,0.0821,0.0822,14265.3
1680973200000.0,0.0822,0.0824,0.0818,0.0818,24265.9
1680976800000.0,0.0819,0.0828,0.0817,0.0818,69401.8
1680980400000.0,0.0817,0.0821,0.0815,0.0819,53869.1
1680984000000.0,0.0819,0.0823,0.0819,0.0819,5381.7
1680987600000.0,0.082,0.0821,0.0818,0.0819,3973.9
1680991200000.0,0.082,0.0825,0.0819,0.0825,89530.6
1680994800000.0,0.0825,0.0828,0.0824,0.0826,29667.8
1680998400000.0,0.083,0.0846,0.083,0.0845,97000.5
1681002000000.0,0.0844,0.0851,0.0841,0.0848,36788.4
1681005600000.0,0.0849,0.0852,0.0848,0.085,51071.9
1681009200000.0,0.085,0.085,0.0843,0.0843,44568.3
1681012800000.0,0.0843,0.0852,0.0842,0.085,69128.1
1681016400000.0,0.0851,0.0851,0.0845,0.0845,14127.1
1681020000000.0,0.0844,0.0844,0.083,0.083,43381.0
1681023600000.0,0.083,0.0837,0.0828,0.0834,25055.4
1681027200000.0,0.0836,0.0844,0.0835,0.0844,142555.4
1681030800000.0,0.0842,0.0842,0.0838,0.0838,12122.7
1681034400000.0,0.084,0.084,0.0836,0.0837,81051.0
1681038000000.0,0.0838,0.0843,0.0838,0.084,39402.1
1681041600000.0,0.0841,0.0852,0.0841,0.085,41191.9
1681045200000.0,0.0849,0.0851,0.0845,0.0848,148443.0
1681048800000.0,0.0847,0.0849,0.084,0.0844,41765.3
1681052400000.0,0.0843,0.0844,0.0838,0.0841,56935.9
1681056000000.0,0.0842,0.0844,0.0832,0.0834,63358.0
1681059600000.0,0.0833,0.0834,0.0829,0.0832,15615.2
1681063200000.0,0.0834,0.0847,0.0833,0.0846,36968.4
1681066800000.0,0.0848,0.0855,0.0844,0.0852,175848.3
1681070400000.0,0.0852,0.0864,0.0852,0.0864,66748.9
1681074000000.0,0.0861,0.0868,0.0856,0.0868,41265.9
1681077600000.0,0.0867,0.0874,0.0865,0.0866,328099.9
1681081200000.0,0.0866,0.0867,0.0859,0.0861,48602.8
1681084800000.0,0.0862,0.0899,0.0862,0.0883,480092.0
1681088400000.0,0.088,0.088,0.0867,0.0876,90705.5
1681092000000.0,0.0873,0.0878,0.087,0.0877,69214.1
1681095600000.0,0.0877,0.0879,0.0871,0.0872,48053.5
1681099200000.0,0.0874,0.0874,0.0869,0.0869,109757.2
1681102800000.0,0.087,0.0875,0.0869,0.0871,28932.3
1681106400000.0,0.0871,0.0871,0.0846,0.0859,326091.3
1681110000000.0,0.0857,0.0861,0.0852,0.0855,121260.3
1681113600000.0,0.0859,0.0867,0.0858,0.0862,88493.0
1681117200000.0,0.0862,0.0866,0.086,0.0862,19888.4
1681120800000.0,0.0863,0.0867,0.0863,0.0866,5117.8
1681124400000.0,0.0869,0.0871,0.0861,0.0866,562361.9
1681128000000.0,0.0867,0.0872,0.0864,0.0867,109767.3
1681131600000.0,0.0866,0.0873,0.0866,0.087,24278.7
1681135200000.0,0.0869,0.0879,0.0868,0.0875,9929.0
1681138800000.0,0.0875,0.0882,0.0875,0.0878,73861.9
1681142400000.0,0.0877,0.0888,0.0872,0.0888,54207.1
1681146000000.0,0.0888,0.0891,0.0885,0.0889,130235.9
1681149600000.0,0.0886,0.0896,0.0886,0.0896,44422.2
1681153200000.0,0.0895,0.09,0.0888,0.0898,153992.9
1681156800000.0,0.0899,0.0901,0.0893,0.0893,338530.5
1681160400000.0,0.0895,0.0895,0.089,0.0893,189192.5
1681164000000.0,0.0893,0.091,0.0893,0.0905,36854.7
1681167600000.0,0.0905,0.0911,0.0905,0.0911,67012.5
1681171200000.0,0.0908,0.0908,0.0897,0.0897,119938.3
1681174800000.0,0.0899,0.0902,0.0892,0.0902,195897.0
1681178400000.0,0.0901,0.0908,0.0899,0.0905,40255.0
1681182000000.0,0.0908,0.0908,0.0897,0.0906,98749.5
1681185600000.0,0.0907,0.0909,0.0904,0.0909,67818.7
1681189200000.0,0.0909,0.0915,0.0907,0.0907,37612.9
1681192800000.0,0.091,0.0914,0.0908,0.0911,43785.6
1681196400000.0,0.0912,0.0923,0.0912,0.0917,78334.1
1681200000000.0,0.0917,0.0917,0.0898,0.0899,110571.8
1681203600000.0,0.0898,0.09,0.089,0.0895,166833.4
1681207200000.0,0.0895,0.0895,0.0891,0.0892,12295.6
1681210800000.0,0.0894,0.0894,0.089,0.0892,31600.2
1681214400000.0,0.0891,0.0894,0.0889,0.0892,40174.6
1681218000000.0,0.0893,0.0896,0.089,0.0896,11790.1
1681221600000.0,0.0896,0.0898,0.0889,0.0892,54312.9
1681225200000.0,0.0892,0.0897,0.0892,0.0896,16006.8
1681228800000.0,0.0897,0.09,0.0893,0.0895,37269.2
1681232400000.0,0.0894,0.0898,0.089,0.0897,43049.5
1681236000000.0,0.0899,0.09,0.0897,0.0899,19722.2
1681239600000.0,0.0898,0.09,0.0892,0.0892,26473.9
1681243200000.0,0.0892,0.0898,0.0889,0.0892,175645.8
1681246800000.0,0.0891,0.0893,0.0884,0.0886,36211.0
1681250400000.0,0.0885,0.0885,0.0882,0.0883,11178.1
1681254000000.0,0.0883,0.0885,0.0879,0.0884,47020.4
1681257600000.0,0.0886,0.0886,0.0867,0.087,164009.3
1681261200000.0,0.0874,0.0874,0.0857,0.0857,253262.7
1681264800000.0,0.0856,0.0856,0.0836,0.0839,189903.0
1681268400000.0,0.084,0.0841,0.0834,0.0837,58771.6
1681272000000.0,0.0837,0.0847,0.0833,0.0847,117287.0
1681275600000.0,0.0848,0.0848,0.0839,0.0839,17526.5
1681279200000.0,0.0839,0.0849,0.0839,0.0849,14471.6
1681282800000.0,0.0847,0.0849,0.0844,0.0846,32644.3
1681286400000.0,0.0847,0.0847,0.0843,0.0843,41739.6
1681290000000.0,0.0842,0.0846,0.0842,0.0845,42928.1
1681293600000.0,0.0843,0.0846,0.0842,0.0846,36054.9
1681297200000.0,0.0846,0.0846,0.0843,0.0845,29509.8
1681300800000.0,0.0846,0.0856,0.0838,0.0847,177810.1
1681304400000.0,0.0846,0.0856,0.0843,0.085,132927.8
1681308000000.0,0.0847,0.086,0.0847,0.0855,44616.1
1681311600000.0,0.0855,0.0855,0.0843,0.085,160074.6
1681315200000.0,0.0851,0.0851,0.0846,0.0849,82622.7
1681318800000.0,0.0847,0.0855,0.0845,0.0853,219102.9
1681322400000.0,0.0854,0.0856,0.0846,0.0848,85098.9
1681326000000.0,0.0848,0.0848,0.0839,0.0842,23754.1
1681329600000.0,0.0844,0.0848,0.0844,0.0847,19810.8
1681333200000.0,0.0847,0.0851,0.0844,0.0849,12259.9
1681336800000.0,0.0851,0.0853,0.0848,0.0849,2599.3
1681340400000.0,0.0851,0.0857,0.0848,0.0854,8110.9
1681344000000.0,0.0854,0.0854,0.0845,0.0847,25397.2
1681347600000.0,0.0844,0.0849,0.0842,0.0849,7972.5
1681351200000.0,0.0846,0.0851,0.0846,0.0849,92381.0
1681354800000.0,0.0849,0.0851,0.0848,0.0848,118446.8
1681358400000.0,0.0848,0.0848,0.0844,0.0844,556.8
1681362000000.0,0.0844,0.0845,0.0842,0.0845,6044.0
1681365600000.0,0.0843,0.0843,0.084,0.084,9174.3
1681369200000.0,0.0838,0.0846,0.0837,0.0846,17009.5
1681372800000.0,0.0846,0.086,0.0845,0.0859,465753.6
1681376400000.0,0.0859,0.0868,0.0858,0.0861,62146.2
1681380000000.0,0.0863,0.0868,0.0858,0.0867,29862.3
1681383600000.0,0.0869,0.087,0.0864,0.0866,51434.2
1681387200000.0,0.0864,0.0871,0.0864,0.087,39804.0
1681390800000.0,0.087,0.0873,0.0867,0.0868,27919.7
1681394400000.0,0.0869,0.0875,0.0869,0.0874,3085.9
1681398000000.0,0.0873,0.0874,0.0869,0.0871,21276.5
1681401600000.0,0.0871,0.0875,0.0869,0.0874,147560.6
1681405200000.0,0.0874,0.0881,0.0873,0.0881,131489.2
1681408800000.0,0.0882,0.0883,0.088,0.0882,13563.8
1681412400000.0,0.088,0.0883,0.0878,0.0879,123818.0
1681416000000.0,0.0879,0.088,0.0873,0.0876,49457.3
1681419600000.0,0.0877,0.0903,0.0877,0.0884,504991.4
1681423200000.0,0.0883,0.0888,0.0883,0.0887,56225.0
1681426800000.0,0.0888,0.089,0.0886,0.089,20585.8
1681430400000.0,0.0889,0.0916,0.0885,0.0906,493041.5
1681434000000.0,0.0909,0.0925,0.0909,0.0918,208189.9
1681437600000.0,0.0918,0.0938,0.0916,0.0921,172521.6
1681441200000.0,0.092,0.0922,0.0915,0.0916,61855.2
1681444800000.0,0.0918,0.092,0.0914,0.0915,32855.8
1681448400000.0,0.0914,0.092,0.0909,0.0911,54978.5
1681452000000.0,0.0913,0.0915,0.0905,0.0906,83489.0
1681455600000.0,0.0909,0.0909,0.0896,0.0898,41052.6
1681459200000.0,0.0902,0.0902,0.0893,0.0895,118007.8
1681462800000.0,0.0899,0.0903,0.0894,0.0903,51196.5
1681466400000.0,0.0901,0.0906,0.0901,0.0902,15708.0
1681470000000.0,0.0902,0.0905,0.09,0.0904,14792.6
1681473600000.0,0.0903,0.0903,0.088,0.088,366279.7
1681477200000.0,0.0883,0.0891,0.0883,0.089,214716.1
1681480800000.0,0.0889,0.089,0.0882,0.0883,206870.3
1681484400000.0,0.0885,0.0885,0.0864,0.0866,217301.9
1681488000000.0,0.0863,0.0872,0.0863,0.0872,59430.0
1681491600000.0,0.0873,0.0887,0.0873,0.0886,35387.7
1681495200000.0,0.0888,0.0896,0.0888,0.0894,159231.6
1681498800000.0,0.0895,0.0904,0.0892,0.0904,209861.4
1681502400000.0,0.0903,0.0911,0.0903,0.0905,102870.1
1681506000000.0,0.0905,0.0905,0.0899,0.09,24786.0
1681509600000.0,0.0901,0.0912,0.0901,0.0912,7145.9
1681513200000.0,0.0913,0.0914,0.0907,0.091,10276.4
1681516800000.0,0.0906,0.0906,0.0891,0.0892,135573.3
1681520400000.0,0.0893,0.0893,0.0886,0.089,41474.0
1681524000000.0,0.0893,0.0893,0.0889,0.089,16650.8
1681527600000.0,0.0891,0.0892,0.0887,0.0889,49174.6
1681531200000.0,0.0891,0.0891,0.0884,0.0888,14025.4
1681534800000.0,0.089,0.0893,0.089,0.0892,16200.6
1681538400000.0,0.0892,0.0895,0.0886,0.0887,10626.2
1681542000000.0,0.0888,0.0893,0.0886,0.0893,14019.1
1681545600000.0,0.0893,0.0894,0.0889,0.0889,54030.1
1681549200000.0,0.089,0.0893,0.0889,0.0892,14524.7
1681552800000.0,0.0892,0.0893,0.0891,0.0892,11453.3
1681556400000.0,0.0893,0.0896,0.0892,0.0894,12797.0
1681560000000.0,0.0889,0.0894,0.0889,0.0894,5295.7
1681563600000.0,0.0894,0.0894,0.0884,0.0887,41444.6
1681567200000.0,0.0886,0.0893,0.0886,0.0892,11491.7
1681570800000.0,0.0891,0.0896,0.0889,0.0892,42077.1
1681574400000.0,0.0893,0.0904,0.089,0.0902,33356.6
1681578000000.0,0.0901,0.0901,0.089,0.0896,74897.1
1681581600000.0,0.0895,0.09,0.0895,0.09,64191.6
1681585200000.0,0.0898,0.09,0.0889,0.0895,36277.2
1681588800000.0,0.0895,0.0899,0.0894,0.0894,9672.6
1681592400000.0,0.0896,0.0897,0.0892,0.0896,7292.4
1681596000000.0,0.0895,0.09,0.0894,0.0899,39345.3
1681599600000.0,0.09,0.0904,0.0899,0.09,39941.3
1681603200000.0,0.0901,0.0901,0.0894,0.0894,10315.7
1681606800000.0,0.0893,0.0893,0.088,0.089,56299.8
1681610400000.0,0.089,0.0892,0.0886,0.089,37944.5
1681614000000.0,0.089,0.089,0.0881,0.0882,9707.5
1681617600000.0,0.0881,0.0891,0.088,0.089,30654.9
1681621200000.0,0.0889,0.0899,0.0889,0.0899,43850.8
1681624800000.0,0.09,0.09,0.0893,0.0894,21815.3
1681628400000.0,0.0894,0.0917,0.0894,0.0913,37091.8
1681632000000.0,0.0914,0.0922,0.0914,0.0918,25488.1
1681635600000.0,0.0915,0.0919,0.0911,0.0911,20717.2
1681639200000.0,0.0912,0.093,0.091,0.0917,203049.3
1681642800000.0,0.092,0.092,0.0906,0.0906,70720.7
1681646400000.0,0.0906,0.0918,0.0906,0.0915,43721.3
1681650000000.0,0.0915,0.0917,0.0909,0.0913,36789.6
1681653600000.0,0.091,0.0923,0.0909,0.0919,85320.7
1681657200000.0,0.0919,0.0925,0.0913,0.0924,41131.4
1681660800000.0,0.0923,0.0923,0.0917,0.0921,32125.5
1681664400000.0,0.0922,0.093,0.092,0.0929,448001.2
1681668000000.0,0.0929,0.0933,0.0927,0.0933,272066.4
1681671600000.0,0.0933,0.0945,0.0929,0.0932,180372.3
1681675200000.0,0.0934,0.0941,0.0923,0.0936,71400.3
1681678800000.0,0.0936,0.0939,0.0933,0.0938,33838.9
1681682400000.0,0.094,0.0942,0.0934,0.094,4985.0
1681686000000.0,0.0941,0.0958,0.0932,0.0939,250667.5
1681689600000.0,0.0938,0.0941,0.0908,0.0911,311954.9
1681693200000.0,0.0908,0.0925,0.0905,0.0921,121286.2
1681696800000.0,0.092,0.0929,0.0918,0.0922,60962.4
1681700400000.0,0.0923,0.0923,0.0919,0.0921,37021.9
1681704000000.0,0.0922,0.0923,0.0912,0.0917,56764.1
1681707600000.0,0.0917,0.0925,0.0915,0.0924,26869.2
1681711200000.0,0.0923,0.0923,0.0915,0.0915,12783.9
1681714800000.0,0.0912,0.0919,0.0906,0.0908,31213.4
1681718400000.0,0.0909,0.0916,0.0907,0.0916,59741.0
1681722000000.0,0.0915,0.0921,0.0914,0.0914,38776.0
1681725600000.0,0.0914,0.0916,0.0907,0.0916,120364.3
1681729200000.0,0.0917,0.0917,0.0902,0.0912,130484.4
1681732800000.0,0.0914,0.0918,0.0911,0.0916,75544.4
1681736400000.0,0.0916,0.0916,0.0904,0.091,97374.8
1681740000000.0,0.0911,0.0913,0.0903,0.0907,44163.6
1681743600000.0,0.0907,0.0908,0.0894,0.0895,151319.4
1681747200000.0,0.0894,0.0894,0.0887,0.0894,109695.0
1681750800000.0,0.0893,0.0896,0.089,0.0892,55824.1
1681754400000.0,0.0893,0.0898,0.0893,0.0898,39043.7
1681758000000.0,0.0898,0.0901,0.0897,0.0899,64038.1
1681761600000.0,0.09,0.0911,0.09,0.0911,86095.1
1681765200000.0,0.0913,0.0913,0.0903,0.0907,19320.7
1681768800000.0,0.0911,0.0919,0.0911,0.0919,8489.6
1681772400000.0,0.0921,0.0932,0.092,0.0923,30123.1
1681776000000.0,0.0924,0.0929,0.0916,0.092,53786.7
1681779600000.0,0.0918,0.0921,0.0904,0.092,119747.9
1681783200000.0,0.092,0.092,0.0916,0.0917,11623.3
1681786800000.0,0.0917,0.0917,0.0913,0.0914,26653.7
1681790400000.0,0.0914,0.0914,0.0912,0.0914,24020.6
1681794000000.0,0.0915,0.0924,0.0914,0.0924,29070.1
1681797600000.0,0.0923,0.0927,0.0921,0.0925,24227.7
1681801200000.0,0.0926,0.0926,0.0916,0.0919,27258.1
1681804800000.0,0.0919,0.0923,0.0917,0.0919,24269.2
1681808400000.0,0.0918,0.0926,0.0918,0.0925,31580.5
1681812000000.0,0.0924,0.0939,0.0922,0.0937,117226.8
1681815600000.0,0.0934,0.0942,0.0933,0.094,134570.0
1681819200000.0,0.0939,0.0941,0.0934,0.0938,37277.9
1681822800000.0,0.0939,0.0965,0.0937,0.0963,287183.8
1681826400000.0,0.096,0.096,0.0936,0.0941,203207.9
1681830000000.0,0.094,0.0941,0.0928,0.0936,90802.0
1681833600000.0,0.0932,0.0939,0.0932,0.0936,74171.0
1681837200000.0,0.0939,0.0939,0.0922,0.0924,55329.4
1681840800000.0,0.0923,0.0932,0.0921,0.0926,48702.9
1681844400000.0,0.0927,0.0931,0.0926,0.093,27503.1
1681848000000.0,0.0928,0.0938,0.0928,0.0935,24038.1
1681851600000.0,0.0934,0.0937,0.0929,0.0932,14697.3
1681855200000.0,0.0931,0.0933,0.0927,0.0933,21796.2
1681858800000.0,0.0935,0.094,0.0933,0.0939,21059.8
1681862400000.0,0.0939,0.0939,0.093,0.093,28625.5
1681866000000.0,0.0929,0.0939,0.0927,0.0939,45635.9
1681869600000.0,0.094,0.0943,0.0935,0.0935,85033.0
1681873200000.0,0.0935,0.0936,0.0927,0.0927,23294.6
1681876800000.0,0.0928,0.0928,0.0924,0.0928,8641.7
1681880400000.0,0.0927,0.0933,0.0927,0.0931,12268.2
1681884000000.0,0.0933,0.0933,0.0914,0.0914,67659.8
1681887600000.0,0.0914,0.0918,0.0913,0.0913,11351.6
1681891200000.0,0.0914,0.0914,0.0824,0.0848,852872.1
1681894800000.0,0.0851,0.0851,0.0844,0.0845,96605.6
1681898400000.0,0.0844,0.0854,0.0844,0.0851,30566.7
1681902000000.0,0.0849,0.0855,0.0849,0.0849,30981.3
1681905600000.0,0.085,0.085,0.0844,0.0846,65474.4
1681909200000.0,0.0844,0.0848,0.0843,0.0848,59314.8
1681912800000.0,0.0848,0.0859,0.0848,0.0853,90006.6
1681916400000.0,0.0853,0.0853,0.0843,0.0847,175735.7
1681920000000.0,0.0845,0.0846,0.0843,0.0845,58712.8
1681923600000.0,0.0843,0.0843,0.0829,0.0838,157341.4
1681927200000.0,0.0839,0.084,0.0831,0.0834,96532.2
1681930800000.0,0.0833,0.084,0.0832,0.0836,23255.4
1681934400000.0,0.0837,0.084,0.0833,0.0837,51936.2
1681938000000.0,0.0834,0.0839,0.0823,0.0839,235583.4
1681941600000.0,0.0839,0.084,0.0833,0.0833,55652.4
1681945200000.0,0.0831,0.0834,0.082,0.0834,227479.8
1681948800000.0,0.0833,0.0841,0.0832,0.0839,36764.3
1681952400000.0,0.0835,0.0841,0.0835,0.0841,11456.4
1681956000000.0,0.084,0.084,0.0826,0.0826,45795.0
1681959600000.0,0.0826,0.0829,0.0817,0.0829,62687.5
1681963200000.0,0.0829,0.0833,0.0829,0.083,11648.2
1681966800000.0,0.0831,0.0833,0.0825,0.0829,44203.0
1681970400000.0,0.083,0.0834,0.0828,0.0831,18251.5
1681974000000.0,0.083,0.0831,0.0825,0.0826,15110.0
1681977600000.0,0.0825,0.0833,0.0825,0.0828,19531.0
1681981200000.0,0.083,0.0832,0.0829,0.0829,12713.1
1681984800000.0,0.0831,0.0834,0.0826,0.083,12207.1
1681988400000.0,0.0829,0.0829,0.082,0.0821,131485.1
1681992000000.0,0.0819,0.0835,0.0818,0.0835,72963.2
1681995600000.0,0.0834,0.0834,0.0825,0.0826,20487.9
1681999200000.0,0.083,0.0831,0.0819,0.0819,22626.8
1682002800000.0,0.0818,0.0821,0.0801,0.0801,193108.9
1682006400000.0,0.0803,0.0803,0.0789,0.0795,150908.5
1682010000000.0,0.0794,0.0798,0.0784,0.0789,93684.1
1682013600000.0,0.0789,0.0794,0.0784,0.0793,48266.3
1682017200000.0,0.0787,0.0789,0.0783,0.0788,31808.2
1682020800000.0,0.0789,0.0793,0.0786,0.0789,19962.4
1682024400000.0,0.0791,0.0791,0.0785,0.0786,30504.3
1682028000000.0,0.0793,0.0797,0.0787,0.0787,285684.9
1682031600000.0,0.0789,0.0792,0.0786,0.0789,70198.1
1682035200000.0,0.0794,0.0806,0.0791,0.0798,324386.3
1682038800000.0,0.0797,0.0805,0.0793,0.0794,124895.1
1682042400000.0,0.0793,0.0795,0.079,0.0795,19912.0
1682046000000.0,0.0796,0.0804,0.0796,0.0804,29180.5
1682049600000.0,0.0803,0.0807,0.0799,0.08,35884.6
1682053200000.0,0.0798,0.08,0.0795,0.0796,23717.3
1682056800000.0,0.0796,0.0799,0.0784,0.0789,93625.4
1682060400000.0,0.0791,0.0802,0.079,0.0802,62564.8
1682064000000.0,0.0803,0.0804,0.0794,0.0795,103579.9
1682067600000.0,0.0794,0.0795,0.0787,0.0793,34899.4
1682071200000.0,0.0793,0.0794,0.0786,0.0786,3705.1
1682074800000.0,0.0785,0.0787,0.0781,0.0783,12228.6
1682078400000.0,0.0784,0.0788,0.0776,0.0786,35992.9
1682082000000.0,0.0788,0.0792,0.0784,0.0785,23077.3
1682085600000.0,0.0783,0.0794,0.0783,0.0787,38185.4
1682089200000.0,0.0787,0.079,0.0782,0.0783,10392.9
1682092800000.0,0.0785,0.0785,0.0779,0.0782,4281.2
1682096400000.0,0.0781,0.0782,0.0771,0.0779,21138.8
1682100000000.0,0.0777,0.0782,0.0773,0.0774,3784.3
1682103600000.0,0.0774,0.0774,0.0746,0.0749,307092.1
1682107200000.0,0.0749,0.0756,0.0742,0.0752,25667.7
1682110800000.0,0.0751,0.0753,0.0743,0.0743,43740.1
1682114400000.0,0.0744,0.0749,0.0742,0.0746,19128.3
1682118000000.0,0.0749,0.0752,0.0747,0.0748,20725.4
1682121600000.0,0.0752,0.0756,0.0752,0.0753,5455.2
1682125200000.0,0.0752,0.0754,0.0747,0.0754,2797.0
1682128800000.0,0.0755,0.0758,0.0755,0.0757,1243.1
1682132400000.0,0.0758,0.0759,0.0755,0.0758,4008.3
1682136000000.0,0.0759,0.0763,0.0758,0.0763,3778.5
1682139600000.0,0.0757,0.076,0.0757,0.0759,716.3
1682143200000.0,0.0759,0.076,0.0752,0.0752,8302.1
1682146800000.0,0.0752,0.0755,0.0751,0.0751,2213.4
1682150400000.0,0.0753,0.0755,0.0752,0.0752,915.3
1682154000000.0,0.0752,0.0757,0.0752,0.0755,244.0
1682157600000.0,0.0755,0.0755,0.0749,0.0749,39106.2
1682161200000.0,0.0752,0.0753,0.075,0.0753,6519.1
1682164800000.0,0.0753,0.0757,0.0752,0.0757,35337.5
1682168400000.0,0.0759,0.0759,0.0752,0.0753,1857.7
1682172000000.0,0.0754,0.0764,0.0752,0.0764,29179.5
1682175600000.0,0.0764,0.0768,0.0761,0.0763,6661.7
1682179200000.0,0.0763,0.0772,0.0763,0.0766,187755.7
1682182800000.0,0.0766,0.077,0.0766,0.0768,11215.1
1682186400000.0,0.0769,0.0769,0.0763,0.0765,20180.0
1682190000000.0,0.0764,0.0766,0.0764,0.0766,756.6
1682193600000.0,0.0767,0.0768,0.0765,0.0768,570.1
1682197200000.0,0.0764,0.077,0.0764,0.077,341.4
1682200800000.0,0.0771,0.0785,0.077,0.0773,194911.0
1682204400000.0,0.0772,0.0775,0.0772,0.0775,10695.0
1682208000000.0,0.0775,0.0775,0.076,0.0766,175381.1
1682211600000.0,0.0766,0.0768,0.0761,0.0761,4076.0
1682215200000.0,0.0763,0.0765,0.0761,0.0765,3615.7
1682218800000.0,0.0766,0.0768,0.0765,0.0766,434.0
1682222400000.0,0.0766,0.0769,0.0764,0.0769,19433.0
1682226000000.0,0.0769,0.0772,0.0767,0.0772,3041.7
1682229600000.0,0.0771,0.0772,0.0769,0.0769,301.2
1682233200000.0,0.0769,0.0773,0.0766,0.0773,14281.1
1682236800000.0,0.0772,0.0773,0.077,0.0772,6204.4
1682240400000.0,0.0769,0.0769,0.0768,0.0769,65.9
1682244000000.0,0.0769,0.0771,0.0765,0.0765,31789.8
1682247600000.0,0.0767,0.0773,0.0767,0.0773,4992.2
1682251200000.0,0.0772,0.0773,0.0769,0.0769,20175.4
1682254800000.0,0.0767,0.0769,0.0764,0.0767,24446.7
1682258400000.0,0.0767,0.0769,0.0762,0.0762,13752.5
1682262000000.0,0.0759,0.0762,0.0754,0.0757,18431.6
1682265600000.0,0.0756,0.076,0.075,0.076,17226.6
1682269200000.0,0.0756,0.0756,0.0748,0.0748,5763.0
1682272800000.0,0.0748,0.0748,0.0734,0.0735,266667.5
1682276400000.0,0.0737,0.0746,0.0736,0.0743,15830.0
1682280000000.0,0.0742,0.0749,0.0742,0.0746,2592.8
1682283600000.0,0.0747,0.0749,0.0743,0.0749,714.6
1682287200000.0,0.0747,0.0756,0.0746,0.0756,13742.6
1682290800000.0,0.0757,0.0757,0.0754,0.0754,15981.6
1682294400000.0,0.0755,0.0764,0.0749,0.0763,37485.5
1682298000000.0,0.0765,0.0768,0.0759,0.0763,4881.9
1682301600000.0,0.0765,0.0767,0.076,0.0765,217811.8
1682305200000.0,0.0765,0.0767,0.0746,0.0765,511775.9
1682308800000.0,0.0764,0.0766,0.0759,0.0761,31664.8
1682312400000.0,0.0757,0.0758,0.0751,0.0751,39371.2
1682316000000.0,0.0749,0.0756,0.0749,0.0756,47398.5
1682319600000.0,0.0758,0.0758,0.0753,0.0756,22320.1
1682323200000.0,0.0756,0.0756,0.0752,0.0752,21066.1
1682326800000.0,0.075,0.0753,0.0744,0.0744,29036.3
1682330400000.0,0.0743,0.075,0.0742,0.075,25958.6
1682334000000.0,0.0751,0.0754,0.075,0.0751,6013.3
1682337600000.0,0.075,0.0751,0.0748,0.0749,861.9
1682341200000.0,0.075,0.0755,0.0747,0.0753,2953.7
1682344800000.0,0.0755,0.0756,0.0743,0.0746,263531.5
1682348400000.0,0.0748,0.0748,0.0735,0.0737,47396.6
1682352000000.0,0.0738,0.0742,0.0734,0.0736,228991.5
1682355600000.0,0.0733,0.0744,0.0731,0.0743,14296.6
1682359200000.0,0.0745,0.0751,0.0745,0.0749,10607.7
1682362800000.0,0.0749,0.0758,0.0749,0.0754,326196.7
1682366400000.0,0.0753,0.0759,0.0753,0.0759,23257.0
1682370000000.0,0.0758,0.0758,0.075,0.0754,221283.5
1682373600000.0,0.0754,0.0761,0.0754,0.076,61390.6
1682377200000.0,0.0759,0.076,0.0757,0.0757,12568.0
1682380800000.0,0.0757,0.0759,0.0749,0.075,23159.0
1682384400000.0,0.0749,0.0753,0.0747,0.0747,7762.5
1682388000000.0,0.0748,0.0751,0.0748,0.0748,2013.1
1682391600000.0,0.0748,0.0751,0.0745,0.0746,13343.1
1682395200000.0,0.0745,0.0753,0.0745,0.0753,6068.5
1682398800000.0,0.0753,0.0753,0.0749,0.0752,4431.2
1682402400000.0,0.0751,0.0752,0.0751,0.0752,2376.8
1682406000000.0,0.0749,0.0755,0.0748,0.0748,9955.7
1682409600000.0,0.075,0.0751,0.0745,0.0751,2233.4
1682413200000.0,0.0755,0.0755,0.075,0.0754,12214.9
1682416800000.0,0.0752,0.0752,0.0745,0.0745,6331.4
1682420400000.0,0.0747,0.075,0.0747,0.075,3561.4
1682424000000.0,0.0749,0.0751,0.0748,0.075,10670.2
1682427600000.0,0.0749,0.0756,0.0749,0.0749,10596.0
1682431200000.0,0.0751,0.0751,0.0737,0.0737,27790.0
1682434800000.0,0.0739,0.074,0.0735,0.0737,3231.1
1682438400000.0,0.0736,0.074,0.0732,0.0737,16892.0
1682442000000.0,0.0737,0.0745,0.0734,0.0745,18046.7
1682445600000.0,0.0745,0.0751,0.0745,0.0748,35143.4
1682449200000.0,0.0747,0.0749,0.0745,0.0749,72721.2
1682452800000.0,0.075,0.0765,0.075,0.0765,108612.0
1682456400000.0,0.0766,0.0774,0.0765,0.0774,17787.2
1682460000000.0,0.0774,0.0776,0.077,0.0773,665.3
1682463600000.0,0.0773,0.0777,0.0772,0.0777,15818.4
1682467200000.0,0.0775,0.0778,0.0773,0.0773,14503.5
1682470800000.0,0.0773,0.0777,0.077,0.0775,18508.3
1682474400000.0,0.0775,0.0775,0.077,0.077,18858.8
1682478000000.0,0.0773,0.0773,0.0768,0.077,54.4
1682481600000.0,0.0769,0.0774,0.0769,0.0769,169742.3
1682485200000.0,0.0769,0.0772,0.0769,0.0771,14540.6
1682488800000.0,0.0771,0.0771,0.0763,0.0764,7259.9
1682492400000.0,0.0764,0.0764,0.0759,0.0759,1457.2
1682496000000.0,0.076,0.077,0.0758,0.077,832.6
1682499600000.0,0.077,0.0775,0.077,0.0774,3738.6
1682503200000.0,0.0775,0.0781,0.0772,0.0777,2252.4
1682506800000.0,0.0779,0.0785,0.0779,0.0783,15172.9
1682510400000.0,0.0785,0.08,0.0785,0.0798,12129.1
1682514000000.0,0.0799,0.0799,0.0789,0.0793,1580.2
1682517600000.0,0.0793,0.0793,0.0786,0.079,13014.3
1682521200000.0,0.0793,0.0799,0.0792,0.0797,55620.1
1682524800000.0,0.0797,0.08,0.0795,0.0797,8903.3
1682528400000.0,0.0798,0.0801,0.0793,0.0796,37276.8
1682532000000.0,0.0794,0.0797,0.0794,0.0795,9553.4
1682535600000.0,0.0793,0.0796,0.0736,0.0738,56507.7
1682539200000.0,0.0736,0.0744,0.0716,0.0742,73198.1
1682542800000.0,0.074,0.0754,0.074,0.0754,6204.2
1682546400000.0,0.0756,0.0756,0.0749,0.0751,12662.3
1682550000000.0,0.0753,0.0757,0.0753,0.0756,2445.6
1682553600000.0,0.0757,0.0779,0.0753,0.0776,13045.8
1682557200000.0,0.0776,0.0777,0.0765,0.0767,3713.7
1682560800000.0,0.0769,0.0772,0.0769,0.077,359.5
1682564400000.0,0.0766,0.0769,0.0765,0.0765,2506.9
1682568000000.0,0.0766,0.0769,0.0765,0.0769,256.7
1682571600000.0,0.0769,0.077,0.0768,0.077,218.7
1682575200000.0,0.0768,0.0768,0.0756,0.076,1022.2
1682578800000.0,0.0761,0.0761,0.0757,0.0757,312.8
1682582400000.0,0.0756,0.0758,0.0753,0.0754,16916.1
1682586000000.0,0.0753,0.0755,0.0748,0.0749,12511.2
1682589600000.0,0.0751,0.0754,0.0751,0.0754,428.2
1682593200000.0,0.0754,0.0755,0.0753,0.0753,252.7
1682596800000.0,0.0752,0.0756,0.0748,0.0753,5107.9
1682600400000.0,0.0754,0.0754,0.075,0.0754,440.5
1682604000000.0,0.0755,0.0757,0.0753,0.0753,917.7
1682607600000.0,0.0753,0.0766,0.0753,0.0763,21184.7
1682611200000.0,0.0763,0.0766,0.0762,0.0766,29607.9
1682614800000.0,0.0765,0.0773,0.0764,0.0773,17606.4
1682618400000.0,0.0772,0.0779,0.0772,0.0778,4770.8
1682622000000.0,0.0778,0.078,0.0774,0.078,12525.7
1682625600000.0,0.0779,0.0783,0.0776,0.0777,60988.4
1682629200000.0,0.0779,0.0779,0.0775,0.0778,1158.2
1682632800000.0,0.0776,0.0779,0.0772,0.0773,10042.1
1682636400000.0,0.0773,0.0776,0.0771,0.0774,9616.9
1682640000000.0,0.077,0.0773,0.0767,0.077,11654.0
1682643600000.0,0.0772,0.0772,0.0764,0.0769,8853.0
1682647200000.0,0.0769,0.0769,0.0763,0.0766,59989.7
1682650800000.0,0.0767,0.0768,0.0766,0.0768,5307.6
1682654400000.0,0.0767,0.077,0.0767,0.077,522.3
1682658000000.0,0.0771,0.0772,0.0769,0.0771,1518.6
1682661600000.0,0.077,0.0771,0.0768,0.077,62650.1
1682665200000.0,0.0769,0.0772,0.0769,0.0772,195.7
1682668800000.0,0.0771,0.0771,0.0761,0.0761,2159.8
1682672400000.0,0.0765,0.0765,0.0762,0.0763,64370.9
1682676000000.0,0.0762,0.0767,0.0761,0.0766,24303.1
1682679600000.0,0.0765,0.0766,0.0759,0.0761,22150.0
1682683200000.0,0.0759,0.0764,0.0758,0.0758,43836.2
1682686800000.0,0.0761,0.0765,0.0755,0.0759,32246.2
1682690400000.0,0.0759,0.0766,0.0759,0.0759,9406.2
1682694000000.0,0.0759,0.076,0.0754,0.0755,9036.4
1682697600000.0,0.0758,0.0761,0.0756,0.0758,2473.3
1682701200000.0,0.076,0.0761,0.0757,0.076,2453.6
1682704800000.0,0.0758,0.076,0.0757,0.0759,4925.1
1682708400000.0,0.0763,0.0765,0.076,0.0763,4596.9
1682712000000.0,0.0762,0.0766,0.0762,0.0766,646.2
1682715600000.0,0.0765,0.0768,0.0765,0.0766,1545.1
1682719200000.0,0.0767,0.077,0.0766,0.0769,1778.5
1682722800000.0,0.0769,0.077,0.0767,0.0768,533.4
1682726400000.0,0.0769,0.077,0.0766,0.0767,21012.7
1682730000000.0,0.0765,0.0771,0.0765,0.0768,1508.5
1682733600000.0,0.0768,0.0774,0.0767,0.0774,10952.9
1682737200000.0,0.0775,0.0775,0.0774,0.0775,3013.6
1682740800000.0,0.0773,0.0779,0.0773,0.0778,2557.2
1682744400000.0,0.0778,0.078,0.0778,0.0778,1360.6
1682748000000.0,0.0779,0.0779,0.0776,0.0779,411.8
1682751600000.0,0.0779,0.0787,0.0779,0.0784,16324.2
1682755200000.0,0.0781,0.0781,0.0773,0.0778,11526.3
1682758800000.0,0.078,0.078,0.0778,0.0778,2053.6
1682762400000.0,0.0782,0.0783,0.0777,0.0777,19613.4
1682766000000.0,0.0779,0.0779,0.0777,0.0777,36146.5
1682769600000.0,0.078,0.078,0.0777,0.0778,2013.0
1682773200000.0,0.0778,0.0783,0.0778,0.0783,1542.7
1682776800000.0,0.0779,0.0781,0.0779,0.0781,186.5
1682780400000.0,0.0782,0.0783,0.078,0.078,1220.7
1682784000000.0,0.0781,0.0784,0.078,0.0782,2244.1
1682787600000.0,0.0783,0.0787,0.0772,0.078,28568.0
1682791200000.0,0.0782,0.0784,0.0781,0.0784,7690.3
1682794800000.0,0.0782,0.0796,0.0782,0.0787,201914.6
1682798400000.0,0.0786,0.0788,0.0779,0.0785,175557.0
1682802000000.0,0.0785,0.0786,0.0783,0.0786,21150.1
1682805600000.0,0.0785,0.0786,0.0784,0.0785,2866.2
1682809200000.0,0.0784,0.0785,0.0783,0.0785,15451.0
1682812800000.0,0.0785,0.0785,0.0779,0.0779,7917.1
1682816400000.0,0.0781,0.0782,0.0779,0.0779,13508.0
1682820000000.0,0.078,0.0782,0.0779,0.0779,2997.9
1682823600000.0,0.0781,0.0783,0.0779,0.0783,105056.7
1682827200000.0,0.0781,0.0782,0.0779,0.0782,9188.6
1682830800000.0,0.0786,0.0789,0.0785,0.0789,2873.1
1682834400000.0,0.0791,0.0793,0.0788,0.0793,454.5
1682838000000.0,0.0791,0.0792,0.0787,0.0789,4533.8
1682841600000.0,0.0787,0.079,0.0785,0.0788,3287.0
1682845200000.0,0.0788,0.0788,0.0781,0.0783,568.5
1682848800000.0,0.0783,0.0786,0.0777,0.0777,1652.2
1682852400000.0,0.0778,0.0778,0.0774,0.0775,6782.8
1682856000000.0,0.0774,0.0775,0.0769,0.0769,29729.5
1682859600000.0,0.0771,0.0773,0.0769,0.0769,1751.6
1682863200000.0,0.0769,0.077,0.0764,0.0767,7103.2
1682866800000.0,0.0769,0.0775,0.0767,0.0771,5967.4
1682870400000.0,0.0769,0.0776,0.0769,0.0773,52741.5
1682874000000.0,0.0773,0.0775,0.077,0.077,9105.2
1682877600000.0,0.0769,0.0773,0.0767,0.0772,20755.0
1682881200000.0,0.0771,0.0773,0.0762,0.0766,10924.3
1682884800000.0,0.0766,0.0766,0.0759,0.0761,2343.4
1682888400000.0,0.0761,0.0763,0.0761,0.0762,3168.2
1682892000000.0,0.0766,0.0766,0.0766,0.0766,338.5
1682895600000.0,0.0766,0.0768,0.0756,0.0756,475.4
1682899200000.0,0.076,0.076,0.0759,0.0759,1591.2
1682902800000.0,0.0759,0.076,0.0738,0.0738,17619.2
1682906400000.0,0.0739,0.0747,0.0739,0.0747,17092.7
1682910000000.0,0.0747,0.0747,0.0744,0.0745,1858.1
1682913600000.0,0.0744,0.0747,0.0744,0.0747,910.3
1682917200000.0,0.0746,0.0747,0.0739,0.0743,61080.4
1682920800000.0,0.0742,0.0742,0.0742,0.0742,57.0
1682924400000.0,0.0743,0.0749,0.0743,0.0747,78017.8
1682928000000.0,0.0747,0.075,0.0747,0.0748,8331.0
1682931600000.0,0.0746,0.0747,0.0745,0.0746,3492.3
1682935200000.0,0.0745,0.0745,0.0743,0.0743,93.6
1682938800000.0,0.0743,0.0743,0.0741,0.0741,131.1
1682942400000.0,0.074,0.0743,0.0738,0.0743,16149.5
1682946000000.0,0.0741,0.0742,0.0739,0.074,2982.5
1682949600000.0,0.0737,0.0742,0.0735,0.0738,18887.2
1682953200000.0,0.0737,0.0737,0.073,0.0731,35940.1
1682956800000.0,0.073,0.0732,0.0723,0.0731,13195.9
1682960400000.0,0.073,0.073,0.0725,0.0728,14516.0
1682964000000.0,0.0729,0.0729,0.0719,0.0719,52181.0
1682967600000.0,0.0719,0.0719,0.0712,0.0716,13126.7
1682971200000.0,0.0717,0.072,0.0716,0.0718,1328.0
1682974800000.0,0.0717,0.0721,0.0717,0.0718,1797.7
1682978400000.0,0.0718,0.0724,0.0718,0.0722,15348.9
1682982000000.0,0.0722,0.0723,0.0721,0.0721,9421.8
1682985600000.0,0.0722,0.0722,0.0716,0.0718,15860.7
1682989200000.0,0.0718,0.0718,0.0714,0.0716,31686.2
1682992800000.0,0.0714,0.0717,0.0714,0.0716,7661.1
1682996400000.0,0.0716,0.0717,0.0715,0.0715,30598.2
1683000000000.0,0.0718,0.0718,0.0717,0.0718,22003.5
1683003600000.0,0.0715,0.0719,0.0715,0.0719,8163.4
1683007200000.0,0.0719,0.0721,0.0719,0.0721,3599.9
1683010800000.0,0.0726,0.0728,0.0725,0.0726,4155.4
1683014400000.0,0.0727,0.0727,0.0724,0.0725,20840.3
1683018000000.0,0.0724,0.0724,0.072,0.0723,4494.8
1683021600000.0,0.0723,0.0724,0.0721,0.0724,1166.9
1683025200000.0,0.0723,0.0725,0.0723,0.0725,595.1
1683028800000.0,0.0726,0.0726,0.0723,0.0726,8334.0
1683032400000.0,0.0725,0.0725,0.0716,0.0719,67013.2
1683036000000.0,0.0715,0.0728,0.0715,0.0724,9410.6
1683039600000.0,0.0725,0.0731,0.0725,0.0728,26919.2
1683043200000.0,0.0729,0.073,0.0728,0.0728,38111.8
1683046800000.0,0.0728,0.073,0.0727,0.073,13410.8
1683050400000.0,0.0731,0.0733,0.073,0.0733,3037.8
1683054000000.0,0.0733,0.0744,0.0732,0.0737,206917.4
1683057600000.0,0.0735,0.0737,0.0733,0.0737,5390.7
1683061200000.0,0.0737,0.0739,0.0737,0.0737,1765.1
1683064800000.0,0.0739,0.0744,0.0739,0.0741,27159.1
1683068400000.0,0.0743,0.0743,0.0739,0.074,15127.4
1683072000000.0,0.0739,0.0739,0.0734,0.0734,19116.4
1683075600000.0,0.0734,0.0738,0.0734,0.0735,6837.9
1683079200000.0,0.0735,0.0735,0.073,0.0734,18248.1
1683082800000.0,0.0734,0.0734,0.073,0.0732,168190.5
1683086400000.0,0.0732,0.0739,0.0732,0.0733,200780.9
1683090000000.0,0.0734,0.0734,0.0733,0.0733,6630.5
1683093600000.0,0.0731,0.0735,0.0731,0.0735,10381.6
1683097200000.0,0.0733,0.0733,0.0732,0.0732,682.1
1683100800000.0,0.0733,0.0735,0.0732,0.0734,1529.1
1683104400000.0,0.0735,0.0735,0.0734,0.0735,5460.4
1683108000000.0,0.0735,0.0737,0.0732,0.0732,75354.1
1683111600000.0,0.0732,0.0733,0.0721,0.0721,60524.1
1683115200000.0,0.072,0.0723,0.0709,0.0709,78436.7
1683118800000.0,0.0711,0.0715,0.0711,0.0712,129004.3
1683122400000.0,0.0711,0.0711,0.0707,0.0709,72417.8
1683126000000.0,0.0707,0.0709,0.0705,0.0706,77963.2
1683129600000.0,0.0707,0.0708,0.0706,0.0707,68883.8
1683133200000.0,0.0708,0.071,0.0701,0.0705,39194.5
1683136800000.0,0.0709,0.0721,0.0707,0.072,34008.4
1683140400000.0,0.0723,0.0723,0.0718,0.072,11272.8
1683144000000.0,0.0722,0.073,0.0721,0.0729,232941.0
1683147600000.0,0.073,0.0741,0.073,0.0739,320388.2
1683151200000.0,0.0739,0.0744,0.0739,0.0743,57919.3
1683154800000.0,0.0744,0.0744,0.0739,0.0739,8426.0
1683158400000.0,0.074,0.0741,0.0737,0.0738,2772.4
1683162000000.0,0.0738,0.0738,0.0737,0.0737,2125.5
1683165600000.0,0.0739,0.0739,0.0737,0.0739,3197.7
1683169200000.0,0.0739,0.0739,0.0737,0.0738,2285.0
1683172800000.0,0.0738,0.0738,0.0737,0.0737,9673.7
1683176400000.0,0.0737,0.0737,0.0735,0.0735,1607.5
1683180000000.0,0.0737,0.0737,0.0733,0.0733,388.9
1683183600000.0,0.0733,0.0733,0.0732,0.0732,3705.1
1683187200000.0,0.0729,0.0731,0.0729,0.0731,12924.3
1683190800000.0,0.0731,0.0731,0.0728,0.0729,1988.3
1683194400000.0,0.0731,0.0734,0.0728,0.0734,40271.9
1683198000000.0,0.0731,0.0733,0.0728,0.0728,280977.5
1683201600000.0,0.0728,0.0731,0.0724,0.0724,78953.9
1683205200000.0,0.0722,0.0723,0.0718,0.0721,71150.9
1683208800000.0,0.0721,0.0721,0.0717,0.0719,48475.8
1683212400000.0,0.072,0.0721,0.0717,0.0717,5310.0
1683216000000.0,0.0716,0.0717,0.0714,0.0716,1905.0
1683219600000.0,0.0717,0.0719,0.0715,0.0717,43666.7
1683223200000.0,0.0716,0.0716,0.0714,0.0715,23728.6
1683226800000.0,0.0713,0.0714,0.0711,0.0713,1803.2
1683230400000.0,0.0715,0.0717,0.0714,0.0715,2325.8
1683237600000.0,0.0716,0.0717,0.0714,0.0714,30681.3
1683241200000.0,0.0717,0.072,0.0717,0.072,22036.8
1683244800000.0,0.0721,0.0724,0.072,0.0724,22289.0
1683248400000.0,0.0722,0.0727,0.0718,0.0727,25521.8
1683252000000.0,0.0727,0.073,0.0723,0.0725,11493.4
1683255600000.0,0.0727,0.0728,0.0723,0.0723,6947.6
1683259200000.0,0.0723,0.0724,0.0723,0.0724,13365.8
1683262800000.0,0.0724,0.0724,0.0716,0.0718,11936.8
1683266400000.0,0.0714,0.0714,0.0713,0.0713,25693.6
1683270000000.0,0.0713,0.0715,0.0711,0.0713,11605.8
1683273600000.0,0.0712,0.0712,0.0712,0.0712,620.6
1683277200000.0,0.0711,0.0713,0.071,0.071,1160.5
1683280800000.0,0.0712,0.0714,0.0712,0.0714,10529.4
1683284400000.0,0.0715,0.073,0.0714,0.0715,321318.9
1683288000000.0,0.0714,0.0714,0.0701,0.0707,32202.5
1683291600000.0,0.0705,0.0712,0.0705,0.0711,25570.8
1683295200000.0,0.0712,0.0718,0.0712,0.0717,39745.4
1683298800000.0,0.0716,0.0717,0.0714,0.0717,6957.1
1683302400000.0,0.0718,0.0729,0.0718,0.0728,14855.9
1683306000000.0,0.0729,0.0731,0.0728,0.0728,12494.6
1683309600000.0,0.0728,0.0731,0.0725,0.0727,9660.9
1683313200000.0,0.0726,0.0728,0.0726,0.0728,1603.3
1683316800000.0,0.073,0.0731,0.0728,0.073,6300.3
1683320400000.0,0.073,0.0735,0.073,0.0734,16903.8
1683324000000.0,0.0734,0.0738,0.0734,0.0737,8266.5
1683327600000.0,0.0736,0.0739,0.0736,0.0736,4729.9
1683331200000.0,0.0734,0.0741,0.0732,0.0737,13885.5
1683334800000.0,0.0737,0.0737,0.0731,0.0731,9564.6
1683338400000.0,0.0728,0.0728,0.0727,0.0727,1119.7
1683342000000.0,0.0727,0.0727,0.0726,0.0726,3236.1
1683345600000.0,0.0728,0.0729,0.0726,0.0726,11540.5
1683349200000.0,0.0727,0.0727,0.0724,0.0724,3030.8
1683352800000.0,0.0723,0.0723,0.0714,0.0714,26262.8
1683356400000.0,0.0713,0.0713,0.071,0.0711,3376.7
1683360000000.0,0.0707,0.0713,0.0706,0.0713,5353.3
1683363600000.0,0.0711,0.0711,0.0708,0.0708,567.1
1683367200000.0,0.0707,0.071,0.0707,0.0709,711.6
1683370800000.0,0.0709,0.0712,0.0707,0.0712,5179.3
1683374400000.0,0.0712,0.0712,0.0704,0.0705,8342.6
1683378000000.0,0.0705,0.0705,0.0701,0.0703,12492.4
1683381600000.0,0.0702,0.0703,0.0686,0.069,78621.8
1683385200000.0,0.0685,0.0689,0.0683,0.0687,52281.8
1683388800000.0,0.0685,0.0689,0.0685,0.0689,26154.3
1683392400000.0,0.0687,0.069,0.0687,0.0688,35670.7
1683396000000.0,0.0689,0.0695,0.0689,0.0695,13920.2
1683399600000.0,0.0695,0.0702,0.0692,0.0692,197626.9
1683403200000.0,0.0689,0.0693,0.0688,0.069,23021.5
1683406800000.0,0.0687,0.0689,0.0686,0.0689,23771.6
1683410400000.0,0.0689,0.0689,0.0686,0.0687,4475.0
1683414000000.0,0.0688,0.0691,0.0687,0.069,6032.6
1683417600000.0,0.0691,0.0691,0.0685,0.0691,72688.2
1683421200000.0,0.0692,0.0692,0.0689,0.0692,53435.7
1683424800000.0,0.0686,0.0686,0.0684,0.0684,25811.8
1683428400000.0,0.0681,0.0682,0.068,0.068,3420.0
1683432000000.0,0.0682,0.0684,0.068,0.0684,822.8
1683435600000.0,0.0684,0.0684,0.0682,0.0682,4030.8
1683439200000.0,0.0686,0.0686,0.0686,0.0686,27444.7
1683442800000.0,0.0687,0.0689,0.0686,0.0689,15630.5
1683446400000.0,0.0688,0.0689,0.0686,0.0687,25492.8
1683450000000.0,0.0686,0.0687,0.0685,0.0687,21132.5
1683453600000.0,0.0686,0.0687,0.0685,0.0687,2452.9
1683457200000.0,0.0686,0.0688,0.0686,0.0687,4433.2
1683460800000.0,0.0687,0.0689,0.0687,0.0689,863.4
1683464400000.0,0.069,0.069,0.0687,0.0687,374.3
1683468000000.0,0.0688,0.0693,0.0687,0.0693,62499.9
1683471600000.0,0.0692,0.0692,0.0677,0.0687,255135.4
1683475200000.0,0.0688,0.0688,0.0682,0.0683,54443.5
1683478800000.0,0.0687,0.0689,0.0682,0.0683,16908.6
1683482400000.0,0.0683,0.0683,0.0678,0.0678,40077.0
1683486000000.0,0.0678,0.0678,0.0673,0.0675,18928.2
1683489600000.0,0.0677,0.068,0.0677,0.0678,100901.8
1683493200000.0,0.0681,0.0683,0.0679,0.068,24609.1
1683496800000.0,0.0677,0.0681,0.0676,0.068,151339.8
1683500400000.0,0.068,0.0682,0.0671,0.0671,19745.1
1683504000000.0,0.0674,0.0677,0.0674,0.0675,3505.3
1683507600000.0,0.0673,0.0673,0.0617,0.064,116093.7
1683511200000.0,0.0635,0.0639,0.0634,0.0639,48055.7
1683514800000.0,0.0641,0.0642,0.0636,0.0639,58110.8
1683518400000.0,0.0641,0.0642,0.0634,0.0634,18284.0
1683522000000.0,0.0633,0.0637,0.0632,0.0637,11454.3
1683525600000.0,0.0636,0.0636,0.0632,0.0632,9675.3
1683529200000.0,0.0632,0.0633,0.062,0.0624,105884.1
1683532800000.0,0.0625,0.0629,0.0624,0.0626,31069.3
1683536400000.0,0.0629,0.0634,0.0629,0.0634,25690.2
1683540000000.0,0.0634,0.0636,0.0633,0.0636,96989.3
1683543600000.0,0.0639,0.0639,0.0636,0.0638,16658.3
1683547200000.0,0.0637,0.0639,0.0635,0.0636,9956.7
1683550800000.0,0.0637,0.064,0.0635,0.0635,7043.5
1683554400000.0,0.0636,0.0636,0.0632,0.0634,25490.5
1683558000000.0,0.0637,0.0637,0.0632,0.0632,18339.7
1683561600000.0,0.0631,0.0632,0.0627,0.0627,32035.7
1683565200000.0,0.0625,0.0628,0.061,0.061,39726.6
1683568800000.0,0.0609,0.0609,0.0581,0.0594,381810.7
1683572400000.0,0.0595,0.061,0.0591,0.0592,342015.4
1683576000000.0,0.0591,0.0595,0.0586,0.0589,55570.6
1683579600000.0,0.0587,0.0587,0.0567,0.0583,476922.6
1683583200000.0,0.0585,0.0587,0.0584,0.0587,48919.8
1683586800000.0,0.0586,0.059,0.0586,0.059,30274.1
1683590400000.0,0.0588,0.0589,0.0584,0.0584,16379.6
1683594000000.0,0.0587,0.059,0.0586,0.0587,16804.7
1683597600000.0,0.0586,0.0586,0.058,0.0583,13013.7
1683601200000.0,0.0584,0.0584,0.0582,0.0584,13435.6
1683604800000.0,0.0585,0.0589,0.0585,0.0589,38344.7
1683608400000.0,0.0588,0.0588,0.0586,0.0588,11277.6
1683612000000.0,0.0586,0.0587,0.058,0.058,3486.6
1683615600000.0,0.058,0.0592,0.058,0.0592,311389.8
1683619200000.0,0.0591,0.0591,0.0587,0.0587,70702.0
1683622800000.0,0.0587,0.0588,0.0585,0.0585,8429.7
1683626400000.0,0.0585,0.0591,0.0585,0.0588,47851.7
1683630000000.0,0.0588,0.0595,0.0587,0.0593,38071.6
1683633600000.0,0.0592,0.0595,0.0591,0.0591,5847.0
1683637200000.0,0.0593,0.0595,0.0589,0.0589,28952.0
1683640800000.0,0.0588,0.059,0.0585,0.0587,4870.3
1683644400000.0,0.0583,0.0585,0.0581,0.0581,72838.8
1683648000000.0,0.0581,0.0581,0.0575,0.058,15701.6
1683651600000.0,0.0583,0.0583,0.058,0.058,960.8
1683655200000.0,0.0579,0.0581,0.0577,0.0578,13128.8
1683658800000.0,0.0576,0.0582,0.0576,0.0582,2477.6
1683662400000.0,0.0583,0.0583,0.058,0.058,15099.0
1683666000000.0,0.058,0.0582,0.0579,0.0581,16658.0
1683669600000.0,0.0581,0.0582,0.058,0.0582,14420.4
1683673200000.0,0.0582,0.0583,0.0581,0.0582,7292.8
1683676800000.0,0.0582,0.0585,0.0579,0.0579,7323.4
1683680400000.0,0.0583,0.0587,0.0583,0.0583,3912.6
1683684000000.0,0.0581,0.0581,0.0578,0.0579,1531.8
1683687600000.0,0.0577,0.059,0.0575,0.058,330825.1
1683691200000.0,0.0578,0.0583,0.0578,0.0582,52648.4
1683694800000.0,0.0583,0.0586,0.0583,0.0586,5358.7
1683698400000.0,0.0583,0.0583,0.058,0.0581,5925.8
1683702000000.0,0.0581,0.0582,0.0579,0.0581,35474.1
1683705600000.0,0.0578,0.058,0.0575,0.0575,4583.8
1683709200000.0,0.0578,0.0578,0.0575,0.0576,4992.4
1683712800000.0,0.0577,0.0577,0.0577,0.0577,2821.7
1683716400000.0,0.0578,0.0579,0.0577,0.0579,21507.0
1683720000000.0,0.0579,0.0601,0.0572,0.06,224247.3
1683723600000.0,0.0602,0.0607,0.0599,0.0603,66714.3
1683727200000.0,0.0607,0.0611,0.0606,0.0607,11071.8
1683730800000.0,0.061,0.0616,0.0608,0.0614,6160.5
1683734400000.0,0.0612,0.0623,0.0612,0.0616,15414.2
1683738000000.0,0.0616,0.0624,0.0578,0.0599,159335.0
1683741600000.0,0.0598,0.0604,0.0597,0.0604,17096.0
1683745200000.0,0.0606,0.0613,0.0606,0.0609,14406.2
1683748800000.0,0.0608,0.0619,0.0608,0.0619,6908.3
1683752400000.0,0.0617,0.0618,0.0592,0.061,291377.7
1683756000000.0,0.061,0.0615,0.061,0.0615,36511.1
1683759600000.0,0.0621,0.0621,0.0619,0.0621,30832.2
1683763200000.0,0.0619,0.0619,0.0606,0.0607,15071.3
1683766800000.0,0.0608,0.061,0.0607,0.0607,21743.5
1683770400000.0,0.0608,0.0608,0.0602,0.0604,3806.4
1683774000000.0,0.0602,0.0602,0.0599,0.06,1618.1
1683777600000.0,0.06,0.0603,0.06,0.0603,47.8
1683781200000.0,0.0602,0.0602,0.0596,0.06,3273.9
1683784800000.0,0.0599,0.0599,0.0595,0.0598,68600.2
1683788400000.0,0.0601,0.0602,0.0599,0.0599,15853.8
1683792000000.0,0.0595,0.06,0.0593,0.0595,19348.4
1683795600000.0,0.0596,0.0596,0.0596,0.0596,2606.4
1683799200000.0,0.0597,0.0603,0.0597,0.0603,9431.3
1683802800000.0,0.0601,0.0605,0.0599,0.0599,6702.5
1683806400000.0,0.0599,0.0606,0.0597,0.0597,9575.9
1683810000000.0,0.0598,0.0599,0.0591,0.0593,6775.8
1683813600000.0,0.0592,0.0607,0.0587,0.0592,182988.5
1683817200000.0,0.0593,0.0594,0.0586,0.0592,68148.2
1683820800000.0,0.059,0.0597,0.059,0.0593,4715.1
1683824400000.0,0.0593,0.0593,0.0576,0.0584,52456.0
1683828000000.0,0.0582,0.0583,0.0576,0.0581,12871.6
1683831600000.0,0.058,0.0585,0.0575,0.0578,5915.5
1683835200000.0,0.0578,0.0583,0.0578,0.0583,941.6
1683838800000.0,0.0583,0.0585,0.0582,0.0585,18115.3
1683842400000.0,0.0587,0.0589,0.0585,0.0586,5301.9
1683846000000.0,0.0586,0.059,0.0583,0.0589,2191.5
1683849600000.0,0.0586,0.0586,0.0583,0.0586,833.9
1683853200000.0,0.0587,0.0588,0.0576,0.0576,2610.2
1683856800000.0,0.0575,0.0577,0.0566,0.0568,9178.5
1683860400000.0,0.057,0.057,0.0563,0.0563,14333.2
1683864000000.0,0.0563,0.0573,0.0563,0.0573,5793.7
1683867600000.0,0.0576,0.0576,0.0563,0.0565,23504.7
1683871200000.0,0.0564,0.0571,0.0562,0.0571,2409.6
1683874800000.0,0.0571,0.0573,0.0569,0.0573,211010.0
1683878400000.0,0.0574,0.0574,0.0571,0.0574,10190.0
1683882000000.0,0.0573,0.0582,0.0573,0.0582,7279.8
1683885600000.0,0.0579,0.058,0.0578,0.0578,1596.3
1683889200000.0,0.058,0.058,0.0575,0.0576,3248.4
1683892800000.0,0.0575,0.0581,0.0575,0.058,7066.9
1683896400000.0,0.058,0.0581,0.0577,0.0581,1229.0
1683900000000.0,0.0582,0.0584,0.0577,0.0577,5573.8
1683903600000.0,0.0577,0.0578,0.0575,0.0577,46384.5
1683907200000.0,0.0575,0.0581,0.0575,0.0579,32144.9
1683910800000.0,0.058,0.0583,0.0577,0.0579,43850.3
1683914400000.0,0.0581,0.0581,0.0579,0.0581,4713.0
1683918000000.0,0.0579,0.0585,0.0569,0.0585,10060.5
1683921600000.0,0.0582,0.0588,0.0582,0.0588,22726.6
1683925200000.0,0.0589,0.0593,0.0588,0.0593,15609.0
1683928800000.0,0.0597,0.0597,0.0596,0.0596,737.6
1683932400000.0,0.0597,0.06,0.0597,0.0599,3039.1
1683936000000.0,0.0599,0.0599,0.0592,0.0595,3176.9
1683939600000.0,0.0593,0.0595,0.0591,0.0591,6166.4
1683943200000.0,0.0591,0.0591,0.0559,0.0587,352614.8
1683946800000.0,0.0587,0.0588,0.0587,0.0588,3056.7
1683950400000.0,0.0588,0.059,0.0588,0.0589,4121.0
1683954000000.0,0.0588,0.059,0.0587,0.0588,3006.2
1683957600000.0,0.0587,0.0589,0.0587,0.0587,882.6
1683961200000.0,0.0589,0.059,0.0588,0.059,15257.3
1683964800000.0,0.0591,0.0592,0.0589,0.0589,3607.3
1683968400000.0,0.0591,0.0593,0.0591,0.0593,1137.3
1683972000000.0,0.059,0.0592,0.059,0.059,385.5
1683975600000.0,0.059,0.0593,0.059,0.0592,133.2
1683979200000.0,0.0592,0.0595,0.0589,0.059,40041.1
1683982800000.0,0.0592,0.0593,0.0585,0.0586,22127.8
1683986400000.0,0.0586,0.0586,0.0582,0.0582,11423.6
1683990000000.0,0.0583,0.0586,0.0581,0.0586,102.8
1683993600000.0,0.0585,0.0585,0.0583,0.0585,12528.5
1683997200000.0,0.0585,0.0588,0.0584,0.0585,9303.4
1684000800000.0,0.0585,0.059,0.0585,0.0586,1329.7
1684004400000.0,0.0587,0.0591,0.0586,0.0587,8091.3
1684008000000.0,0.059,0.059,0.0587,0.0587,143.3
1684011600000.0,0.0588,0.059,0.0588,0.059,292.1
1684015200000.0,0.0589,0.059,0.0589,0.0589,1305.0
1684018800000.0,0.0591,0.0592,0.0589,0.0589,579.9
1684022400000.0,0.0588,0.0589,0.0582,0.0583,2169.3
1684026000000.0,0.0585,0.0585,0.0581,0.0581,828.3
1684029600000.0,0.0582,0.0584,0.0582,0.0584,149.2
1684033200000.0,0.0587,0.0588,0.0586,0.0588,3913.7
1684036800000.0,0.059,0.0593,0.0589,0.0591,2316.8
1684040400000.0,0.0593,0.0596,0.0592,0.0596,7323.0
1684044000000.0,0.0597,0.0598,0.0596,0.0598,1132.2
1684047600000.0,0.0596,0.0596,0.0595,0.0595,2590.4
1684051200000.0,0.0593,0.0593,0.0591,0.0591,1512.5
1684054800000.0,0.0592,0.0594,0.0591,0.0594,4012.8
1684058400000.0,0.0594,0.0596,0.0592,0.0595,29358.8
1684062000000.0,0.0595,0.06,0.0595,0.0597,8296.3
1684069200000.0,0.0599,0.0604,0.0598,0.0604,2009.4
1684072800000.0,0.0602,0.0602,0.0601,0.0602,626.2
1684076400000.0,0.0603,0.0606,0.0602,0.0602,10101.3
1684080000000.0,0.0601,0.0601,0.0599,0.0599,449.5
1684083600000.0,0.0598,0.06,0.0598,0.0599,254.6
1684087200000.0,0.0598,0.0598,0.0593,0.0594,3712.4
1684090800000.0,0.0593,0.0595,0.0591,0.0591,2869.5
1684094400000.0,0.0592,0.0594,0.0592,0.0594,243.6
1684098000000.0,0.0593,0.0598,0.0593,0.0598,2108.3
1684101600000.0,0.0598,0.0602,0.0598,0.0602,372.1
1684105200000.0,0.06,0.0602,0.0599,0.06,9958.8
1684108800000.0,0.0604,0.0604,0.059,0.0592,39893.6
1684112400000.0,0.0593,0.0604,0.0593,0.0603,5152.1
1684116000000.0,0.0602,0.0602,0.0599,0.0599,9572.4
1684119600000.0,0.06,0.0604,0.06,0.0602,5010.7
1684123200000.0,0.0602,0.0603,0.0602,0.0603,1008.8
1684126800000.0,0.0603,0.0603,0.0601,0.0601,38351.0
1684130400000.0,0.0602,0.0607,0.0602,0.0607,3141.5
1684134000000.0,0.0607,0.0607,0.0607,0.0607,152.3
1684137600000.0,0.0608,0.0615,0.0608,0.0615,10301.9
1684141200000.0,0.0614,0.0615,0.0609,0.0609,9504.4
1684144800000.0,0.0611,0.0612,0.0611,0.0611,2866.7
1684148400000.0,0.0608,0.061,0.0607,0.0608,1042.2
1684152000000.0,0.0608,0.0608,0.0604,0.0606,1974.2
1684155600000.0,0.0606,0.0607,0.0605,0.0606,378.6
1684159200000.0,0.0606,0.0607,0.0603,0.0607,14448.3
1684162800000.0,0.0609,0.0611,0.0608,0.0608,44000.1
1684166400000.0,0.061,0.0612,0.061,0.061,5921.9
1684170000000.0,0.0611,0.0614,0.0609,0.061,55160.2
1684173600000.0,0.0611,0.0611,0.0606,0.0607,9419.1
1684177200000.0,0.0608,0.0611,0.0608,0.0609,17805.5
1684180800000.0,0.061,0.061,0.0609,0.061,14.8
1684184400000.0,0.0609,0.0611,0.0609,0.0611,1015.3
1684188000000.0,0.0613,0.0615,0.0612,0.0613,28843.8
1684191600000.0,0.0613,0.0614,0.061,0.061,56316.0
1684195200000.0,0.0612,0.0617,0.0609,0.0611,71404.5
1684198800000.0,0.0611,0.0613,0.0601,0.0604,192419.6
1684202400000.0,0.0606,0.0607,0.0606,0.0606,13186.4
1684209600000.0,0.0607,0.0609,0.0607,0.0608,2802.2
1684213200000.0,0.0609,0.0611,0.0609,0.0609,2204.4
1684216800000.0,0.0604,0.0607,0.0604,0.0606,19075.6
1684220400000.0,0.0607,0.0618,0.0607,0.0618,5866.9
1684224000000.0,0.062,0.062,0.0616,0.0616,86432.9
1684227600000.0,0.0616,0.0619,0.0616,0.0619,12777.2
1684231200000.0,0.0617,0.0617,0.0612,0.0612,28380.3
1684234800000.0,0.0612,0.0615,0.0612,0.0613,3311.9
1684238400000.0,0.0613,0.0617,0.0612,0.0617,25322.1
1684242000000.0,0.0615,0.0618,0.0603,0.0612,243208.0
1684245600000.0,0.0612,0.0614,0.0609,0.0612,75254.1
1684249200000.0,0.0614,0.0616,0.0613,0.0616,4165.5
1684252800000.0,0.0616,0.0619,0.0614,0.0618,19430.3
1684256400000.0,0.0616,0.0618,0.0614,0.0616,23219.5
1684260000000.0,0.0618,0.0618,0.0616,0.0616,2186.4
1684263600000.0,0.0615,0.0617,0.0614,0.0614,1358.4
1684267200000.0,0.0612,0.0617,0.0612,0.0616,4058.3
1684270800000.0,0.0617,0.0622,0.0617,0.0622,18188.2
1684274400000.0,0.0621,0.0625,0.0621,0.0625,2027.8
1684278000000.0,0.0624,0.0626,0.0622,0.0622,1821.3
1684281600000.0,0.062,0.0622,0.0618,0.0622,13933.0
1684285200000.0,0.0625,0.063,0.0625,0.0628,11901.8
1684288800000.0,0.0631,0.0633,0.0629,0.0629,2177.4
1684292400000.0,0.0629,0.0632,0.0629,0.0631,12441.6
1684296000000.0,0.063,0.0631,0.0629,0.063,227.1
1684299600000.0,0.0628,0.0628,0.0621,0.0621,1459.1
1684303200000.0,0.0621,0.0621,0.0619,0.0619,295.9
1684306800000.0,0.062,0.062,0.0613,0.0614,25956.7
1684310400000.0,0.0612,0.0612,0.0607,0.0607,4692.7
1684314000000.0,0.061,0.0617,0.061,0.0616,371.1
1684317600000.0,0.0612,0.0614,0.0612,0.0612,1625.9
1684321200000.0,0.0613,0.0614,0.0608,0.061,2080.8
1684324800000.0,0.0611,0.0612,0.0609,0.0612,2146.0
1684328400000.0,0.061,0.0615,0.061,0.0613,648.6
1684332000000.0,0.0611,0.0614,0.0604,0.061,1420.5
1684335600000.0,0.0611,0.0612,0.061,0.0612,1265.9
1684339200000.0,0.0613,0.0619,0.0612,0.0619,21429.9
1684342800000.0,0.0619,0.0628,0.0619,0.0627,4071.7
1684346400000.0,0.0627,0.0637,0.0627,0.0633,28121.7
1684350000000.0,0.0635,0.0647,0.0635,0.0645,16261.7
1684353600000.0,0.0644,0.0647,0.0642,0.0646,11882.1
1684357200000.0,0.0647,0.0649,0.0645,0.0648,1812.7
1684360800000.0,0.0645,0.0647,0.0643,0.0643,115141.8
1684364400000.0,0.0646,0.065,0.0646,0.0649,333517.9
1684368000000.0,0.0649,0.065,0.0644,0.0644,8944.8
1684371600000.0,0.0647,0.0648,0.0641,0.0641,16098.6
1684375200000.0,0.0643,0.0644,0.0641,0.0644,8149.2
1684378800000.0,0.0643,0.0643,0.0641,0.0642,1544.5
1684382400000.0,0.0641,0.0641,0.0639,0.064,38278.3
1684386000000.0,0.064,0.064,0.0638,0.0638,3332.8
1684389600000.0,0.0637,0.0637,0.0633,0.0633,10917.2
1684393200000.0,0.0635,0.0638,0.0635,0.0638,1078.0
1684396800000.0,0.0638,0.064,0.0638,0.0639,28042.7
1684400400000.0,0.0639,0.0642,0.0639,0.0639,11824.2
1684404000000.0,0.064,0.0641,0.0638,0.064,766.3
1684407600000.0,0.0638,0.064,0.0638,0.064,987.5
1684411200000.0,0.064,0.064,0.0635,0.0635,31728.3
1684414800000.0,0.0633,0.0637,0.0632,0.0635,27052.5
1684418400000.0,0.0636,0.0636,0.0632,0.0636,14696.4
1684422000000.0,0.0638,0.0638,0.0633,0.0635,20231.5
1684425600000.0,0.0633,0.0638,0.0632,0.0636,18345.9
1684429200000.0,0.0636,0.0637,0.0618,0.0618,42068.5
1684432800000.0,0.062,0.0622,0.062,0.0622,4737.7
1684436400000.0,0.0628,0.0634,0.0628,0.0631,1114.5
1684440000000.0,0.0629,0.0629,0.0628,0.0629,5434.0
1684443600000.0,0.0629,0.0638,0.0629,0.0638,1425.9
1684447200000.0,0.0639,0.0643,0.0639,0.064,4616.2
1684450800000.0,0.064,0.064,0.0636,0.0636,638.0
1684454400000.0,0.0639,0.0639,0.0635,0.0635,6859.3
1684458000000.0,0.0635,0.0639,0.0634,0.0634,1987.2
1684461600000.0,0.0633,0.0636,0.0632,0.0634,206524.6
1684465200000.0,0.0634,0.0638,0.0634,0.0638,6406.1
1684468800000.0,0.064,0.064,0.0639,0.0639,34.5
1684472400000.0,0.064,0.064,0.0638,0.0639,911.5
1684476000000.0,0.064,0.064,0.0638,0.064,5906.9
1684479600000.0,0.0642,0.0642,0.0637,0.0637,1123.8
1684486800000.0,0.064,0.064,0.0636,0.0638,11418.8
1684490400000.0,0.064,0.064,0.0639,0.0639,162.0
1684494000000.0,0.0639,0.0639,0.0636,0.0636,2065.7
1684497600000.0,0.0642,0.0647,0.0642,0.0646,2597.8
1684501200000.0,0.0644,0.0644,0.0642,0.0642,5266.2
1684504800000.0,0.0642,0.0643,0.0641,0.0641,1293.3
1684508400000.0,0.0641,0.0649,0.0641,0.0649,12473.7
1684512000000.0,0.0647,0.0649,0.0644,0.0644,8642.4
1684515600000.0,0.0645,0.0654,0.0645,0.0653,23996.8
1684519200000.0,0.0652,0.0656,0.065,0.0651,47324.6
1684522800000.0,0.0649,0.065,0.0646,0.0648,47501.5
1684526400000.0,0.0647,0.0647,0.0647,0.0647,29560.8
1684530000000.0,0.0647,0.065,0.0647,0.0648,4353.1
1684533600000.0,0.065,0.0653,0.0648,0.0651,14816.2
1684537200000.0,0.0651,0.0652,0.0649,0.0649,5268.2
1684540800000.0,0.0651,0.0651,0.0644,0.0644,22086.9
1684544400000.0,0.0644,0.0647,0.0643,0.0647,157461.6
1684548000000.0,0.065,0.065,0.0645,0.0645,22096.1
1684551600000.0,0.0648,0.0648,0.0648,0.0648,1661.0
1684555200000.0,0.0649,0.0649,0.0646,0.0648,2598.8
1684562400000.0,0.0647,0.0647,0.0646,0.0647,10034.1
1684566000000.0,0.0646,0.0646,0.0646,0.0646,2493.3
1684569600000.0,0.0646,0.0648,0.0644,0.0648,30985.1
1684573200000.0,0.0648,0.0648,0.0647,0.0647,10934.0
1684576800000.0,0.0646,0.0648,0.0646,0.0646,29878.0
1684580400000.0,0.0647,0.0649,0.0647,0.0648,3484.9
1684584000000.0,0.0649,0.0651,0.0648,0.0649,10204.9
1684587600000.0,0.0651,0.0651,0.0648,0.0648,20597.2
1684591200000.0,0.065,0.065,0.065,0.065,6154.8
1684594800000.0,0.0651,0.0651,0.065,0.065,1161.5
1684602000000.0,0.0647,0.0649,0.0647,0.0649,1800.2
1684605600000.0,0.0648,0.0651,0.0646,0.0646,35478.2
1684609200000.0,0.0649,0.0649,0.0646,0.0649,2588.2
1684612800000.0,0.0649,0.065,0.0649,0.065,1352.6
1684616400000.0,0.0648,0.065,0.0646,0.065,7550.0
1684620000000.0,0.0648,0.0649,0.0644,0.0648,182539.6
1684623600000.0,0.0651,0.0652,0.0651,0.0652,2326.5
1684627200000.0,0.0651,0.0651,0.0647,0.065,19268.7
1684630800000.0,0.0651,0.0651,0.0646,0.0646,29663.2
1684634400000.0,0.0646,0.0648,0.0646,0.0648,6229.1
1684638000000.0,0.0647,0.0647,0.0646,0.0646,38.9
1684641600000.0,0.0647,0.0647,0.0646,0.0646,34.1
1684648800000.0,0.0645,0.0646,0.0644,0.0644,92.9
1684652400000.0,0.0644,0.0644,0.0643,0.0644,21030.3
1684656000000.0,0.0643,0.0643,0.0639,0.0639,6822.7
1684659600000.0,0.0638,0.0638,0.0635,0.0635,1579.7
1684663200000.0,0.0635,0.0635,0.0631,0.0631,17180.1
1684666800000.0,0.0631,0.0632,0.0629,0.063,31141.4
1684674000000.0,0.0631,0.0631,0.063,0.063,2542.3
1684677600000.0,0.0631,0.0635,0.0631,0.0633,1328.3
1684681200000.0,0.0631,0.0633,0.0624,0.0626,45005.6
1684684800000.0,0.0624,0.0625,0.0619,0.0619,6301.3
1684688400000.0,0.0621,0.0622,0.0619,0.062,18041.3
1684692000000.0,0.0619,0.0622,0.0619,0.0622,2217.9
1684695600000.0,0.0621,0.0625,0.0621,0.0625,866.9
1684699200000.0,0.0625,0.0625,0.0621,0.0621,6915.2
1684702800000.0,0.0621,0.0621,0.0618,0.0621,13730.3
1684706400000.0,0.0622,0.0625,0.0622,0.0625,8437.8
1684710000000.0,0.0627,0.0627,0.0625,0.0625,7426.9
1684713600000.0,0.0624,0.0624,0.061,0.0614,8383.4
1684717200000.0,0.0613,0.0613,0.061,0.0611,7547.1
1684720800000.0,0.061,0.0615,0.061,0.0614,8972.1
1684724400000.0,0.0614,0.0614,0.0611,0.0613,32976.0
1684728000000.0,0.0613,0.0617,0.0613,0.0616,7606.0
1684731600000.0,0.0617,0.0617,0.0617,0.0617,460.9
1684735200000.0,0.0617,0.0622,0.0617,0.0621,2618.1
1684738800000.0,0.0621,0.0621,0.0619,0.0619,448.1
1684742400000.0,0.0619,0.062,0.0619,0.062,20057.3
1684746000000.0,0.062,0.0623,0.062,0.0623,301.7
1684749600000.0,0.0625,0.0626,0.0625,0.0625,631.5
1684756800000.0,0.0626,0.0626,0.0624,0.0624,11796.5
1684760400000.0,0.0622,0.0628,0.0622,0.0628,2269.8
1684764000000.0,0.0628,0.0629,0.0627,0.0628,4054.2
1684767600000.0,0.0627,0.0629,0.0625,0.0629,31576.0
1684771200000.0,0.0629,0.0629,0.0623,0.0623,27963.5
1684774800000.0,0.0625,0.0625,0.0625,0.0625,7725.4
1684778400000.0,0.0627,0.0627,0.0626,0.0626,1621.7
1684782000000.0,0.0627,0.0627,0.0624,0.0624,16435.1
1684785600000.0,0.0625,0.0626,0.0625,0.0626,5644.7
1684789200000.0,0.0626,0.0629,0.0626,0.0628,4033.9
1684792800000.0,0.0629,0.0629,0.0626,0.0626,16918.7
1684796400000.0,0.0628,0.0628,0.0628,0.0628,239.3
1684800000000.0,0.0625,0.0627,0.0623,0.0623,136.3
1684803600000.0,0.0623,0.063,0.0622,0.0627,8867.5
1684807200000.0,0.0628,0.063,0.0628,0.063,348.5
1684810800000.0,0.0631,0.0641,0.0631,0.0641,6492.2
1684814400000.0,0.0641,0.0643,0.0638,0.064,152344.6
1684818000000.0,0.0641,0.0641,0.064,0.064,50.0
1684821600000.0,0.0641,0.0643,0.0637,0.0637,302.1
1684825200000.0,0.0637,0.0637,0.0635,0.0637,2171.5
1684828800000.0,0.0636,0.0636,0.0633,0.0635,13497.3
1684832400000.0,0.0635,0.0635,0.0633,0.0633,2785.9
1684836000000.0,0.0632,0.0632,0.0631,0.0631,1991.6
1684839600000.0,0.0631,0.0632,0.0629,0.063,1995.5
1684843200000.0,0.0631,0.0633,0.0631,0.0631,5561.1
1684846800000.0,0.0631,0.0631,0.0629,0.063,860.5
1684850400000.0,0.0629,0.0633,0.0629,0.0633,17280.0
1684854000000.0,0.0632,0.0632,0.063,0.0631,11064.2
1684857600000.0,0.0632,0.0635,0.0632,0.0635,15591.4
1684861200000.0,0.0632,0.064,0.0632,0.0636,9923.5
1684864800000.0,0.0635,0.0636,0.0634,0.0635,25785.4
1684868400000.0,0.0634,0.0638,0.0633,0.0638,23107.8
1684872000000.0,0.0637,0.064,0.0636,0.0639,3477.5
1684875600000.0,0.0641,0.0642,0.064,0.0641,6522.4
1684879200000.0,0.0641,0.0644,0.064,0.0643,23785.5
1684882800000.0,0.0645,0.0646,0.0644,0.0644,15511.8
1684886400000.0,0.0644,0.0645,0.0642,0.0642,9749.5
1684890000000.0,0.0642,0.0644,0.0642,0.0643,18258.9
1684893600000.0,0.0642,0.0647,0.0642,0.0646,21781.9
1684897200000.0,0.0648,0.0649,0.063,0.0635,126199.5
1684900800000.0,0.063,0.0634,0.063,0.0634,6440.1
1684904400000.0,0.0635,0.0637,0.0634,0.0634,1833.6
1684908000000.0,0.0636,0.0636,0.0621,0.0621,6884.4
1684911600000.0,0.0624,0.0627,0.0624,0.0625,4619.0
1684915200000.0,0.0625,0.0628,0.0625,0.0628,715.8
1684918800000.0,0.063,0.063,0.063,0.063,409.8
1684926000000.0,0.0632,0.0632,0.0627,0.0627,2910.6
1684929600000.0,0.0628,0.0629,0.0628,0.0629,2365.0
1684933200000.0,0.0628,0.0629,0.0613,0.0616,8947.3
1684936800000.0,0.0618,0.0619,0.0612,0.0616,19455.3
1684940400000.0,0.0612,0.0617,0.061,0.0614,14131.2
1684944000000.0,0.0616,0.0617,0.0613,0.0615,27112.0
1684947600000.0,0.0615,0.0619,0.0613,0.0619,1894.3
1684951200000.0,0.0617,0.0618,0.0616,0.0617,1091.2
1684954800000.0,0.0616,0.0621,0.0615,0.062,5261.0
1684958400000.0,0.062,0.063,0.062,0.0628,2933.6
1684962000000.0,0.0629,0.0635,0.0629,0.0632,12687.7
1684965600000.0,0.0634,0.0636,0.0634,0.0636,4137.6
1684969200000.0,0.064,0.064,0.0637,0.0637,2566.8
1684972800000.0,0.0638,0.064,0.0631,0.0631,8594.8
1684976400000.0,0.0631,0.0634,0.0618,0.0622,12274.4
1684980000000.0,0.062,0.062,0.0617,0.0617,4321.9
1684983600000.0,0.0618,0.0621,0.0618,0.0621,8681.7
1684987200000.0,0.0621,0.0624,0.0621,0.0623,121.5
1684994400000.0,0.0621,0.0621,0.0616,0.0621,7599.0
1684998000000.0,0.0618,0.062,0.0613,0.0615,2265.1
1685001600000.0,0.0614,0.0616,0.0614,0.0615,278.8
1685005200000.0,0.0617,0.0617,0.0614,0.0616,4161.1
1685008800000.0,0.0616,0.0619,0.0616,0.0617,388.5
1685012400000.0,0.0619,0.0619,0.0617,0.0619,67.9
1685016000000.0,0.0621,0.0625,0.0621,0.0623,1467.5
1685019600000.0,0.0625,0.0625,0.0621,0.0621,16893.1
1685023200000.0,0.0625,0.0625,0.0622,0.0625,171.1
1685026800000.0,0.0624,0.0624,0.0618,0.062,3363.7
1685030400000.0,0.062,0.062,0.0619,0.062,2045.1
1685034000000.0,0.0619,0.062,0.0618,0.062,990.8
1685037600000.0,0.0621,0.0622,0.0621,0.0622,10969.8
1685041200000.0,0.0622,0.0628,0.0622,0.0624,3205.3
1685044800000.0,0.0625,0.0626,0.0623,0.0624,5005.4
1685048400000.0,0.0621,0.0621,0.0618,0.062,50168.6
1685052000000.0,0.062,0.062,0.0619,0.0619,1724.8
1685055600000.0,0.0619,0.0619,0.0616,0.0616,17232.0
1685059200000.0,0.0615,0.0615,0.0612,0.0612,3731.3
1685062800000.0,0.0614,0.0614,0.0609,0.061,19580.7
1685066400000.0,0.0608,0.061,0.0605,0.061,6431.1
1685070000000.0,0.061,0.0613,0.0609,0.0613,11029.9
1685073600000.0,0.0613,0.0614,0.061,0.061,4794.7
1685077200000.0,0.061,0.061,0.0605,0.0605,1985.6
1685080800000.0,0.0605,0.0608,0.0604,0.0608,49245.8
1685084400000.0,0.0611,0.0612,0.0611,0.0612,8014.0
1685088000000.0,0.0614,0.0614,0.0613,0.0614,68.3
1685091600000.0,0.0614,0.0615,0.0614,0.0614,328.0
1685095200000.0,0.0615,0.0617,0.0615,0.0616,105.6
1685098800000.0,0.0615,0.0615,0.0614,0.0614,1625.0
1685102400000.0,0.0616,0.0617,0.0613,0.0613,8600.9
1685106000000.0,0.0614,0.062,0.0614,0.0617,356.6
1685109600000.0,0.0617,0.0625,0.0617,0.0622,19410.9
1685113200000.0,0.0624,0.0625,0.0623,0.0624,200.8
1685116800000.0,0.0622,0.0624,0.0622,0.0623,4049.6
1685120400000.0,0.0624,0.0624,0.0621,0.0621,752.3
1685124000000.0,0.0621,0.0625,0.0621,0.0624,61204.8
1685127600000.0,0.0624,0.0628,0.0624,0.0628,18429.8
1685131200000.0,0.0628,0.0628,0.0627,0.0628,360.2
1685134800000.0,0.0627,0.0627,0.0622,0.0622,19853.5
1685138400000.0,0.0625,0.0625,0.0624,0.0624,636.8
1685142000000.0,0.0622,0.0624,0.0622,0.0622,1049.9
1685145600000.0,0.0622,0.0623,0.0621,0.0621,83.2
1685149200000.0,0.0622,0.0624,0.0622,0.0623,202.9
1685152800000.0,0.0623,0.0626,0.0622,0.0624,26323.1
1685156400000.0,0.0622,0.0625,0.0622,0.0623,2887.6
1685160000000.0,0.0625,0.0625,0.0621,0.0624,7390.3
1685163600000.0,0.0625,0.0628,0.0625,0.0628,2188.4
1685167200000.0,0.0626,0.0626,0.0626,0.0626,716.1
1685170800000.0,0.0623,0.0624,0.0623,0.0624,3593.6
1685174400000.0,0.0625,0.0625,0.0623,0.0623,1132.5
1685178000000.0,0.0623,0.0627,0.0623,0.0625,8926.2
1685181600000.0,0.0624,0.0625,0.0624,0.0625,35.4
1685185200000.0,0.0625,0.0626,0.0624,0.0626,410.1
1685188800000.0,0.0625,0.0627,0.0625,0.0625,743.3
1685192400000.0,0.0625,0.0626,0.0622,0.0622,4005.6
1685196000000.0,0.0623,0.0626,0.0623,0.0626,1878.5
1685199600000.0,0.0627,0.0629,0.0626,0.0629,5255.4
1685203200000.0,0.063,0.063,0.0628,0.0628,1035.4
1685206800000.0,0.0628,0.0628,0.0627,0.0627,159.5
1685210400000.0,0.063,0.063,0.0627,0.0628,23477.4
1685214000000.0,0.0628,0.0629,0.0628,0.0628,19.3
1685217600000.0,0.0629,0.0629,0.0629,0.0629,212.4
1685221200000.0,0.063,0.0632,0.0629,0.0632,20017.3
1685224800000.0,0.0631,0.0636,0.0631,0.0635,538.5
1685228400000.0,0.0637,0.0637,0.0635,0.0636,1855.7
1685232000000.0,0.0636,0.0644,0.0636,0.0644,2952.9
1685235600000.0,0.0644,0.0648,0.0642,0.0644,18766.9
1685239200000.0,0.0644,0.0644,0.0643,0.0643,31.0
1685242800000.0,0.0642,0.0645,0.0642,0.0644,2172.3
1685246400000.0,0.0646,0.0647,0.0645,0.0645,3054.5
1685250000000.0,0.0644,0.0645,0.0641,0.0641,39209.2
1685253600000.0,0.0643,0.0644,0.0643,0.0643,10671.9
1685257200000.0,0.0644,0.0647,0.0644,0.0644,47421.8
1685260800000.0,0.0647,0.0648,0.0641,0.0643,30889.5
1685264400000.0,0.0645,0.0645,0.0642,0.0642,1084.5
1685268000000.0,0.0642,0.0647,0.0641,0.0647,34886.7
1685271600000.0,0.0648,0.0648,0.0643,0.0644,28744.5
1685275200000.0,0.0644,0.0645,0.0642,0.0642,9513.3
1685282400000.0,0.0643,0.0643,0.0641,0.0641,1861.0
1685286000000.0,0.0641,0.0642,0.0641,0.0641,488.9
1685289600000.0,0.0642,0.0642,0.064,0.064,96910.0
1685293200000.0,0.0642,0.0642,0.064,0.0641,7581.4
1685296800000.0,0.0639,0.0643,0.0638,0.064,20215.9
1685300400000.0,0.064,0.0641,0.0635,0.0636,15572.6
1685304000000.0,0.0638,0.0641,0.0638,0.0639,3607.9
1685307600000.0,0.064,0.0645,0.064,0.0645,15524.4
1685311200000.0,0.0647,0.0663,0.0647,0.0662,22306.8
1685314800000.0,0.0662,0.0662,0.0654,0.0654,3812.8
1685318400000.0,0.0653,0.0654,0.0651,0.0654,7049.7
1685322000000.0,0.0652,0.0655,0.0652,0.0654,30493.2
1685325600000.0,0.0652,0.0656,0.0648,0.0648,266847.1
1685329200000.0,0.0649,0.0649,0.0645,0.0646,77334.4
1685332800000.0,0.0646,0.0646,0.064,0.064,11752.9
1685336400000.0,0.0644,0.0645,0.0643,0.0645,224.4
1685340000000.0,0.0646,0.0647,0.0643,0.0647,16887.8
1685343600000.0,0.0647,0.0649,0.0646,0.0649,1621.1
1685347200000.0,0.0649,0.065,0.0648,0.0649,156.0
1685350800000.0,0.0649,0.0653,0.0648,0.0651,1476.9
1685354400000.0,0.0651,0.0653,0.0647,0.0649,3335.3
1685358000000.0,0.0649,0.0651,0.0648,0.0651,9212.6
1685361600000.0,0.065,0.0651,0.0649,0.0649,21732.0
1685365200000.0,0.0648,0.0649,0.0647,0.0647,5004.7
1685368800000.0,0.0647,0.0648,0.0643,0.0644,561.9
1685372400000.0,0.0643,0.0645,0.0639,0.064,72588.5
1685376000000.0,0.0639,0.0642,0.0637,0.0639,4180.6
1685379600000.0,0.0637,0.0639,0.0635,0.0639,3186.9
1685383200000.0,0.064,0.064,0.0623,0.0639,345679.6
1685386800000.0,0.0639,0.0639,0.0638,0.0638,2967.0
1685390400000.0,0.0639,0.0639,0.0636,0.0639,15276.5
1685394000000.0,0.0639,0.0642,0.0639,0.064,9108.5
1685397600000.0,0.0639,0.0641,0.0637,0.064,7628.8
1685401200000.0,0.064,0.0644,0.064,0.0644,5773.8
1685404800000.0,0.0643,0.0643,0.0638,0.064,6982.5
1685408400000.0,0.0639,0.0645,0.0639,0.0644,2907.2
1685412000000.0,0.0643,0.0646,0.0643,0.0646,2334.1
1685415600000.0,0.0648,0.0649,0.0648,0.0649,67.4
1685419200000.0,0.0645,0.0645,0.0643,0.0644,12983.7
1685422800000.0,0.0642,0.0642,0.0639,0.0639,2093.2
1685426400000.0,0.0639,0.0642,0.0639,0.0642,15391.5
1685430000000.0,0.0643,0.0643,0.0638,0.0638,53407.3
1685433600000.0,0.064,0.0641,0.0639,0.064,610.0
1685437200000.0,0.0641,0.0647,0.0641,0.0645,7500.8
1685440800000.0,0.0646,0.0655,0.0646,0.0653,13651.4
1685444400000.0,0.0653,0.0657,0.0653,0.0655,3935.8
1685448000000.0,0.0655,0.0655,0.065,0.065,9251.6
1685451600000.0,0.0652,0.0655,0.0649,0.0649,12266.5
1685455200000.0,0.0648,0.0651,0.0643,0.0643,50188.7
1685458800000.0,0.0643,0.0647,0.0643,0.0647,3026.1
1685462400000.0,0.0645,0.0649,0.0644,0.0649,7907.9
1685466000000.0,0.0645,0.0645,0.0643,0.0645,2196.6
1685469600000.0,0.0645,0.0645,0.0645,0.0645,2760.2
1685473200000.0,0.0647,0.0648,0.0645,0.0647,135925.3
1685476800000.0,0.0647,0.0649,0.0646,0.0648,4388.2
1685480400000.0,0.0649,0.0651,0.0648,0.0649,1520.0
1685484000000.0,0.0648,0.0651,0.0648,0.0651,1169.5
1685487600000.0,0.0651,0.0653,0.065,0.0653,2561.2
1685491200000.0,0.0651,0.0656,0.065,0.0656,5800.1
1685494800000.0,0.0656,0.066,0.0655,0.0657,25678.0
1685498400000.0,0.0657,0.0658,0.0651,0.0658,47065.0
1685502000000.0,0.0658,0.0661,0.0655,0.0661,92695.9
1685505600000.0,0.0659,0.0659,0.0639,0.0639,31761.7
1685509200000.0,0.0639,0.0644,0.0637,0.064,11059.5
1685512800000.0,0.0637,0.064,0.0635,0.0638,7471.1
1685516400000.0,0.0637,0.0638,0.0636,0.0638,6757.1
1685520000000.0,0.0636,0.0638,0.063,0.063,62685.1
1685523600000.0,0.0629,0.0631,0.0628,0.0631,8791.6
1685527200000.0,0.0629,0.0629,0.0625,0.0626,13061.1
1685530800000.0,0.0626,0.0628,0.0626,0.0626,5648.2
1685534400000.0,0.0624,0.0627,0.0624,0.0626,18279.0
1685538000000.0,0.0625,0.063,0.0625,0.063,7730.4
1685541600000.0,0.0626,0.0631,0.0623,0.063,2659.1
1685545200000.0,0.0629,0.0629,0.0625,0.0625,2973.8
1685548800000.0,0.0625,0.0626,0.0621,0.0623,9590.9
1685552400000.0,0.0624,0.063,0.0624,0.063,6214.9
1685556000000.0,0.0629,0.0632,0.0629,0.0629,25637.5
1685559600000.0,0.0631,0.0633,0.0631,0.0632,2703.5
1685563200000.0,0.0632,0.0636,0.063,0.063,76766.0
1685566800000.0,0.0629,0.063,0.0628,0.0628,12736.6
1685570400000.0,0.0629,0.0631,0.0629,0.0631,4477.0
1685574000000.0,0.0632,0.0634,0.0632,0.0633,5844.6
1685577600000.0,0.0633,0.0637,0.0631,0.0631,36141.6
1685581200000.0,0.0634,0.0634,0.0632,0.0633,9515.0
1685584800000.0,0.0633,0.0633,0.062,0.0622,9221.0
1685588400000.0,0.0619,0.0625,0.0618,0.0625,5613.2
1685592000000.0,0.0626,0.0626,0.0624,0.0626,6243.1
1685595600000.0,0.0625,0.0627,0.0625,0.0626,1839.8
1685599200000.0,0.0626,0.0628,0.0625,0.0627,7989.3
1685602800000.0,0.0626,0.0628,0.0624,0.0628,6608.2
1685606400000.0,0.0627,0.0631,0.0627,0.0631,780.9
1685610000000.0,0.0633,0.0642,0.0633,0.064,45358.5
1685613600000.0,0.0639,0.064,0.0637,0.0638,10008.3
1685617200000.0,0.0637,0.0638,0.0636,0.0638,20958.0
1685620800000.0,0.0636,0.064,0.0635,0.064,33121.1
1685624400000.0,0.0639,0.0639,0.0635,0.0635,58929.2
1685628000000.0,0.0636,0.0638,0.0634,0.0638,8138.3
1685631600000.0,0.0639,0.064,0.0638,0.0638,2421.7
1685635200000.0,0.0639,0.0645,0.0636,0.0645,11657.5
1685638800000.0,0.0642,0.0643,0.0639,0.0639,16609.2
1685642400000.0,0.0639,0.0642,0.0638,0.064,25177.2
1685646000000.0,0.0641,0.0641,0.0635,0.0638,13976.4
1685649600000.0,0.0641,0.0643,0.0641,0.0642,7059.5
1685653200000.0,0.0643,0.0644,0.0642,0.0643,1859.0
1685656800000.0,0.0641,0.0644,0.0641,0.0644,2496.1
1685660400000.0,0.0643,0.0643,0.0641,0.0641,7188.2
1685664000000.0,0.0639,0.064,0.0634,0.064,11496.0
1685667600000.0,0.0639,0.0642,0.0637,0.064,17015.2
1685671200000.0,0.064,0.0647,0.064,0.0644,53855.4
1685674800000.0,0.0647,0.0648,0.0646,0.0646,10151.0
1685678400000.0,0.0647,0.0653,0.0647,0.0652,23159.2
1685682000000.0,0.0654,0.0654,0.0652,0.0652,294.5
1685685600000.0,0.0651,0.0652,0.065,0.0652,6503.9
1685689200000.0,0.065,0.0656,0.065,0.0656,10338.8
1685692800000.0,0.0655,0.0658,0.0654,0.0658,22251.1
1685696400000.0,0.0657,0.0657,0.0655,0.0655,48695.7
1685700000000.0,0.0656,0.0659,0.0656,0.0658,20069.9
1685703600000.0,0.0658,0.066,0.0658,0.066,2468.7
1685707200000.0,0.0659,0.0661,0.0655,0.0656,17801.6
1685710800000.0,0.0657,0.0659,0.0655,0.0655,40649.5
1685714400000.0,0.0654,0.0665,0.0654,0.0664,13937.9
1685718000000.0,0.0664,0.0664,0.066,0.0662,29555.2
1685721600000.0,0.0662,0.0665,0.066,0.0665,16107.7
1685725200000.0,0.0666,0.0673,0.0665,0.0665,184412.9
1685728800000.0,0.0664,0.0674,0.0664,0.0674,54750.5
1685732400000.0,0.0673,0.0673,0.0668,0.067,22991.5
1685736000000.0,0.0671,0.0675,0.067,0.0673,11456.3
1685739600000.0,0.0672,0.0678,0.0671,0.0678,22336.9
1685743200000.0,0.0677,0.0681,0.0675,0.0677,34050.1
1685746800000.0,0.0676,0.0678,0.0675,0.0675,35813.8
1685750400000.0,0.0676,0.0676,0.067,0.067,40851.7
1685754000000.0,0.0668,0.0672,0.0665,0.0667,19664.9
1685757600000.0,0.0667,0.0671,0.0666,0.067,5848.4
1685761200000.0,0.0672,0.0672,0.0669,0.067,23236.5
1685764800000.0,0.0669,0.0669,0.0667,0.0667,7065.2
1685768400000.0,0.0668,0.0672,0.0667,0.0672,25376.5
1685772000000.0,0.0671,0.0673,0.0669,0.0672,15317.7
1685775600000.0,0.0672,0.0676,0.0671,0.0676,6803.6
1685779200000.0,0.0676,0.072,0.0675,0.0692,472224.8
1685782800000.0,0.0694,0.0705,0.0686,0.0688,298865.4
1685786400000.0,0.0686,0.0688,0.0682,0.0682,32813.6
1685790000000.0,0.0684,0.0685,0.0679,0.068,26471.4
1685793600000.0,0.0679,0.0682,0.0668,0.0668,29274.2
1685797200000.0,0.0667,0.0669,0.0661,0.0667,85697.9
1685800800000.0,0.067,0.0671,0.0666,0.0668,41912.0
1685804400000.0,0.0665,0.067,0.0663,0.067,40650.3
1685808000000.0,0.0668,0.0669,0.0666,0.0666,31650.7
1685811600000.0,0.0666,0.0672,0.0664,0.0668,83254.1
1685815200000.0,0.0667,0.0667,0.0661,0.0663,12578.5
1685818800000.0,0.0664,0.0664,0.0654,0.0656,86040.7
1685822400000.0,0.0656,0.0656,0.0647,0.0649,192996.6
1685826000000.0,0.0651,0.0652,0.0647,0.0647,13718.2
1685829600000.0,0.0649,0.0653,0.0649,0.0653,3374.9
1685833200000.0,0.0653,0.0657,0.0653,0.0656,52694.3
1685836800000.0,0.0656,0.0656,0.0649,0.0649,91.7
1685840400000.0,0.0649,0.0656,0.0649,0.0656,3979.2
1685844000000.0,0.0658,0.0669,0.0657,0.0668,45885.4
1685847600000.0,0.0665,0.0672,0.0665,0.0669,7506.2
1685851200000.0,0.0669,0.0687,0.0669,0.0674,288659.8
1685854800000.0,0.0673,0.0675,0.067,0.0671,53172.4
1685858400000.0,0.0673,0.0676,0.0671,0.0672,32970.8
1685862000000.0,0.0669,0.067,0.0668,0.067,8065.3
1685865600000.0,0.067,0.067,0.0668,0.0668,7717.4
1685869200000.0,0.0671,0.0671,0.0669,0.0671,6527.1
1685872800000.0,0.0672,0.0672,0.0668,0.0668,18655.0
1685876400000.0,0.0669,0.0669,0.0665,0.0666,15329.9
1685880000000.0,0.0665,0.0665,0.0664,0.0665,1931.3
1685883600000.0,0.0667,0.0667,0.0665,0.0666,20430.9
1685887200000.0,0.0665,0.0665,0.0659,0.066,28006.0
1685890800000.0,0.0658,0.0658,0.0655,0.0655,2155.6
1685894400000.0,0.0657,0.0658,0.0654,0.0657,7477.8
1685898000000.0,0.0657,0.066,0.0656,0.066,54181.7
1685901600000.0,0.0663,0.0664,0.0663,0.0663,2532.5
1685905200000.0,0.0663,0.0667,0.0663,0.0667,628.8
1685908800000.0,0.0668,0.0669,0.0666,0.0669,5691.6
1685912400000.0,0.0668,0.0668,0.0664,0.0664,13276.0
1685916000000.0,0.0667,0.0671,0.0667,0.0669,67957.2
1685919600000.0,0.0668,0.0668,0.0661,0.0663,13717.3
1685923200000.0,0.0663,0.0664,0.0657,0.0658,22262.4
1685926800000.0,0.066,0.0664,0.0655,0.0664,39163.1
1685930400000.0,0.0664,0.0668,0.0648,0.0648,29920.8
1685934000000.0,0.0648,0.0652,0.0644,0.0645,1640.8
1685937600000.0,0.0644,0.0647,0.0644,0.0647,8812.4
1685941200000.0,0.0645,0.0645,0.064,0.0642,10004.3
1685944800000.0,0.0645,0.0646,0.0644,0.0644,5781.5
1685948400000.0,0.0643,0.0646,0.0643,0.0646,1205.2
1685952000000.0,0.0647,0.0648,0.0647,0.0648,519.7
1685955600000.0,0.0647,0.0649,0.0647,0.0648,1091.0
1685959200000.0,0.0649,0.0649,0.0647,0.0648,1284.2
1685962800000.0,0.0648,0.0653,0.0648,0.0653,2095.4
1685966400000.0,0.0653,0.0657,0.065,0.065,10584.8
1685970000000.0,0.0649,0.0653,0.0649,0.0649,2250.1
1685973600000.0,0.065,0.0652,0.065,0.0651,1253.4
1685977200000.0,0.0648,0.0648,0.0588,0.0588,188554.8
1685980800000.0,0.0586,0.0592,0.0564,0.0584,195987.1
1685984400000.0,0.0582,0.0582,0.0576,0.058,20655.4
1685988000000.0,0.0578,0.0578,0.0573,0.0575,24783.9
1685991600000.0,0.0574,0.0576,0.0571,0.0574,45639.1
1685995200000.0,0.0575,0.0575,0.0573,0.0575,24861.1
1685998800000.0,0.0575,0.0575,0.0568,0.0568,3471.3
1686002400000.0,0.0575,0.0576,0.0573,0.0576,47386.4
1686006000000.0,0.0576,0.0578,0.0576,0.0578,6866.1
1686009600000.0,0.058,0.058,0.0578,0.058,2699.7
1686013200000.0,0.0578,0.0578,0.0571,0.0571,5995.4
1686016800000.0,0.0575,0.0578,0.0575,0.0577,4676.4
1686020400000.0,0.0576,0.0579,0.0575,0.0579,2670.2
1686024000000.0,0.0582,0.0583,0.0581,0.0583,26808.3
1686027600000.0,0.0584,0.0589,0.0584,0.0589,62324.6
1686034800000.0,0.0588,0.0589,0.0588,0.0588,21622.9
1686038400000.0,0.0587,0.0587,0.0585,0.0586,11273.8
1686042000000.0,0.0586,0.059,0.0586,0.059,515.6
1686045600000.0,0.0588,0.0588,0.0585,0.0587,949.8
1686049200000.0,0.0584,0.0584,0.0581,0.0582,2321.9
1686052800000.0,0.0583,0.0583,0.0571,0.0573,5171.9
1686056400000.0,0.0572,0.0578,0.0568,0.0578,11430.8
1686060000000.0,0.0581,0.059,0.0581,0.0586,75775.0
1686063600000.0,0.0586,0.0591,0.0584,0.059,18877.8
1686067200000.0,0.0592,0.06,0.0591,0.06,5761.5
1686070800000.0,0.06,0.0605,0.0597,0.0603,19862.8
1686074400000.0,0.0603,0.0607,0.0603,0.0606,40598.2
1686078000000.0,0.0606,0.0612,0.0605,0.0612,876.1
1686081600000.0,0.0612,0.0612,0.0605,0.0605,15217.0
1686085200000.0,0.0606,0.0611,0.0605,0.0611,11672.9
1686088800000.0,0.061,0.0613,0.0609,0.0612,1521.1
1686092400000.0,0.0612,0.0617,0.0612,0.0616,5934.7
1686096000000.0,0.0614,0.0614,0.0608,0.061,12329.5
1686099600000.0,0.0607,0.0607,0.0598,0.0598,8473.5
1686103200000.0,0.0597,0.0597,0.0595,0.0595,1210.8
1686106800000.0,0.0598,0.0601,0.0598,0.0598,306.3
1686110400000.0,0.0597,0.0598,0.0596,0.0597,1970.5
1686114000000.0,0.0599,0.0599,0.0598,0.0598,301.1
1686117600000.0,0.0598,0.0599,0.0596,0.0596,2808.0
1686121200000.0,0.0596,0.0596,0.0595,0.0595,2461.3
1686124800000.0,0.0595,0.0596,0.0595,0.0596,131.6
1686128400000.0,0.0597,0.0597,0.0583,0.0583,3196.8
1686132000000.0,0.0582,0.059,0.0578,0.059,1857.8
1686135600000.0,0.0591,0.0596,0.0591,0.0594,4339.6
1686139200000.0,0.0594,0.0594,0.059,0.0593,8584.8
1686142800000.0,0.059,0.059,0.0586,0.0589,355.1
1686146400000.0,0.0586,0.0586,0.0573,0.0576,4644.1
1686150000000.0,0.0577,0.0581,0.0577,0.0578,26492.9
1686153600000.0,0.0577,0.0584,0.0572,0.0584,9750.3
1686157200000.0,0.0584,0.0584,0.0579,0.0581,7314.7
1686160800000.0,0.0579,0.0581,0.0579,0.0579,10318.8
1686164400000.0,0.058,0.0586,0.058,0.0584,4374.6
1686168000000.0,0.0583,0.0586,0.0582,0.0584,755.8
1686171600000.0,0.0585,0.0585,0.0578,0.0578,1001.1
1686175200000.0,0.0578,0.0582,0.0578,0.0579,4937.9
1686178800000.0,0.0581,0.0587,0.0581,0.0585,2341.6
1686182400000.0,0.0584,0.0586,0.0583,0.0583,40982.0
1686186000000.0,0.0584,0.0591,0.0584,0.0588,19653.9
1686189600000.0,0.0587,0.0587,0.0581,0.0581,15035.8
1686193200000.0,0.0578,0.0578,0.0569,0.0574,3893.2
1686196800000.0,0.0575,0.058,0.0575,0.0578,2710.1
1686200400000.0,0.0579,0.0579,0.0571,0.0571,1160.0
1686204000000.0,0.0573,0.0577,0.057,0.0574,20825.3
1686207600000.0,0.0578,0.0582,0.0578,0.0582,3297.9
1686211200000.0,0.058,0.0583,0.0579,0.0583,993.6
1686214800000.0,0.0584,0.0586,0.0583,0.0583,351.9
1686218400000.0,0.0582,0.0584,0.0581,0.0584,106.3
1686222000000.0,0.0585,0.0588,0.0585,0.0586,14492.7
1686225600000.0,0.0586,0.06,0.0586,0.0596,30652.8
1686229200000.0,0.0592,0.0597,0.0592,0.0593,3596.8
1686232800000.0,0.0593,0.0602,0.0593,0.0602,680.2
1686236400000.0,0.0601,0.0601,0.0596,0.0598,1054.9
1686240000000.0,0.0597,0.0598,0.0588,0.059,1860.4
1686243600000.0,0.0593,0.0593,0.0587,0.0589,28737.7
1686247200000.0,0.059,0.0595,0.059,0.0594,1850.0
1686250800000.0,0.0594,0.0597,0.0594,0.0596,11306.6
1686254400000.0,0.0597,0.06,0.0597,0.0599,209.4
1686258000000.0,0.0599,0.0599,0.0597,0.0597,1591.1
1686261600000.0,0.0596,0.0599,0.0596,0.0597,4507.6
1686265200000.0,0.0598,0.0598,0.0596,0.0598,6234.8
1686268800000.0,0.0599,0.0599,0.0596,0.0596,800.8
1686272400000.0,0.0593,0.0599,0.0593,0.0598,2214.0
1686276000000.0,0.0595,0.0597,0.059,0.0591,7332.9
1686279600000.0,0.0591,0.0594,0.0588,0.0594,3384.9
1686283200000.0,0.0593,0.0593,0.0592,0.0592,360.3
1686286800000.0,0.0594,0.0594,0.0589,0.0589,1831.5
1686290400000.0,0.0588,0.0588,0.0586,0.0586,343.2
1686294000000.0,0.0585,0.0586,0.0582,0.0583,6442.6
1686297600000.0,0.0586,0.0592,0.0586,0.0592,518.2
1686301200000.0,0.0593,0.0594,0.0592,0.0594,22244.8
1686304800000.0,0.0597,0.06,0.0597,0.0598,2354.6
1686308400000.0,0.0598,0.0598,0.0597,0.0597,291.3
1686312000000.0,0.0599,0.0601,0.0599,0.06,123.0
1686315600000.0,0.0603,0.0603,0.0599,0.0601,1215.6
1686319200000.0,0.06,0.06,0.0596,0.0597,4173.2
1686322800000.0,0.0596,0.0596,0.0591,0.0591,1490.0
1686326400000.0,0.0592,0.0597,0.0592,0.0595,2303.9
1686330000000.0,0.0595,0.0595,0.0593,0.0595,5331.9
1686333600000.0,0.0592,0.0592,0.059,0.059,9137.6
1686337200000.0,0.059,0.059,0.0582,0.0582,3696.6
1686340800000.0,0.0581,0.0589,0.0581,0.0586,3545.3
1686344400000.0,0.0589,0.0591,0.0589,0.0589,2682.7
1686348000000.0,0.0591,0.0592,0.0587,0.0587,23344.2
1686351600000.0,0.0588,0.0588,0.0579,0.0583,4160.4
1686355200000.0,0.0579,0.0579,0.0566,0.0567,10554.3
1686358800000.0,0.0566,0.057,0.0552,0.0552,24643.6
1686362400000.0,0.0556,0.0556,0.0541,0.0546,3567.8
1686366000000.0,0.0548,0.0548,0.054,0.0542,9220.6
1686369600000.0,0.0539,0.054,0.0424,0.046,511107.4
1686373200000.0,0.046,0.0466,0.0447,0.0448,161179.5
1686376800000.0,0.0447,0.0452,0.0423,0.0444,566843.6
1686380400000.0,0.0445,0.045,0.0442,0.0446,77493.0
1686384000000.0,0.0441,0.0448,0.0441,0.0448,50244.1
1686387600000.0,0.0447,0.0449,0.0443,0.0446,386964.0
1686391200000.0,0.0445,0.0448,0.0443,0.0448,181790.1
1686394800000.0,0.0448,0.0456,0.0446,0.0456,65986.4
1686398400000.0,0.0456,0.0458,0.0451,0.0452,228024.4
1686402000000.0,0.0452,0.0456,0.0449,0.0451,61842.4
1686405600000.0,0.0451,0.0454,0.0449,0.0453,47681.5
1686409200000.0,0.0454,0.0456,0.045,0.045,50319.7
1686412800000.0,0.045,0.0453,0.0448,0.045,29828.5
1686416400000.0,0.0451,0.0468,0.0447,0.0465,61209.1
1686420000000.0,0.0466,0.0466,0.0456,0.0463,56260.8
1686423600000.0,0.0466,0.0471,0.0464,0.0471,22002.6
1686427200000.0,0.0473,0.048,0.0472,0.0479,85211.3
1686430800000.0,0.048,0.049,0.0476,0.0482,410732.6
1686434400000.0,0.0484,0.0495,0.0484,0.0493,126427.4
1686438000000.0,0.0493,0.0495,0.0492,0.0495,36322.0
1686441600000.0,0.0494,0.0494,0.0484,0.0484,65085.9
1686445200000.0,0.0483,0.0488,0.0482,0.0486,24745.4
1686448800000.0,0.0487,0.0487,0.0485,0.0485,3909.9
1686452400000.0,0.0487,0.0488,0.0485,0.0485,4785.9
1686456000000.0,0.0483,0.0483,0.0478,0.0482,22372.9
1686463200000.0,0.0482,0.0482,0.0476,0.0478,78253.3
1686466800000.0,0.0479,0.0483,0.0474,0.0474,99280.9
1686470400000.0,0.0478,0.0478,0.0474,0.0475,10152.9
1686474000000.0,0.0476,0.0481,0.0476,0.0478,6391.5
1686477600000.0,0.0479,0.0487,0.0478,0.0487,1613.5
1686481200000.0,0.0488,0.0488,0.048,0.048,34438.5
1686484800000.0,0.0481,0.0481,0.0477,0.0477,223377.8
1686488400000.0,0.0476,0.0477,0.0474,0.0474,147740.4
1686492000000.0,0.0476,0.0478,0.0476,0.0478,82351.2
1686495600000.0,0.0479,0.048,0.0474,0.0475,45645.0
1686499200000.0,0.0479,0.0486,0.0479,0.0486,11886.5
1686502800000.0,0.0487,0.0492,0.0485,0.0488,7908.7
1686506400000.0,0.0487,0.0495,0.0486,0.049,165245.5
1686510000000.0,0.049,0.0499,0.0489,0.0497,180292.7
1686513600000.0,0.0499,0.0502,0.0496,0.0497,246443.2
1686517200000.0,0.0499,0.0499,0.0493,0.0494,25160.7
1686520800000.0,0.0496,0.0497,0.049,0.0492,44038.6
1686524400000.0,0.0491,0.0496,0.0491,0.0496,4811.3
1686528000000.0,0.0493,0.0494,0.0489,0.0494,15924.7
1686531600000.0,0.0494,0.0496,0.0491,0.0492,2929.2
1686535200000.0,0.0496,0.0496,0.0478,0.0483,17594.8
1686538800000.0,0.0484,0.049,0.0481,0.0486,6565.8
1686542400000.0,0.0489,0.049,0.0485,0.0489,4161.8
1686546000000.0,0.049,0.049,0.0485,0.0485,8271.0
1686549600000.0,0.0486,0.0493,0.0485,0.0488,6000.7
1686553200000.0,0.0488,0.0489,0.0484,0.0484,7511.4
1686556800000.0,0.0486,0.0497,0.0485,0.0497,3329.9
1686560400000.0,0.0499,0.0504,0.0499,0.0504,855.2
1686564000000.0,0.0504,0.0516,0.0504,0.0507,118754.0
1686567600000.0,0.0505,0.0509,0.0505,0.0506,12818.8
1686571200000.0,0.0505,0.0506,0.0503,0.0506,2193.3
1686574800000.0,0.0506,0.0513,0.0505,0.0512,55696.8
1686578400000.0,0.0514,0.0518,0.0505,0.0506,380373.9
1686582000000.0,0.0505,0.0506,0.0502,0.0505,180879.3
1686585600000.0,0.0505,0.051,0.0504,0.051,15574.8
1686589200000.0,0.0507,0.0512,0.0505,0.0511,54132.5
1686592800000.0,0.0511,0.0515,0.051,0.0514,68254.3
1686596400000.0,0.0513,0.0515,0.051,0.0513,21533.4
1686600000000.0,0.0514,0.0516,0.0512,0.0514,454244.8
1686603600000.0,0.0515,0.052,0.0514,0.0519,38659.1
1686607200000.0,0.0519,0.0528,0.0519,0.0526,236369.3
1686610800000.0,0.0526,0.0527,0.0523,0.0524,331899.8
1686614400000.0,0.0525,0.0527,0.0519,0.0521,497184.4
1686618000000.0,0.0523,0.0531,0.0521,0.0526,103266.7
1686621600000.0,0.0529,0.0533,0.0529,0.0531,57603.7
1686625200000.0,0.0532,0.0534,0.0529,0.0531,13169.9
1686628800000.0,0.0531,0.0535,0.0523,0.0529,81968.4
1686632400000.0,0.0529,0.0533,0.0529,0.0532,4894.8
1686636000000.0,0.0532,0.0534,0.053,0.053,2457.7
1686639600000.0,0.0531,0.0535,0.053,0.0531,45515.1
1686643200000.0,0.053,0.0537,0.0528,0.0534,32029.0
1686646800000.0,0.0532,0.0532,0.0526,0.0527,18771.2
1686650400000.0,0.0525,0.0528,0.0525,0.0525,20461.8
1686654000000.0,0.0525,0.0527,0.0523,0.0527,11602.1
1686657600000.0,0.053,0.0536,0.0525,0.0529,82074.8
1686661200000.0,0.0532,0.0533,0.0529,0.0529,26935.4
1686664800000.0,0.0529,0.053,0.0526,0.0529,21786.7
1686668400000.0,0.0527,0.053,0.0523,0.0524,39398.5
1686672000000.0,0.0526,0.0529,0.0526,0.0527,9316.4
1686675600000.0,0.0532,0.0532,0.053,0.053,3209.4
1686679200000.0,0.053,0.0537,0.053,0.0535,9558.4
1686682800000.0,0.0535,0.0537,0.0532,0.0532,4117.0
1686686400000.0,0.0533,0.0534,0.0531,0.0534,1712.9
1686690000000.0,0.0533,0.0533,0.0533,0.0533,14709.1
1686693600000.0,0.0535,0.0535,0.0533,0.0533,1970.1
1686697200000.0,0.0534,0.0535,0.0534,0.0534,388.0
1686700800000.0,0.0535,0.0535,0.0529,0.0532,12302.4
1686704400000.0,0.0533,0.0533,0.0528,0.0531,51255.1
1686708000000.0,0.0528,0.0529,0.0526,0.0528,6383.5
1686711600000.0,0.0527,0.053,0.0527,0.053,15973.8
1686715200000.0,0.0529,0.0531,0.0528,0.0529,10343.7
1686718800000.0,0.0529,0.0531,0.0529,0.0529,7780.0
1686722400000.0,0.0525,0.0525,0.0525,0.0525,2622.2
1686726000000.0,0.0526,0.0526,0.052,0.0524,23706.4
1686729600000.0,0.0524,0.0528,0.0524,0.0527,351973.8
1686733200000.0,0.0528,0.0532,0.0528,0.0532,7943.9
1686736800000.0,0.0533,0.0533,0.0533,0.0533,443.5
1686744000000.0,0.0533,0.0534,0.0528,0.0528,13437.1
1686747600000.0,0.0528,0.0528,0.0526,0.0526,223710.1
1686751200000.0,0.0527,0.0528,0.0527,0.0527,19331.3
1686754800000.0,0.0527,0.0529,0.0525,0.0525,15659.0
1686758400000.0,0.0525,0.0527,0.0525,0.0525,2479.8
1686762000000.0,0.0526,0.0527,0.0524,0.0526,59345.4
1686765600000.0,0.0526,0.0526,0.0516,0.0523,10571.4
1686769200000.0,0.0519,0.0519,0.0513,0.0514,7789.9
1686772800000.0,0.0512,0.0512,0.0471,0.0481,240596.6
1686776400000.0,0.0482,0.0486,0.0482,0.0486,39950.8
1686780000000.0,0.0489,0.0491,0.0486,0.0487,139258.3
1686783600000.0,0.0487,0.0492,0.0486,0.0492,33441.8
1686787200000.0,0.0492,0.0497,0.0492,0.0497,5770.5
1686790800000.0,0.0495,0.0498,0.0493,0.0494,13027.7
1686794400000.0,0.0494,0.0496,0.0492,0.0496,35796.9
1686798000000.0,0.0496,0.0497,0.0496,0.0497,6653.8
1686801600000.0,0.0495,0.0495,0.0492,0.0493,7103.3
1686805200000.0,0.0492,0.0492,0.049,0.0492,3068.9
1686808800000.0,0.0492,0.0495,0.049,0.049,32690.9
1686812400000.0,0.049,0.0493,0.0488,0.0493,14921.6
1686816000000.0,0.0492,0.0496,0.0492,0.0492,22529.9
1686819600000.0,0.0491,0.0491,0.0487,0.0489,24454.1
1686823200000.0,0.049,0.049,0.0483,0.0485,48136.6
1686826800000.0,0.0484,0.0489,0.048,0.0488,21172.7
1686830400000.0,0.0488,0.0488,0.0482,0.0483,29001.1
1686834000000.0,0.0486,0.0488,0.0485,0.0488,297.9
1686837600000.0,0.0487,0.0489,0.0486,0.0488,112186.5
1686841200000.0,0.0485,0.0486,0.0484,0.0486,92782.9
1686844800000.0,0.0483,0.0485,0.0483,0.0485,19496.8
1686848400000.0,0.0482,0.0482,0.0473,0.048,93555.3
1686852000000.0,0.0481,0.0493,0.0481,0.0493,38256.9
1686855600000.0,0.0494,0.0498,0.049,0.0498,229394.3
1686859200000.0,0.0497,0.0497,0.0492,0.0496,6939.4
1686862800000.0,0.0496,0.0502,0.0494,0.0494,58318.7
1686866400000.0,0.0497,0.0497,0.0497,0.0497,64.9
1686870000000.0,0.0495,0.0496,0.0494,0.0495,3649.3
1686873600000.0,0.0495,0.0495,0.0493,0.0493,8881.2
1686877200000.0,0.0494,0.0497,0.0494,0.0495,18077.1
1686880800000.0,0.0492,0.0495,0.0492,0.0494,15919.8
1686884400000.0,0.0495,0.0496,0.0493,0.0496,64987.2
1686888000000.0,0.0496,0.0496,0.0496,0.0496,3118.7
1686891600000.0,0.0496,0.0497,0.0495,0.0496,10287.5
1686895200000.0,0.0498,0.0498,0.0497,0.0497,4262.1
1686898800000.0,0.0494,0.0496,0.0494,0.0496,1124.0
1686902400000.0,0.0495,0.0498,0.0495,0.0497,5831.7
1686906000000.0,0.0496,0.0497,0.0495,0.0496,890.2
1686909600000.0,0.0495,0.0495,0.0493,0.0493,12972.9
1686913200000.0,0.0491,0.0491,0.0482,0.0485,11279.6
1686916800000.0,0.0484,0.0488,0.0483,0.0488,12213.5
1686920400000.0,0.0485,0.0486,0.0484,0.0486,572.3
1686924000000.0,0.0485,0.0487,0.0481,0.0486,17766.0
1686927600000.0,0.0489,0.0492,0.0488,0.0491,14092.7
1686931200000.0,0.0492,0.0495,0.049,0.0495,10863.1
1686934800000.0,0.0494,0.0503,0.0494,0.0503,47110.0
1686938400000.0,0.0504,0.0512,0.0503,0.0509,7320.2
1686942000000.0,0.0505,0.0505,0.0503,0.0504,7786.4
1686945600000.0,0.0502,0.0504,0.0502,0.0503,1507.6
1686949200000.0,0.0504,0.0504,0.0499,0.0499,5078.2
1686952800000.0,0.05,0.0502,0.0499,0.0499,1175.6
1686956400000.0,0.0501,0.0502,0.0499,0.05,4026.1
1686960000000.0,0.0502,0.0502,0.0498,0.0499,2652.7
1686963600000.0,0.0498,0.0503,0.0498,0.05,1230.7
1686967200000.0,0.05,0.0503,0.05,0.0502,817.8
1686970800000.0,0.0502,0.0503,0.0502,0.0503,88.5
1686974400000.0,0.0502,0.0507,0.0502,0.0507,12402.8
1686978000000.0,0.0506,0.0518,0.0504,0.0518,53596.0
1686981600000.0,0.0518,0.0524,0.0515,0.052,13209.5
1686985200000.0,0.0518,0.052,0.0517,0.0517,8263.7
1686992400000.0,0.0515,0.0516,0.0514,0.0514,4447.5
1686996000000.0,0.0515,0.0515,0.0515,0.0515,1161.7
1686999600000.0,0.0514,0.0514,0.0513,0.0513,4655.1
1687003200000.0,0.051,0.0513,0.051,0.0513,6419.4
1687006800000.0,0.0511,0.0512,0.0511,0.0512,5618.5
1687010400000.0,0.0512,0.0512,0.0507,0.0509,4593.7
1687014000000.0,0.0508,0.051,0.0505,0.0508,13547.8
1687017600000.0,0.051,0.0511,0.051,0.0511,14112.8
1687021200000.0,0.0513,0.0513,0.0511,0.0511,3105.6
1687024800000.0,0.051,0.0514,0.051,0.0514,21185.4
1687028400000.0,0.0512,0.0513,0.0512,0.0512,1910.9
1687032000000.0,0.0511,0.0512,0.051,0.0511,101.0
1687039200000.0,0.051,0.0511,0.051,0.051,212.3
1687042800000.0,0.0511,0.0511,0.0507,0.0507,2545.5
1687046400000.0,0.0506,0.0506,0.0499,0.0502,9786.4
1687050000000.0,0.0499,0.05,0.0498,0.05,767.0
1687053600000.0,0.0499,0.0499,0.0497,0.0499,852.8
1687057200000.0,0.0499,0.0503,0.0498,0.0502,8426.1
1687060800000.0,0.0502,0.0502,0.0502,0.0502,4563.6
1687064400000.0,0.0502,0.0506,0.0502,0.0504,9935.1
1687068000000.0,0.0502,0.0502,0.0501,0.0501,7079.2
1687071600000.0,0.0502,0.0504,0.0501,0.0503,24455.3
1687075200000.0,0.0501,0.0501,0.05,0.05,19553.1
1687082400000.0,0.0502,0.0502,0.0501,0.0501,13556.4
1687086000000.0,0.0501,0.0501,0.05,0.0501,7481.4
1687089600000.0,0.0503,0.0503,0.0501,0.0501,9839.8
1687093200000.0,0.0502,0.0502,0.0502,0.0502,9536.0
1687096800000.0,0.0502,0.0504,0.05,0.0504,14528.9
1687100400000.0,0.0502,0.0502,0.0501,0.0502,7331.5
1687104000000.0,0.0501,0.0502,0.0501,0.0502,2355.5
1687107600000.0,0.0504,0.0505,0.0502,0.0502,5497.9
1687111200000.0,0.0503,0.0503,0.0501,0.0501,6004.3
1687114800000.0,0.0503,0.0503,0.0501,0.0501,3674.4
1687118400000.0,0.0501,0.0501,0.0489,0.0491,16576.9
1687122000000.0,0.0491,0.0491,0.0489,0.049,4195.9
1687125600000.0,0.049,0.0492,0.049,0.049,5875.3
1687129200000.0,0.0488,0.049,0.0488,0.0488,16109.4
1687132800000.0,0.0488,0.049,0.0485,0.0486,23873.9
1687136400000.0,0.0488,0.0491,0.0488,0.049,6460.6
1687143600000.0,0.0491,0.0491,0.049,0.0491,4325.7
1687147200000.0,0.049,0.0491,0.0489,0.0491,6156.4
1687150800000.0,0.0491,0.0492,0.0491,0.0492,4264.7
1687154400000.0,0.0494,0.0495,0.0494,0.0494,461.6
1687158000000.0,0.0494,0.0494,0.0493,0.0493,4726.0
1687161600000.0,0.0492,0.0492,0.0489,0.0489,9440.5
1687165200000.0,0.0488,0.049,0.0488,0.049,6226.6
1687168800000.0,0.0489,0.049,0.0488,0.0488,9694.8
1687172400000.0,0.0487,0.0489,0.0487,0.0489,3725.8
1687176000000.0,0.0489,0.0491,0.0489,0.0491,9664.3
1687179600000.0,0.049,0.049,0.0488,0.0488,11771.1
1687183200000.0,0.0488,0.0488,0.0483,0.0483,16442.2
1687186800000.0,0.0482,0.0484,0.048,0.0484,4091.5
1687190400000.0,0.0484,0.0484,0.0479,0.048,17129.0
1687194000000.0,0.048,0.0488,0.048,0.0488,33369.0
1687197600000.0,0.0488,0.0493,0.0485,0.0487,18043.9
1687201200000.0,0.0486,0.0488,0.0484,0.0487,15263.1
1687204800000.0,0.049,0.049,0.049,0.049,7500.3
1687212000000.0,0.0488,0.0488,0.0488,0.0488,1682.3
1687219200000.0,0.0488,0.0491,0.0488,0.0491,8159.0
1687222800000.0,0.049,0.0492,0.0486,0.0486,23944.9
1687226400000.0,0.0485,0.0489,0.0485,0.0489,9195.1
1687230000000.0,0.049,0.049,0.0488,0.0488,9116.5
1687237200000.0,0.0489,0.0489,0.0488,0.0488,5590.9
1687240800000.0,0.0486,0.0486,0.0484,0.0486,22033.0
1687244400000.0,0.0486,0.0487,0.0485,0.0487,10828.5
1687248000000.0,0.0485,0.0485,0.0483,0.0483,14805.5
1687251600000.0,0.0483,0.0484,0.0483,0.0484,10658.2
1687255200000.0,0.0484,0.0484,0.0483,0.0483,6501.7
1687258800000.0,0.0482,0.0484,0.0481,0.0484,38822.0
1687262400000.0,0.0485,0.0486,0.048,0.048,17070.8
1687266000000.0,0.048,0.0486,0.0475,0.0475,155627.4
1687269600000.0,0.0476,0.0476,0.0469,0.0471,72977.2
1687273200000.0,0.047,0.0476,0.047,0.0474,21777.0
1687276800000.0,0.0474,0.0478,0.0473,0.0477,37368.7
1687280400000.0,0.0478,0.0486,0.0478,0.0486,33735.2
1687284000000.0,0.0489,0.0497,0.0489,0.0497,153641.4
1687287600000.0,0.05,0.0504,0.0498,0.0504,17610.5
1687291200000.0,0.0505,0.0508,0.0503,0.0506,28454.1
1687294800000.0,0.0509,0.0511,0.0508,0.0508,39271.0
1687298400000.0,0.0508,0.0508,0.0507,0.0507,6954.3
1687302000000.0,0.0508,0.0511,0.0508,0.0511,4058.3
1687305600000.0,0.0511,0.0517,0.051,0.0517,38506.0
1687309200000.0,0.0518,0.0526,0.0518,0.0518,8152.9
1687312800000.0,0.0522,0.0524,0.0521,0.0524,753.1
1687316400000.0,0.0523,0.0523,0.0521,0.0521,17491.8
1687320000000.0,0.0522,0.0523,0.0522,0.0522,22644.7
1687323600000.0,0.0523,0.0527,0.0523,0.0526,7923.2
1687327200000.0,0.0529,0.0529,0.0521,0.0522,21827.5
1687330800000.0,0.0522,0.0524,0.0522,0.0524,4585.9
1687334400000.0,0.0521,0.0521,0.0518,0.0518,5021.8
1687338000000.0,0.0518,0.052,0.0518,0.0519,46381.5
1687341600000.0,0.052,0.052,0.0514,0.0514,17509.2
1687345200000.0,0.0515,0.0515,0.0513,0.0514,8705.5
1687348800000.0,0.0515,0.0517,0.0513,0.0513,2963.4
1687352400000.0,0.0511,0.052,0.0511,0.0519,13389.5
1687356000000.0,0.0518,0.0525,0.0516,0.0523,15348.7
1687359600000.0,0.0525,0.0529,0.0524,0.0526,7187.4
1687363200000.0,0.0528,0.0541,0.0528,0.0533,38950.3
1687366800000.0,0.0535,0.0541,0.0529,0.0535,226602.2
1687370400000.0,0.0536,0.055,0.0536,0.055,22680.0
1687374000000.0,0.0545,0.0555,0.0544,0.0554,154659.6
1687377600000.0,0.0554,0.0555,0.0545,0.0545,197968.6
1687381200000.0,0.0546,0.0546,0.0543,0.0543,39625.6
1687384800000.0,0.0547,0.0556,0.0547,0.0556,52911.5
1687388400000.0,0.0556,0.0557,0.0552,0.0552,10015.7
1687392000000.0,0.0552,0.0561,0.0552,0.0561,32472.7
1687395600000.0,0.0563,0.0571,0.0563,0.057,63537.8
1687399200000.0,0.0569,0.0569,0.0565,0.0566,17546.8
1687402800000.0,0.0567,0.0567,0.0563,0.0563,12280.9
1687406400000.0,0.0563,0.0568,0.0561,0.0568,8949.1
1687410000000.0,0.0567,0.0567,0.0561,0.0561,61792.6
1687413600000.0,0.0561,0.0561,0.0554,0.056,23659.0
1687417200000.0,0.0558,0.0564,0.0558,0.0563,5054.3
1687420800000.0,0.0563,0.0564,0.0561,0.0562,24256.3
1687424400000.0,0.0563,0.057,0.0561,0.0568,8960.1
1687428000000.0,0.0568,0.0575,0.0567,0.0568,80678.7
1687431600000.0,0.0566,0.0566,0.0538,0.0546,129261.3
1687435200000.0,0.055,0.0552,0.0549,0.0552,10519.2
1687438800000.0,0.0553,0.0556,0.0551,0.0552,3295.8
1687442400000.0,0.0552,0.0552,0.0541,0.0541,27702.9
1687446000000.0,0.0542,0.0545,0.0542,0.0544,3367.9
1687449600000.0,0.0543,0.0551,0.0543,0.0548,10964.9
1687453200000.0,0.0547,0.0559,0.0546,0.0559,26768.2
1687456800000.0,0.0559,0.0559,0.055,0.0552,814.8
1687460400000.0,0.0554,0.0555,0.0552,0.0555,752.5
1687464000000.0,0.0555,0.0558,0.0554,0.0556,1353.6
1687467600000.0,0.0558,0.0558,0.0553,0.0554,506.6
1687471200000.0,0.0556,0.0556,0.0552,0.0552,3129.0
1687474800000.0,0.0551,0.0553,0.055,0.0551,1939.7
1687478400000.0,0.0553,0.0556,0.0553,0.0554,5290.4
1687482000000.0,0.0555,0.056,0.0553,0.0553,415895.4
1687485600000.0,0.0551,0.0553,0.0549,0.0552,9336.4
1687489200000.0,0.0552,0.0554,0.0552,0.0554,843.5
1687492800000.0,0.0553,0.0553,0.0552,0.0552,4462.7
1687500000000.0,0.0555,0.0556,0.0552,0.0553,20322.2
1687503600000.0,0.0553,0.0553,0.055,0.0553,3957.9
1687507200000.0,0.0555,0.0559,0.0554,0.0559,4133.1
1687510800000.0,0.0557,0.0558,0.0555,0.0558,252.5
1687514400000.0,0.0557,0.0557,0.0555,0.0557,3765.3
1687518000000.0,0.0559,0.0563,0.0559,0.0563,11426.5
1687521600000.0,0.0563,0.0563,0.0554,0.0558,11301.5
1687525200000.0,0.0557,0.0557,0.0553,0.0555,2760.5
1687528800000.0,0.0555,0.0564,0.0555,0.0563,8665.6
1687532400000.0,0.0565,0.0569,0.0559,0.0569,32912.0
1687536000000.0,0.0568,0.058,0.0568,0.0579,131141.4
1687539600000.0,0.0576,0.058,0.0575,0.0578,21517.1
1687543200000.0,0.058,0.058,0.0572,0.0574,20318.2
1687546800000.0,0.0574,0.0576,0.0571,0.0573,2331.6
1687550400000.0,0.0575,0.0577,0.0575,0.0577,7445.6
1687554000000.0,0.0577,0.0578,0.0567,0.0567,17031.2
1687557600000.0,0.0565,0.0568,0.0564,0.0568,5963.4
1687561200000.0,0.0569,0.0573,0.0569,0.0573,10520.3
1687564800000.0,0.0574,0.0574,0.0568,0.0568,58227.1
1687568400000.0,0.057,0.057,0.0567,0.0568,46257.2
1687572000000.0,0.0569,0.059,0.0568,0.0576,112922.7
1687575600000.0,0.0575,0.0575,0.0572,0.0574,4687.2
1687579200000.0,0.0574,0.0576,0.0574,0.0576,222.1
1687582800000.0,0.0575,0.0577,0.0575,0.0576,10233.7
1687586400000.0,0.0577,0.0577,0.0572,0.0572,9571.1
1687590000000.0,0.0571,0.0573,0.0567,0.0567,34707.0
1687593600000.0,0.057,0.0574,0.057,0.0573,13077.9
1687597200000.0,0.0577,0.0581,0.0577,0.0581,14029.2
1687600800000.0,0.058,0.0582,0.058,0.058,4837.4
1687604400000.0,0.0579,0.0581,0.0579,0.0581,2885.6
1687608000000.0,0.0584,0.0584,0.0582,0.0582,2376.2
1687611600000.0,0.0583,0.0583,0.0578,0.0579,4503.2
1687615200000.0,0.0581,0.0581,0.058,0.058,130.6
1687618800000.0,0.0579,0.0579,0.0563,0.0568,19963.0
1687622400000.0,0.0564,0.0568,0.0557,0.0568,671869.0
1687626000000.0,0.0572,0.0574,0.0569,0.057,17572.4
1687629600000.0,0.0571,0.0571,0.0571,0.0571,4531.2
1687633200000.0,0.0571,0.0574,0.0571,0.0572,7185.6
1687636800000.0,0.0572,0.0572,0.0568,0.0569,20599.9
1687640400000.0,0.0569,0.057,0.0568,0.0569,23641.5
1687644000000.0,0.057,0.057,0.0568,0.0568,236.1
1687647600000.0,0.0571,0.0577,0.0571,0.0576,1753.9
1687651200000.0,0.058,0.0581,0.0578,0.0579,8250.5
1687654800000.0,0.058,0.0588,0.058,0.0587,23167.3
1687658400000.0,0.0589,0.0594,0.0589,0.0593,1312.2
1687662000000.0,0.0594,0.0599,0.0594,0.0599,14214.4
1687665600000.0,0.06,0.0603,0.0598,0.0603,13650.9
1687669200000.0,0.0603,0.0603,0.0599,0.0601,18311.7
1687672800000.0,0.0602,0.0603,0.0598,0.0601,29906.6
1687676400000.0,0.06,0.061,0.0595,0.061,35381.8
1687680000000.0,0.0607,0.0611,0.0604,0.0608,6329.6
1687683600000.0,0.0608,0.0608,0.0602,0.0606,13337.1
1687687200000.0,0.0608,0.0608,0.0602,0.0602,17051.8
1687690800000.0,0.06,0.0602,0.0598,0.0602,14577.6
1687694400000.0,0.0602,0.0603,0.0601,0.0603,11818.2
1687698000000.0,0.0603,0.0603,0.0593,0.06,8587.7
1687701600000.0,0.0603,0.0603,0.0597,0.0597,14130.5
1687705200000.0,0.0595,0.0599,0.0594,0.0598,16209.5
1687708800000.0,0.0598,0.0604,0.0597,0.0604,15620.6
1687712400000.0,0.0597,0.0597,0.0593,0.0595,87.6
1687716000000.0,0.0595,0.0596,0.0591,0.0593,4334.1
1687719600000.0,0.0592,0.0592,0.0584,0.0587,10090.8
1687723200000.0,0.0589,0.0591,0.0587,0.0587,168.4
1687726800000.0,0.0589,0.0594,0.0589,0.0593,3046.5
1687730400000.0,0.0593,0.0599,0.0593,0.0597,4187.3
1687734000000.0,0.0597,0.0597,0.0593,0.0594,3976.2
1687737600000.0,0.0592,0.0594,0.0579,0.0579,15180.5
1687741200000.0,0.058,0.058,0.0573,0.0576,13509.4
1687744800000.0,0.0577,0.0579,0.0577,0.0578,4433.4
1687748400000.0,0.0577,0.0582,0.0577,0.0582,78.4
1687752000000.0,0.0585,0.0585,0.0581,0.0581,2082.1
1687755600000.0,0.0583,0.0583,0.0576,0.058,9692.0
1687759200000.0,0.0579,0.058,0.0576,0.058,24218.6
1687762800000.0,0.0582,0.0584,0.0579,0.0579,13799.8
1687766400000.0,0.058,0.0589,0.0578,0.0589,10420.4
1687770000000.0,0.059,0.0592,0.0587,0.0588,15387.1
1687773600000.0,0.0587,0.0588,0.0583,0.0588,7023.0
1687777200000.0,0.0586,0.0587,0.0582,0.0583,8179.7
1687780800000.0,0.0584,0.0587,0.0581,0.0584,18477.6
1687784400000.0,0.0586,0.0604,0.0586,0.0604,46535.8
1687788000000.0,0.0603,0.0603,0.0589,0.0592,52595.2
1687791600000.0,0.059,0.059,0.0588,0.059,10521.0
1687795200000.0,0.0592,0.06,0.0587,0.0595,195792.3
1687798800000.0,0.0591,0.0598,0.0591,0.0597,69382.3
1687802400000.0,0.0597,0.0602,0.0592,0.0593,169188.1
1687806000000.0,0.0593,0.0593,0.0577,0.0582,38270.6
1687809600000.0,0.0583,0.0583,0.0572,0.0572,1718.1
1687813200000.0,0.0572,0.0576,0.0566,0.0566,9793.5
1687816800000.0,0.0564,0.057,0.0562,0.0568,16976.3
1687820400000.0,0.0571,0.0572,0.0569,0.0572,5760.0
1687824000000.0,0.0568,0.0569,0.0566,0.0568,9206.2
1687827600000.0,0.0567,0.0575,0.0566,0.0575,4977.9
1687831200000.0,0.0574,0.0579,0.0574,0.0579,4859.5
1687834800000.0,0.058,0.0582,0.0579,0.0581,3780.6
1687838400000.0,0.0582,0.0582,0.0579,0.0581,7235.1
1687842000000.0,0.058,0.058,0.0575,0.0577,2841.3
1687845600000.0,0.0575,0.0578,0.0573,0.0578,2016.6
1687849200000.0,0.0577,0.058,0.0576,0.0577,103402.9
1687852800000.0,0.0579,0.0579,0.0573,0.0573,8583.9
1687856400000.0,0.0573,0.0573,0.057,0.057,5827.8
1687860000000.0,0.0571,0.0576,0.0571,0.0576,7744.0
1687863600000.0,0.0575,0.0579,0.0575,0.0579,234.1
1687867200000.0,0.058,0.0583,0.0579,0.0582,12014.0
1687870800000.0,0.0579,0.0582,0.0577,0.0579,3933.7
1687874400000.0,0.0578,0.0584,0.0578,0.0584,45869.9
1687878000000.0,0.0584,0.0584,0.0576,0.0576,26487.8
1687881600000.0,0.0576,0.0586,0.0576,0.0586,9464.6
1687885200000.0,0.0588,0.0588,0.0586,0.0587,31549.0
1687888800000.0,0.0587,0.059,0.0586,0.0589,8617.1
1687892400000.0,0.059,0.0592,0.059,0.0592,3256.3
1687896000000.0,0.0589,0.0592,0.0589,0.0589,19231.7
1687899600000.0,0.0592,0.0593,0.059,0.0593,17202.2
1687903200000.0,0.0592,0.0592,0.0586,0.0586,50718.3
1687906800000.0,0.0586,0.0589,0.0586,0.0588,18993.3
1687910400000.0,0.0589,0.0589,0.0575,0.0578,31766.1
1687914000000.0,0.0578,0.058,0.0572,0.0572,62130.2
1687917600000.0,0.0575,0.0575,0.0566,0.0568,11646.0
1687921200000.0,0.0569,0.0573,0.0569,0.0573,4011.5
1687924800000.0,0.0573,0.0573,0.0571,0.0573,3275.6
1687928400000.0,0.0572,0.0572,0.057,0.0572,2145.1
1687932000000.0,0.057,0.057,0.0567,0.0567,10332.4
1687935600000.0,0.0566,0.0566,0.055,0.0555,20563.8
1687939200000.0,0.0552,0.0557,0.0552,0.0557,4258.9
1687942800000.0,0.0559,0.0561,0.0558,0.056,5718.0
1687946400000.0,0.0559,0.0561,0.0559,0.0561,1260.2
1687950000000.0,0.0561,0.0561,0.0558,0.0558,371.9
1687953600000.0,0.0555,0.0558,0.0553,0.0553,13515.0
1687957200000.0,0.0554,0.0558,0.0553,0.0556,17609.6
1687960800000.0,0.0556,0.0563,0.0556,0.0563,12815.6
1687964400000.0,0.0559,0.0562,0.0559,0.0562,14331.7
1687968000000.0,0.0562,0.0562,0.0558,0.0558,27411.0
1687971600000.0,0.0557,0.0557,0.0548,0.0549,29832.2
1687975200000.0,0.0551,0.0552,0.0551,0.0552,7226.1
1687978800000.0,0.055,0.0552,0.0528,0.0532,95571.3
1687982400000.0,0.0532,0.0536,0.0529,0.0536,70677.7
1687986000000.0,0.0534,0.0535,0.0534,0.0534,1463.2
1687989600000.0,0.0535,0.0535,0.0532,0.0533,17989.7
1687993200000.0,0.0534,0.0536,0.0533,0.0533,8414.7
1687996800000.0,0.0536,0.0539,0.0536,0.0538,16528.5
1688000400000.0,0.0536,0.0541,0.0536,0.0541,5667.7
1688004000000.0,0.0537,0.0538,0.0536,0.0536,24408.0
1688007600000.0,0.0538,0.0539,0.0538,0.0538,2810.8
1688011200000.0,0.0537,0.0539,0.0537,0.0538,22222.4
1688014800000.0,0.0538,0.0538,0.0536,0.0536,6208.5
1688018400000.0,0.0536,0.0538,0.0534,0.0538,62814.1
1688022000000.0,0.0536,0.054,0.0536,0.0539,23154.7
1688025600000.0,0.0539,0.0539,0.0537,0.0537,23945.7
1688029200000.0,0.0537,0.0543,0.0537,0.0543,8876.4
1688032800000.0,0.054,0.0548,0.054,0.0548,10859.9
1688036400000.0,0.0547,0.0551,0.0547,0.0551,63522.6
1688040000000.0,0.0551,0.0554,0.0551,0.0552,15471.3
1688043600000.0,0.0553,0.0556,0.0553,0.0555,187611.1
1688047200000.0,0.0553,0.0554,0.055,0.0551,18567.8
1688054400000.0,0.0551,0.0551,0.0546,0.0546,1308.6
1688058000000.0,0.0545,0.0547,0.054,0.054,25702.9
1688061600000.0,0.054,0.0542,0.054,0.0541,5231.3
1688065200000.0,0.0541,0.0542,0.0539,0.0542,19570.6
1688068800000.0,0.0541,0.0541,0.0536,0.0537,19097.8
1688072400000.0,0.0539,0.0541,0.0538,0.0541,6156.8
1688076000000.0,0.0542,0.0544,0.0542,0.0544,1407.0
1688079600000.0,0.0544,0.0544,0.0539,0.0539,15527.4
1688083200000.0,0.054,0.0543,0.054,0.054,20741.2
1688086800000.0,0.0539,0.0539,0.0535,0.0539,45303.8
1688090400000.0,0.0541,0.0553,0.0541,0.0553,31825.3
1688094000000.0,0.0554,0.056,0.0553,0.0558,27924.9
1688097600000.0,0.056,0.0569,0.0557,0.0564,47374.0
1688101200000.0,0.0564,0.0568,0.0558,0.056,76488.2
1688104800000.0,0.0562,0.0562,0.0559,0.056,16704.4
1688108400000.0,0.056,0.0566,0.0559,0.0561,105140.3
1688112000000.0,0.0561,0.0574,0.0561,0.0571,33277.5
1688115600000.0,0.057,0.0572,0.0566,0.0569,66824.1
1688119200000.0,0.057,0.0575,0.057,0.0575,42035.0
1688122800000.0,0.0575,0.0578,0.0573,0.0578,30139.3
1688126400000.0,0.058,0.058,0.0576,0.0579,7564.7
1688130000000.0,0.0582,0.0582,0.0523,0.0545,164883.8
1688133600000.0,0.055,0.0558,0.0547,0.0551,21837.9
1688137200000.0,0.0551,0.0552,0.0546,0.0546,1538.3
1688140800000.0,0.0548,0.0565,0.0544,0.0565,14506.9
1688144400000.0,0.0567,0.0579,0.0567,0.0579,28582.3
1688148000000.0,0.0574,0.0574,0.0568,0.057,16966.7
1688151600000.0,0.0572,0.0572,0.0567,0.057,327145.1
1688155200000.0,0.057,0.057,0.0568,0.0568,16669.7
1688158800000.0,0.0568,0.0572,0.0567,0.0572,11937.2
1688162400000.0,0.0573,0.0574,0.0571,0.0572,3667.5
1688166000000.0,0.0573,0.0574,0.0572,0.0574,3558.0
1688169600000.0,0.0576,0.0577,0.0572,0.0576,7484.1
1688173200000.0,0.0576,0.0583,0.057,0.0583,15350.5
1688176800000.0,0.058,0.0581,0.0575,0.0575,4421.8
1688180400000.0,0.0577,0.0577,0.0575,0.0575,2023.7
1688184000000.0,0.0577,0.0577,0.0566,0.057,7706.5
1688187600000.0,0.0571,0.0571,0.0568,0.0568,195.7
1688191200000.0,0.0568,0.0569,0.0565,0.0569,15549.0
1688194800000.0,0.0569,0.0573,0.0569,0.0573,5153.0
1688198400000.0,0.0574,0.0578,0.0574,0.0576,2711.3
1688202000000.0,0.0577,0.0579,0.0577,0.0578,2096.6
1688205600000.0,0.0576,0.0579,0.0576,0.0577,1314.3
1688209200000.0,0.0578,0.0578,0.0576,0.0577,17039.2
1688212800000.0,0.058,0.0583,0.058,0.0582,25306.2
1688216400000.0,0.0583,0.0586,0.0583,0.0586,20023.6
1688220000000.0,0.0586,0.0586,0.0583,0.0583,2771.1
1688227200000.0,0.058,0.0583,0.0577,0.0578,5813.0
1688230800000.0,0.0577,0.0578,0.0575,0.0575,214.3
1688234400000.0,0.0577,0.0578,0.0577,0.0578,400.4
1688238000000.0,0.0579,0.0579,0.0575,0.0577,12811.7
1688241600000.0,0.0578,0.0579,0.0576,0.0579,10143.3
1688245200000.0,0.0578,0.0578,0.0578,0.0578,1001.4
1688248800000.0,0.0579,0.0581,0.0579,0.0581,1072.3
1688252400000.0,0.0582,0.0587,0.0582,0.0587,1081.0
1688256000000.0,0.0582,0.0582,0.0578,0.0578,22038.1
1688259600000.0,0.0578,0.0581,0.0575,0.0575,10368.6
1688263200000.0,0.0574,0.0577,0.0569,0.0571,5220.5
1688266800000.0,0.0569,0.0569,0.0561,0.0561,750.0
1688270400000.0,0.056,0.0565,0.056,0.0564,4266.4
1688274000000.0,0.0565,0.0565,0.0565,0.0565,531.5
1688277600000.0,0.0564,0.0565,0.0564,0.0565,963.3
1688281200000.0,0.0566,0.0568,0.0566,0.0568,766.9
1688284800000.0,0.0569,0.0569,0.0564,0.0564,40524.3
1688288400000.0,0.0565,0.0566,0.0565,0.0566,35.2
1688292000000.0,0.0563,0.0564,0.0563,0.0564,224.9
1688295600000.0,0.0564,0.0567,0.0564,0.0567,1862.2
1688299200000.0,0.0566,0.0567,0.0565,0.0567,386.6
1688302800000.0,0.0564,0.0564,0.056,0.056,91.7
1688306400000.0,0.0561,0.0566,0.0561,0.0566,104.1
1688310000000.0,0.0565,0.0565,0.0556,0.0561,15115.2
1688313600000.0,0.0564,0.0566,0.0564,0.0565,16870.6
1688317200000.0,0.0566,0.0566,0.0558,0.0559,6499.9
1688320800000.0,0.0558,0.0558,0.0554,0.0558,3194.4
1688324400000.0,0.0559,0.0561,0.0559,0.0559,459.1
1688328000000.0,0.056,0.0561,0.0559,0.0559,11028.3
1688331600000.0,0.0561,0.0562,0.0561,0.0562,11058.7
1688335200000.0,0.0561,0.0569,0.0561,0.0568,7415.3
1688338800000.0,0.0565,0.0568,0.0564,0.0566,521.4
1688342400000.0,0.0566,0.0567,0.0565,0.0566,1839.1
1688346000000.0,0.0568,0.0577,0.0567,0.0574,47980.8
1688349600000.0,0.0574,0.0591,0.0574,0.0586,58787.5
1688353200000.0,0.059,0.059,0.0581,0.0589,21971.1
1688356800000.0,0.0589,0.059,0.0584,0.0584,123727.0
1688360400000.0,0.0584,0.0591,0.0584,0.0584,15327.3
1688364000000.0,0.0585,0.0585,0.058,0.0583,26489.5
1688367600000.0,0.0583,0.0588,0.0582,0.0588,4848.2
1688371200000.0,0.0587,0.0589,0.0585,0.0589,40674.2
1688374800000.0,0.0589,0.0589,0.0584,0.0584,7620.1
1688378400000.0,0.0585,0.0588,0.0582,0.0588,6404.3
1688382000000.0,0.0587,0.0588,0.0585,0.0588,698.6
1688385600000.0,0.0584,0.0588,0.0582,0.0588,13371.1
1688389200000.0,0.0586,0.0587,0.0582,0.0583,1898.2
1688392800000.0,0.0584,0.0594,0.0584,0.0591,10881.8
1688396400000.0,0.059,0.0593,0.0587,0.0587,39365.8
1688400000000.0,0.0587,0.0591,0.0582,0.0591,318499.5
1688403600000.0,0.0592,0.0593,0.0589,0.0591,15837.6
1688407200000.0,0.0591,0.0593,0.0587,0.0592,9720.9
1688410800000.0,0.0595,0.0599,0.0593,0.0597,20990.3
1688414400000.0,0.0596,0.0597,0.0591,0.0592,7387.5
1688418000000.0,0.0593,0.0593,0.0588,0.0589,1893.8
1688421600000.0,0.0594,0.0594,0.0589,0.059,12106.8
1688425200000.0,0.0591,0.0593,0.0588,0.0593,4384.5
1688428800000.0,0.0588,0.0593,0.0588,0.059,32555.8
1688432400000.0,0.0591,0.0594,0.0584,0.0586,18456.6
1688436000000.0,0.0588,0.059,0.0586,0.0588,186616.6
1688439600000.0,0.0585,0.0593,0.0583,0.0593,11938.8
1688443200000.0,0.059,0.059,0.0585,0.0585,1894.0
1688446800000.0,0.0586,0.0588,0.0583,0.0588,5302.2
1688450400000.0,0.0588,0.0591,0.0585,0.0587,33469.4
1688454000000.0,0.0586,0.0587,0.0581,0.0582,8866.5
1688457600000.0,0.0582,0.0582,0.0579,0.0581,17120.0
1688461200000.0,0.058,0.0582,0.0578,0.0581,8655.7
1688464800000.0,0.0582,0.0584,0.0582,0.0583,2457.5
1688468400000.0,0.0584,0.0588,0.0584,0.0586,2560.0
1688472000000.0,0.0586,0.0587,0.0585,0.0585,5753.0
1688475600000.0,0.0588,0.0588,0.0584,0.0586,2929.9
1688479200000.0,0.0587,0.0593,0.0586,0.0586,205744.0
1688482800000.0,0.0588,0.0599,0.0583,0.0599,54090.7
1688486400000.0,0.06,0.063,0.0598,0.0601,315283.2
1688490000000.0,0.06,0.0615,0.0592,0.0592,216246.5
1688493600000.0,0.0591,0.0598,0.0591,0.0596,6068.3
1688497200000.0,0.0592,0.0593,0.0584,0.0589,53190.5
1688500800000.0,0.0591,0.06,0.0591,0.06,13382.9
1688504400000.0,0.0599,0.0606,0.0599,0.0606,3019.6
1688508000000.0,0.0608,0.0608,0.0601,0.0602,14504.2
1688511600000.0,0.0605,0.0607,0.06,0.06,3126.3
1688515200000.0,0.06,0.0601,0.0595,0.06,734.7
1688518800000.0,0.0597,0.0603,0.0597,0.0601,39232.2
1688522400000.0,0.0601,0.0619,0.0601,0.061,64961.6
1688526000000.0,0.0612,0.0618,0.0611,0.0611,33426.4
1688529600000.0,0.0609,0.0609,0.0601,0.0607,41763.8
1688533200000.0,0.0609,0.0629,0.0609,0.0619,106118.3
1688536800000.0,0.0615,0.0625,0.0615,0.0618,23223.6
1688540400000.0,0.0616,0.0627,0.0616,0.0625,28075.8
1688544000000.0,0.0626,0.0628,0.0607,0.0608,270604.6
1688547600000.0,0.0607,0.0609,0.0593,0.0594,49541.5
1688551200000.0,0.0592,0.0594,0.0555,0.0564,101083.4
1688554800000.0,0.0568,0.0577,0.0568,0.0577,8045.4
1688558400000.0,0.0573,0.0575,0.0569,0.0569,33279.2
1688562000000.0,0.0571,0.0577,0.0571,0.0575,5037.6
1688565600000.0,0.0577,0.0577,0.0568,0.0568,13209.6
1688569200000.0,0.0569,0.057,0.0554,0.0555,119420.5
1688572800000.0,0.0554,0.0565,0.0554,0.0563,194818.3
1688576400000.0,0.0564,0.0566,0.0564,0.0565,8301.9
1688580000000.0,0.0568,0.0568,0.0564,0.0566,11302.2
1688583600000.0,0.0564,0.0571,0.0564,0.0571,33418.4
1688587200000.0,0.0571,0.0574,0.0571,0.0574,6447.7
1688590800000.0,0.0574,0.0574,0.057,0.057,594.1
1688594400000.0,0.0572,0.0575,0.0572,0.0573,25309.5
1688598000000.0,0.0575,0.0575,0.0573,0.0573,7828.5
1688601600000.0,0.0573,0.0573,0.0568,0.0568,21376.9
1688605200000.0,0.0566,0.057,0.0561,0.057,12583.7
1688608800000.0,0.0573,0.0577,0.0573,0.0577,7714.0
1688612400000.0,0.0578,0.0578,0.0575,0.0578,6518.9
1688616000000.0,0.0579,0.058,0.0573,0.0573,11361.5
1688619600000.0,0.0573,0.0584,0.0573,0.0583,20311.2
1688623200000.0,0.0582,0.0585,0.0582,0.0585,14495.4
1688626800000.0,0.0585,0.0588,0.0585,0.0588,6113.9
1688630400000.0,0.0585,0.0596,0.0585,0.0596,2092.6
1688634000000.0,0.0597,0.06,0.0596,0.0596,5233.8
1688637600000.0,0.0595,0.0595,0.0592,0.0593,715.1
1688641200000.0,0.0596,0.0596,0.0586,0.0586,860.5
1688644800000.0,0.0588,0.0588,0.0578,0.0581,21502.0
1688648400000.0,0.0585,0.0586,0.0577,0.0577,17932.6
1688652000000.0,0.0579,0.0579,0.0555,0.0559,68509.3
1688655600000.0,0.0556,0.0564,0.0555,0.0562,5884.1
1688659200000.0,0.0565,0.0572,0.0564,0.0566,11342.8
1688662800000.0,0.0568,0.0568,0.0567,0.0568,479.7
1688666400000.0,0.0571,0.0576,0.0566,0.0567,355740.9
1688670000000.0,0.0566,0.0566,0.056,0.056,11575.0
1688673600000.0,0.0563,0.0564,0.056,0.0562,4011.0
1688677200000.0,0.0562,0.0562,0.0556,0.0556,1665.4
1688680800000.0,0.0561,0.0561,0.0556,0.0556,517.7
1688684400000.0,0.0556,0.0557,0.0549,0.0552,29286.4
1688688000000.0,0.0546,0.0552,0.0543,0.0551,21373.8
1688691600000.0,0.0554,0.0556,0.0551,0.0556,6236.8
1688695200000.0,0.0556,0.0562,0.0556,0.0562,539.0
1688698800000.0,0.0561,0.0564,0.0561,0.0561,24560.9
1688702400000.0,0.0563,0.0563,0.0558,0.0559,10064.7
1688706000000.0,0.0558,0.0564,0.0555,0.0562,156246.7
1688709600000.0,0.0563,0.0563,0.0559,0.0561,14246.4
1688713200000.0,0.0561,0.0561,0.0555,0.0557,164460.8
1688716800000.0,0.056,0.056,0.0557,0.0559,7058.7
1688720400000.0,0.056,0.0563,0.056,0.0561,16504.7
1688724000000.0,0.0558,0.0559,0.0557,0.0558,17019.2
1688727600000.0,0.056,0.056,0.056,0.056,3305.3
1688731200000.0,0.056,0.0566,0.0558,0.0562,6330.2
1688734800000.0,0.0562,0.0568,0.0562,0.0568,468.7
1688738400000.0,0.057,0.057,0.0564,0.0564,4379.5
1688742000000.0,0.0566,0.0566,0.0565,0.0566,2515.7
1688745600000.0,0.0568,0.0568,0.0566,0.0566,792.9
1688749200000.0,0.0566,0.0572,0.0562,0.0562,258536.5
1688752800000.0,0.0564,0.0564,0.0559,0.0559,413.6
1688760000000.0,0.0563,0.0565,0.0563,0.0564,3679.8
1688763600000.0,0.0567,0.0574,0.0567,0.0567,88506.8
1688767200000.0,0.0566,0.0569,0.0566,0.0569,7710.0
1688770800000.0,0.0569,0.0571,0.0569,0.0571,5405.5
1688774400000.0,0.0572,0.0575,0.0572,0.0575,588.3
1688778000000.0,0.0576,0.0578,0.0574,0.0577,4437.7
1688781600000.0,0.0577,0.0577,0.0575,0.0575,3101.2
1688788800000.0,0.0575,0.0576,0.0571,0.0573,221482.7
1688792400000.0,0.0568,0.0569,0.0567,0.0569,10401.2
1688796000000.0,0.0569,0.0569,0.0566,0.0567,8586.3
1688799600000.0,0.0568,0.0571,0.0566,0.0571,15387.1
1688803200000.0,0.0568,0.0572,0.0568,0.0572,13989.8
1688806800000.0,0.0572,0.0572,0.0571,0.0571,19263.1
1688814000000.0,0.0572,0.0572,0.0566,0.0566,2736.0
1688817600000.0,0.0569,0.057,0.0567,0.0567,4979.1
1688821200000.0,0.0567,0.057,0.0567,0.057,8318.4
1688824800000.0,0.0569,0.057,0.0569,0.057,4782.3
1688828400000.0,0.0568,0.0568,0.0566,0.0566,905.2
1688832000000.0,0.0568,0.0572,0.0566,0.0571,9511.9
1688835600000.0,0.0568,0.0569,0.0568,0.0569,14197.8
1688839200000.0,0.0568,0.057,0.0567,0.0569,1281.7
1688842800000.0,0.0568,0.0568,0.0563,0.0565,2471.4
1688846400000.0,0.0563,0.0563,0.056,0.0563,185.0
1688850000000.0,0.0564,0.0566,0.0564,0.0566,124637.1
1688853600000.0,0.0566,0.0568,0.0564,0.0568,14734.1
1688857200000.0,0.057,0.0572,0.057,0.0571,7370.0
1688860800000.0,0.057,0.0573,0.057,0.0573,10321.8
1688864400000.0,0.0576,0.0577,0.0574,0.0574,1642.6
1688868000000.0,0.0573,0.0574,0.0573,0.0574,252.3
1688875200000.0,0.0573,0.0573,0.0571,0.0571,343.5
1688882400000.0,0.0568,0.0568,0.0567,0.0567,53.6
1688886000000.0,0.0564,0.0564,0.0564,0.0564,54.2
1688893200000.0,0.0565,0.0565,0.0565,0.0565,459.1
1688896800000.0,0.0566,0.0566,0.0565,0.0565,448.4
1688900400000.0,0.0566,0.0567,0.0566,0.0566,1369.1
1688904000000.0,0.0565,0.0567,0.0565,0.0567,35.0
1688911200000.0,0.0563,0.0566,0.0561,0.0566,19760.2
1688918400000.0,0.0562,0.0564,0.0562,0.0562,8790.1
1688922000000.0,0.0562,0.0563,0.0562,0.0563,2752.0
1688925600000.0,0.0561,0.0563,0.0561,0.0562,1196.2
1688929200000.0,0.0561,0.0561,0.056,0.056,909.6
1688932800000.0,0.0559,0.0561,0.0555,0.0558,1435.1
1688936400000.0,0.0559,0.0559,0.0558,0.0558,55.5
1688940000000.0,0.0557,0.056,0.0557,0.056,1268.3
1688943600000.0,0.0556,0.0556,0.0556,0.0556,667.6
1688947200000.0,0.0555,0.0555,0.0543,0.0545,42183.6
1688950800000.0,0.0547,0.0548,0.0541,0.0542,141329.5
1688954400000.0,0.0541,0.0547,0.0541,0.0547,11062.2
1688958000000.0,0.0548,0.0551,0.0548,0.0549,7288.6
1688961600000.0,0.0547,0.0549,0.0547,0.0549,7151.1
1688965200000.0,0.055,0.055,0.0544,0.0545,2864.2
1688968800000.0,0.0543,0.0545,0.0543,0.0545,1852.4
1688972400000.0,0.0544,0.0546,0.0544,0.0545,2013.4
1688976000000.0,0.0544,0.0544,0.0538,0.0541,3237.0
1688979600000.0,0.054,0.0551,0.054,0.0549,527.4
1688983200000.0,0.0551,0.0552,0.055,0.0552,156.9
1688986800000.0,0.0554,0.0554,0.0553,0.0553,2240.8
1688990400000.0,0.0555,0.0557,0.0552,0.0552,7917.2
1688994000000.0,0.0556,0.0556,0.0555,0.0555,457.7
1688997600000.0,0.0555,0.056,0.0555,0.056,9111.2
1689001200000.0,0.0558,0.0558,0.0558,0.0558,629.0
1689004800000.0,0.0556,0.0557,0.0555,0.0557,3783.4
1689008400000.0,0.0559,0.056,0.0559,0.056,760.4
1689012000000.0,0.0561,0.0567,0.0561,0.0566,3192.5
1689015600000.0,0.0567,0.0574,0.0567,0.0574,2499.9
1689019200000.0,0.0575,0.0578,0.0575,0.0575,554.3
1689022800000.0,0.0575,0.0575,0.0568,0.0568,261.4
1689026400000.0,0.0567,0.0567,0.0563,0.0565,4100.8
1689030000000.0,0.0565,0.0567,0.0565,0.0567,19949.6
1689033600000.0,0.0564,0.0569,0.0563,0.0563,21132.7
1689037200000.0,0.0563,0.0568,0.0563,0.0568,3132.8
1689040800000.0,0.0568,0.0568,0.0564,0.0564,425.4
1689044400000.0,0.0564,0.0567,0.0563,0.0567,17165.4
1689048000000.0,0.0565,0.0566,0.0564,0.0564,4707.7
1689051600000.0,0.0566,0.0567,0.0566,0.0566,1413.9
1689055200000.0,0.0567,0.0567,0.0566,0.0566,656.7
1689058800000.0,0.0567,0.0567,0.0566,0.0566,66.8
1689062400000.0,0.0564,0.0564,0.0563,0.0563,7934.5
1689066000000.0,0.0563,0.0563,0.0559,0.0562,4226.7
1689069600000.0,0.0559,0.056,0.0559,0.056,56.5
1689073200000.0,0.0559,0.0561,0.0559,0.0561,6825.3
1689076800000.0,0.0561,0.0561,0.0561,0.0561,1446.9
1689080400000.0,0.056,0.056,0.056,0.056,2112.4
1689084000000.0,0.0558,0.0561,0.0557,0.0561,961.2
1689087600000.0,0.0564,0.0564,0.0564,0.0564,46.8
1689091200000.0,0.0559,0.056,0.0557,0.056,120.9
1689094800000.0,0.0561,0.0561,0.056,0.056,12724.7
1689098400000.0,0.0559,0.0559,0.0554,0.0554,1131.3
1689102000000.0,0.0556,0.0558,0.0556,0.0558,1177.1
1689109200000.0,0.0559,0.0559,0.0558,0.0559,2262.1
1689116400000.0,0.0561,0.0565,0.0561,0.0565,337.2
1689120000000.0,0.0564,0.0565,0.0564,0.0565,7851.4
1689123600000.0,0.0565,0.0566,0.0565,0.0566,29448.6
1689127200000.0,0.0566,0.0569,0.0565,0.0568,46955.9
1689130800000.0,0.0568,0.0568,0.0566,0.0566,7668.5
1689134400000.0,0.0564,0.0567,0.0564,0.0566,240.8
1689138000000.0,0.0568,0.0568,0.0566,0.0566,11136.1
1689141600000.0,0.0566,0.0569,0.0565,0.0569,7355.8
1689145200000.0,0.0569,0.0571,0.0568,0.0571,22606.9
1689148800000.0,0.057,0.057,0.0566,0.0566,6106.0
1689156000000.0,0.0567,0.0567,0.0565,0.0566,10884.1
1689159600000.0,0.0564,0.0565,0.0564,0.0565,2578.8
1689163200000.0,0.0565,0.0569,0.0561,0.0568,3057.9
1689166800000.0,0.0568,0.0568,0.0564,0.0566,87759.3
1689170400000.0,0.0568,0.0569,0.0568,0.0568,4104.0
1689174000000.0,0.0567,0.0568,0.0562,0.0562,77336.3
1689177600000.0,0.0559,0.0559,0.0555,0.0558,22863.1
1689181200000.0,0.0559,0.0559,0.0557,0.0557,17529.5
1689184800000.0,0.0557,0.056,0.0557,0.056,13121.2
1689188400000.0,0.0559,0.0559,0.055,0.0551,4734.3
1689192000000.0,0.0552,0.0553,0.0552,0.0553,1005.0
1689195600000.0,0.0552,0.0553,0.0551,0.0551,13551.4
1689199200000.0,0.0552,0.0553,0.0552,0.0552,3353.6
1689202800000.0,0.0554,0.0558,0.0554,0.0558,15340.9
1689206400000.0,0.0558,0.056,0.0555,0.0555,32838.5
1689210000000.0,0.0555,0.0555,0.055,0.0552,9330.5
1689213600000.0,0.0553,0.0553,0.0549,0.0549,4230.0
1689217200000.0,0.0549,0.0549,0.0545,0.0545,3263.7
1689220800000.0,0.0544,0.0547,0.0543,0.0547,11459.0
1689224400000.0,0.0545,0.055,0.0544,0.0546,239157.9
1689228000000.0,0.0548,0.0549,0.0548,0.0549,24995.0
1689231600000.0,0.0553,0.0553,0.0548,0.0548,4757.2
1689235200000.0,0.0549,0.0553,0.0548,0.0552,3923.4
1689238800000.0,0.0554,0.0556,0.0554,0.0556,6437.1
1689242400000.0,0.0555,0.0558,0.0555,0.0556,5760.5
1689246000000.0,0.0557,0.0559,0.0557,0.0559,897.3
1689249600000.0,0.056,0.0561,0.0558,0.056,18219.3
1689253200000.0,0.056,0.0561,0.056,0.0561,18010.1
1689256800000.0,0.056,0.0563,0.056,0.0563,61.8
1689260400000.0,0.0561,0.0587,0.056,0.0583,128795.7
1689264000000.0,0.0585,0.0592,0.0584,0.0589,118758.1
1689267600000.0,0.0591,0.0601,0.0589,0.0601,18879.5
1689271200000.0,0.0603,0.0611,0.0597,0.0607,209637.5
1689274800000.0,0.0607,0.0612,0.0605,0.0611,132627.6
1689278400000.0,0.0613,0.0613,0.0605,0.0605,23689.4
1689282000000.0,0.0604,0.0605,0.06,0.0604,37829.7
1689285600000.0,0.0605,0.0607,0.0602,0.0602,10781.7
1689289200000.0,0.0604,0.0607,0.0603,0.0607,2371.0
1689292800000.0,0.0609,0.0614,0.0608,0.0611,39847.3
1689296400000.0,0.0611,0.0611,0.0604,0.0611,2311.0
1689300000000.0,0.0613,0.0614,0.0606,0.0609,11848.1
1689303600000.0,0.0608,0.0612,0.0606,0.0606,3963.9
1689307200000.0,0.0609,0.0612,0.0606,0.0607,21626.2
1689310800000.0,0.0609,0.0616,0.0608,0.0614,21227.9
1689314400000.0,0.0616,0.0616,0.0609,0.0609,1187.1
1689318000000.0,0.061,0.061,0.0603,0.0605,272624.2
1689321600000.0,0.0605,0.0611,0.0605,0.0611,1195.4
1689325200000.0,0.0611,0.0611,0.06,0.0607,141042.8
1689328800000.0,0.0608,0.0611,0.0607,0.0611,32602.0
1689332400000.0,0.0609,0.0613,0.0607,0.0609,25464.4
1689336000000.0,0.0611,0.0611,0.0606,0.0607,1203.7
1689339600000.0,0.0609,0.0615,0.0607,0.0615,492813.9
1689343200000.0,0.0613,0.0619,0.0612,0.0619,24331.9
1689346800000.0,0.0616,0.062,0.0616,0.0618,34048.6
1689350400000.0,0.0619,0.0623,0.0602,0.0614,199148.3
1689354000000.0,0.0613,0.0613,0.0595,0.0595,52217.6
1689357600000.0,0.0597,0.06,0.0566,0.0571,183864.8
1689361200000.0,0.0569,0.0575,0.0565,0.0575,10764.5
1689364800000.0,0.0577,0.0577,0.0571,0.0575,15188.7
1689368400000.0,0.0577,0.0579,0.0577,0.0578,4049.8
1689372000000.0,0.0581,0.0582,0.0581,0.0581,191428.9
1689375600000.0,0.0579,0.0591,0.0579,0.059,12545.5
1689379200000.0,0.0589,0.0589,0.0585,0.0586,6915.8
1689382800000.0,0.0586,0.0587,0.0585,0.0586,17321.5
1689386400000.0,0.0585,0.0589,0.0585,0.0589,1549.0
1689390000000.0,0.0587,0.0587,0.0584,0.0584,796.0
1689393600000.0,0.0585,0.0585,0.0585,0.0585,34.3
1689397200000.0,0.0586,0.0587,0.0584,0.0584,44554.3
1689400800000.0,0.0587,0.0589,0.0586,0.0589,1891.2
1689404400000.0,0.0589,0.0599,0.0589,0.0599,11012.6
1689408000000.0,0.0597,0.0597,0.0595,0.0597,18640.7
1689411600000.0,0.0597,0.0599,0.0597,0.0599,1925.0
1689415200000.0,0.06,0.06,0.0597,0.0597,2198.7
1689418800000.0,0.0597,0.0597,0.0594,0.0596,29291.2
1689426000000.0,0.0593,0.0593,0.0588,0.059,1911.7
1689429600000.0,0.0591,0.0591,0.0589,0.0589,444.7
1689433200000.0,0.0587,0.0591,0.0587,0.0589,93487.6
1689436800000.0,0.0587,0.0588,0.0584,0.0588,6266.0
1689440400000.0,0.0589,0.0589,0.0588,0.0588,826.6
1689444000000.0,0.0588,0.0591,0.0586,0.0591,2545.3
1689447600000.0,0.0593,0.0594,0.0589,0.0589,13889.6
1689451200000.0,0.0589,0.0591,0.0589,0.059,6173.8
1689454800000.0,0.059,0.059,0.0584,0.0585,35335.0
1689458400000.0,0.0587,0.0587,0.0585,0.0587,39.4
1689462000000.0,0.0585,0.0588,0.0585,0.0588,674.3
1689465600000.0,0.0587,0.0588,0.0587,0.0587,347.0
1689469200000.0,0.0588,0.0588,0.0584,0.0584,1171.1
1689472800000.0,0.0584,0.0584,0.0573,0.0579,42375.8
1689476400000.0,0.0577,0.0579,0.0576,0.0579,777.8
1689480000000.0,0.0577,0.0579,0.0577,0.0578,1420.3
1689483600000.0,0.0578,0.0578,0.0576,0.0576,3850.8
1689487200000.0,0.0575,0.0575,0.0574,0.0575,536.4
1689490800000.0,0.0575,0.058,0.0575,0.058,41879.8
1689494400000.0,0.058,0.0593,0.058,0.0586,185844.6
1689498000000.0,0.0589,0.06,0.0589,0.0599,3460.9
1689501600000.0,0.0601,0.0621,0.0601,0.0612,133378.4
1689505200000.0,0.0615,0.0627,0.061,0.0625,203783.8
1689508800000.0,0.0623,0.0643,0.0591,0.0595,389197.1
1689512400000.0,0.0593,0.0598,0.0587,0.0592,50402.1
1689516000000.0,0.0589,0.0595,0.0586,0.0595,66294.6
1689519600000.0,0.0593,0.0593,0.0589,0.0589,72731.6
1689523200000.0,0.0587,0.0589,0.0583,0.0587,36295.9
1689526800000.0,0.0589,0.0589,0.0585,0.0585,9208.3
1689530400000.0,0.0584,0.0584,0.058,0.0581,16460.2
1689534000000.0,0.0581,0.0583,0.0577,0.0579,8597.8
1689537600000.0,0.058,0.058,0.0577,0.0578,9755.4
1689541200000.0,0.0579,0.0586,0.0579,0.0583,48055.7
1689544800000.0,0.0585,0.0585,0.0582,0.0582,4949.4
1689548400000.0,0.0583,0.0583,0.0573,0.0577,39275.6
1689552000000.0,0.0575,0.0583,0.0575,0.0581,15789.5
1689555600000.0,0.0583,0.0592,0.0583,0.0592,10511.3
1689559200000.0,0.0593,0.0593,0.0589,0.0593,3003.6
1689562800000.0,0.0591,0.0601,0.0591,0.0601,2810.0
1689566400000.0,0.0599,0.0599,0.0596,0.0599,4153.5
1689570000000.0,0.06,0.06,0.0591,0.0593,26477.6
1689573600000.0,0.0595,0.0597,0.0591,0.0593,14503.9
1689577200000.0,0.0595,0.06,0.0595,0.0595,22224.1
1689580800000.0,0.0593,0.0601,0.0593,0.0599,2308.4
1689584400000.0,0.0597,0.0597,0.059,0.0591,49806.1
1689588000000.0,0.0591,0.0593,0.0577,0.0588,138394.7
1689591600000.0,0.0591,0.0599,0.0591,0.0597,19315.4
1689595200000.0,0.0599,0.0607,0.0593,0.0606,26832.8
1689598800000.0,0.0606,0.0606,0.0599,0.0601,7231.2
1689602400000.0,0.0601,0.0613,0.0601,0.0609,17175.8
1689606000000.0,0.0611,0.0614,0.0603,0.0607,4288.3
1689609600000.0,0.0606,0.0618,0.0606,0.0611,29160.2
1689613200000.0,0.0615,0.0621,0.0602,0.0605,40028.8
1689616800000.0,0.0605,0.0605,0.0593,0.0601,49441.7
1689620400000.0,0.0603,0.0606,0.0601,0.0605,19948.3
1689624000000.0,0.0607,0.061,0.0602,0.0603,30377.5
1689627600000.0,0.0603,0.0615,0.0603,0.0615,8162.1
1689631200000.0,0.0616,0.0621,0.0616,0.0621,25394.9
1689634800000.0,0.0619,0.0619,0.0612,0.0614,47408.7
1689638400000.0,0.0615,0.0621,0.0615,0.0619,8460.8
1689642000000.0,0.062,0.0625,0.0619,0.062,54065.4
1689645600000.0,0.0621,0.0623,0.0617,0.0619,61016.3
1689649200000.0,0.0618,0.0618,0.0613,0.0613,75911.3
1689652800000.0,0.0613,0.0613,0.061,0.0613,19603.7
1689656400000.0,0.0612,0.0612,0.0608,0.0608,810.7
1689660000000.0,0.0608,0.0609,0.0598,0.06,16441.4
1689663600000.0,0.0599,0.0609,0.0599,0.0605,14562.0
1689667200000.0,0.0605,0.0611,0.06,0.0609,3159.3
1689670800000.0,0.0609,0.0609,0.0607,0.0609,6761.6
1689674400000.0,0.0607,0.0607,0.0604,0.0607,2997.3
1689678000000.0,0.0608,0.0608,0.0593,0.0595,3457.3
1689681600000.0,0.0593,0.0597,0.0589,0.0596,10744.2
1689685200000.0,0.0593,0.0601,0.0593,0.0599,3674.4
1689688800000.0,0.0601,0.0603,0.0597,0.0601,3123.2
1689692400000.0,0.0602,0.0602,0.0597,0.06,782.6
1689696000000.0,0.0602,0.0602,0.0588,0.0594,23485.1
1689699600000.0,0.0594,0.0601,0.0594,0.0601,4484.6
1689703200000.0,0.0601,0.061,0.0601,0.0608,104658.0
1689706800000.0,0.061,0.061,0.0607,0.0607,6089.6
1689710400000.0,0.0605,0.0605,0.0604,0.0605,1311.8
1689714000000.0,0.0603,0.0606,0.0603,0.0604,899.2
1689717600000.0,0.0603,0.0605,0.0601,0.0605,868.1
1689721200000.0,0.0607,0.0607,0.0607,0.0607,680.2
1689724800000.0,0.0606,0.0623,0.0606,0.0623,13027.9
1689728400000.0,0.0625,0.0625,0.0619,0.062,12533.7
1689732000000.0,0.062,0.062,0.0615,0.0617,3043.2
1689735600000.0,0.0617,0.0619,0.0616,0.0617,761.3
1689739200000.0,0.0619,0.0621,0.0617,0.0617,3731.9
1689742800000.0,0.0618,0.0619,0.0618,0.0618,4315.3
1689746400000.0,0.0615,0.0615,0.0609,0.0611,416234.4
1689750000000.0,0.0613,0.0613,0.0611,0.0611,734.6
1689753600000.0,0.061,0.061,0.0605,0.0606,64953.9
1689757200000.0,0.0605,0.0609,0.0604,0.0609,12246.2
1689760800000.0,0.0607,0.0607,0.0601,0.0601,15229.0
1689764400000.0,0.0602,0.0602,0.0599,0.06,3184.8
1689768000000.0,0.0599,0.0599,0.0597,0.0597,145.8
1689771600000.0,0.0598,0.0603,0.0596,0.0602,4318.9
1689775200000.0,0.0599,0.0601,0.0593,0.0597,14214.7
1689778800000.0,0.0596,0.0598,0.0596,0.0598,2247.6
1689782400000.0,0.0599,0.0599,0.0592,0.0592,52352.9
1689786000000.0,0.0594,0.0601,0.0594,0.06,2758.1
1689789600000.0,0.06,0.0605,0.06,0.0601,22202.7
1689793200000.0,0.0602,0.0602,0.0597,0.0597,16873.5
1689796800000.0,0.0598,0.0599,0.0596,0.0599,11731.4
1689800400000.0,0.0597,0.06,0.0596,0.06,816.7
1689804000000.0,0.0601,0.0601,0.0595,0.0596,1441.8
1689807600000.0,0.0595,0.0599,0.0594,0.0597,22631.8
1689811200000.0,0.0594,0.0595,0.059,0.0593,22058.1
1689814800000.0,0.0593,0.0596,0.0593,0.0593,12116.8
1689818400000.0,0.0595,0.0599,0.0595,0.0599,9062.0
1689822000000.0,0.0598,0.0598,0.0593,0.0593,987.8
1689825600000.0,0.0595,0.0595,0.059,0.059,4014.3
1689829200000.0,0.0593,0.0596,0.0593,0.0595,1735.2
1689832800000.0,0.0595,0.0597,0.0595,0.0595,5465.2
1689836400000.0,0.0593,0.0597,0.0593,0.0597,25919.3
1689840000000.0,0.0597,0.0597,0.0596,0.0596,12479.6
1689843600000.0,0.0599,0.0601,0.0598,0.0601,281.0
1689847200000.0,0.0601,0.0602,0.0601,0.0602,481.2
1689850800000.0,0.06,0.0602,0.0599,0.06,18510.6
1689854400000.0,0.06,0.06,0.0596,0.0596,15557.5
1689858000000.0,0.0598,0.0599,0.0595,0.0599,12541.2
1689861600000.0,0.0601,0.0601,0.058,0.0586,12869.4
1689865200000.0,0.0587,0.0591,0.0587,0.0587,2859.6
1689868800000.0,0.0589,0.0589,0.0583,0.0583,1550.2
1689872400000.0,0.0585,0.0586,0.0583,0.0584,75829.8
1689876000000.0,0.0583,0.0583,0.0578,0.0578,10889.6
1689879600000.0,0.0578,0.0583,0.0578,0.0583,115662.3
1689883200000.0,0.0581,0.0583,0.0575,0.0577,11346.0
1689886800000.0,0.0579,0.0583,0.0579,0.0583,1225.3
1689890400000.0,0.0585,0.0587,0.0583,0.0585,73482.4
1689894000000.0,0.0585,0.0588,0.0585,0.0588,641.0
1689897600000.0,0.0589,0.059,0.0585,0.0589,14510.0
1689901200000.0,0.0587,0.0593,0.0587,0.0591,12939.5
1689904800000.0,0.0593,0.0596,0.0592,0.0592,29099.2
1689908400000.0,0.0595,0.0595,0.0594,0.0595,1815.1
1689912000000.0,0.0593,0.0595,0.0593,0.0593,962.4
1689915600000.0,0.0591,0.0593,0.0588,0.0588,801.3
1689919200000.0,0.0591,0.0591,0.0589,0.0591,796.3
1689922800000.0,0.0591,0.0591,0.0584,0.0587,95034.9
1689926400000.0,0.0587,0.0589,0.0587,0.0587,444.6
1689930000000.0,0.0585,0.0589,0.0583,0.0585,113483.2
1689933600000.0,0.0583,0.0587,0.0582,0.0587,8803.4
1689937200000.0,0.0585,0.0585,0.0584,0.0584,536.0
1689940800000.0,0.0585,0.059,0.0585,0.059,1269.7
1689944400000.0,0.0589,0.0589,0.0586,0.0586,5453.2
1689948000000.0,0.0588,0.0589,0.0586,0.0589,14794.1
1689951600000.0,0.0587,0.0587,0.0587,0.0587,1338.7
1689955200000.0,0.0587,0.0587,0.0585,0.0586,815.3
1689958800000.0,0.0587,0.0588,0.0586,0.0588,578.0
1689962400000.0,0.0589,0.0592,0.0589,0.059,19510.1
1689966000000.0,0.0589,0.0589,0.0583,0.0587,10800.0
1689969600000.0,0.0588,0.0588,0.0585,0.0585,5618.5
1689973200000.0,0.0586,0.0586,0.0583,0.0583,12986.9
1689976800000.0,0.0585,0.0586,0.0585,0.0585,240.2
1689980400000.0,0.0586,0.0589,0.0586,0.0587,90840.0
1689984000000.0,0.0586,0.0587,0.0584,0.0587,18388.0
1689991200000.0,0.0584,0.0585,0.0584,0.0585,172.9
1689994800000.0,0.0585,0.0589,0.0585,0.0589,3146.6
1690002000000.0,0.0585,0.0585,0.0584,0.0584,1613.4
1690005600000.0,0.0585,0.0585,0.0581,0.0582,1208.0
1690012800000.0,0.0583,0.0583,0.0581,0.0581,9656.2
1690016400000.0,0.058,0.058,0.0578,0.0578,3494.9
1690020000000.0,0.0577,0.0578,0.0575,0.0578,8854.1
1690023600000.0,0.0578,0.0578,0.0576,0.0578,12996.6
1690027200000.0,0.0577,0.0578,0.0574,0.0575,18588.3
1690030800000.0,0.0575,0.0575,0.0574,0.0574,150.9
1690034400000.0,0.0574,0.0575,0.0572,0.0572,11934.8
1690038000000.0,0.0573,0.0574,0.0572,0.0574,11452.4
1690041600000.0,0.0572,0.0572,0.0571,0.0571,2413.0
1690045200000.0,0.0572,0.0572,0.057,0.057,2810.9
1690048800000.0,0.0569,0.0569,0.0566,0.0566,9506.4
1690052400000.0,0.0565,0.0568,0.0565,0.0568,35570.8
1690056000000.0,0.0566,0.0569,0.0566,0.0569,5481.0
1690059600000.0,0.0569,0.0571,0.0569,0.0571,22820.3
1690063200000.0,0.057,0.0571,0.057,0.0571,43377.3
1690066800000.0,0.0569,0.0569,0.0559,0.0564,5901.9
1690070400000.0,0.0565,0.0565,0.0563,0.0565,2777.1
1690074000000.0,0.0567,0.0571,0.0567,0.0571,2861.4
1690081200000.0,0.0573,0.0573,0.0573,0.0573,421.8
1690084800000.0,0.0571,0.0575,0.0571,0.0574,3860.8
1690088400000.0,0.0576,0.0578,0.0575,0.0575,3829.5
1690092000000.0,0.0576,0.0576,0.0575,0.0575,5005.3
1690102800000.0,0.0577,0.0577,0.0575,0.0575,777.0
1690106400000.0,0.0575,0.0577,0.0574,0.0574,2928.7
1690110000000.0,0.0573,0.0573,0.0572,0.0572,421.8
1690113600000.0,0.0572,0.0576,0.0572,0.0576,11958.9
1690117200000.0,0.0573,0.0575,0.0573,0.0575,634.4
1690128000000.0,0.0577,0.058,0.0576,0.058,1028.0
1690131600000.0,0.0579,0.058,0.0579,0.0579,321.0
1690135200000.0,0.0581,0.0585,0.0581,0.0585,98017.7
1690138800000.0,0.0585,0.0585,0.058,0.058,86574.3
1690142400000.0,0.058,0.058,0.058,0.058,89.3
1690146000000.0,0.0579,0.0579,0.0574,0.0575,9458.4
1690149600000.0,0.0573,0.0575,0.0573,0.0575,2735.4
1690153200000.0,0.0577,0.0579,0.0577,0.0579,3631.0
1690156800000.0,0.0578,0.0581,0.0577,0.058,14588.2
1690160400000.0,0.0577,0.0577,0.0571,0.0571,4752.4
1690164000000.0,0.057,0.0574,0.0568,0.0574,4039.4
1690167600000.0,0.0571,0.0573,0.0571,0.0571,2270.7
1690171200000.0,0.0569,0.0571,0.0567,0.057,3545.7
1690174800000.0,0.057,0.057,0.0569,0.0569,2001.3
1690178400000.0,0.0567,0.0567,0.0565,0.0565,555.5
1690182000000.0,0.0569,0.0571,0.0569,0.0571,919.8
1690185600000.0,0.0573,0.0575,0.0573,0.0573,2397.1
1690189200000.0,0.0571,0.0571,0.0538,0.0545,492404.9
1690192800000.0,0.0545,0.0553,0.0545,0.0552,33689.0
1690196400000.0,0.0553,0.0554,0.0553,0.0553,91139.6
1690200000000.0,0.0551,0.0553,0.0551,0.0551,3808.4
1690203600000.0,0.0552,0.0552,0.055,0.0551,498.4
1690207200000.0,0.0552,0.0552,0.0551,0.0551,475.8
1690210800000.0,0.0549,0.055,0.0544,0.0547,8852.4
1690214400000.0,0.0545,0.0546,0.0545,0.0546,442.3
1690218000000.0,0.0546,0.0546,0.0542,0.0542,877.6
1690221600000.0,0.0545,0.0547,0.0545,0.0547,1788.2
1690225200000.0,0.0546,0.0546,0.0539,0.0541,13733.4
1690228800000.0,0.0539,0.054,0.0539,0.054,11634.3
1690232400000.0,0.0541,0.0543,0.0541,0.0543,829.6
1690236000000.0,0.0544,0.0544,0.0543,0.0543,1062.2
1690239600000.0,0.0545,0.0547,0.0544,0.0544,1380.8
1690246800000.0,0.0544,0.0544,0.0541,0.0541,15040.6
1690250400000.0,0.0543,0.0547,0.0543,0.0545,6422.8
1690254000000.0,0.0543,0.0543,0.054,0.054,2692.9
1690257600000.0,0.0539,0.0539,0.0539,0.0539,1405.8
1690261200000.0,0.054,0.0541,0.054,0.0541,459.6
1690264800000.0,0.0539,0.0539,0.0537,0.0537,1011.3
1690268400000.0,0.0536,0.0536,0.0533,0.0533,841.8
1690275600000.0,0.0537,0.0542,0.0537,0.0541,92629.8
1690282800000.0,0.0539,0.0539,0.0538,0.0538,4843.4
1690290000000.0,0.0539,0.0539,0.0536,0.0537,32862.0
1690293600000.0,0.0538,0.0538,0.0531,0.0533,49587.3
1690297200000.0,0.0531,0.0533,0.053,0.0532,3855.4
1690304400000.0,0.0531,0.0532,0.0529,0.0531,5251.6
1690308000000.0,0.0533,0.0536,0.0532,0.0535,94435.9
1690311600000.0,0.0533,0.0536,0.0533,0.0535,9978.3
1690315200000.0,0.0533,0.0535,0.0531,0.0535,53347.0
1690318800000.0,0.0536,0.0537,0.0536,0.0537,494.1
1690326000000.0,0.0538,0.0538,0.0537,0.0537,1979.6
1690329600000.0,0.0537,0.0537,0.0533,0.0535,1396.8
1690333200000.0,0.0533,0.0533,0.0527,0.0528,2721.6
1690336800000.0,0.0529,0.0531,0.0528,0.0531,1051.8
1690340400000.0,0.0532,0.0533,0.0532,0.0533,6314.3
1690347600000.0,0.0532,0.0535,0.0532,0.0535,866.3
1690351200000.0,0.0536,0.0537,0.0535,0.0535,838.8
1690354800000.0,0.0536,0.0536,0.0534,0.0535,720.9
1690358400000.0,0.0534,0.0534,0.0533,0.0533,3231.5
1690362000000.0,0.0533,0.0533,0.0527,0.0527,7678.3
1690369200000.0,0.0528,0.0528,0.0528,0.0528,42955.1
1690372800000.0,0.0527,0.0529,0.0527,0.0529,9543.9
1690376400000.0,0.053,0.053,0.0529,0.0529,25848.5
1690380000000.0,0.053,0.0531,0.0529,0.0531,783.8
1690383600000.0,0.0531,0.0534,0.0531,0.0532,5290.4
1690387200000.0,0.0533,0.0534,0.053,0.0531,83538.4
1690390800000.0,0.0531,0.0532,0.0528,0.0528,5687.3
1690394400000.0,0.0531,0.0544,0.0531,0.0543,73311.9
1690398000000.0,0.0542,0.0542,0.0536,0.054,17486.3
1690401600000.0,0.0542,0.0546,0.0542,0.0545,3220.8
1690405200000.0,0.0546,0.0548,0.0543,0.0543,12208.9
1690408800000.0,0.0542,0.0542,0.0541,0.0541,4983.6
1690412400000.0,0.0542,0.0542,0.0538,0.0538,3889.4
1690416000000.0,0.0538,0.0538,0.0534,0.0534,17159.9
1690419600000.0,0.0535,0.054,0.0535,0.0535,3683.1
1690423200000.0,0.0535,0.0536,0.0534,0.0536,952.0
1690426800000.0,0.0537,0.054,0.0536,0.0539,1894.7
1690430400000.0,0.054,0.0542,0.054,0.0542,6559.4
1690434000000.0,0.0543,0.0544,0.0542,0.0544,6276.4
1690437600000.0,0.0543,0.0543,0.054,0.054,23014.2
1690441200000.0,0.0539,0.0546,0.0539,0.0545,24673.1
1690444800000.0,0.0546,0.0548,0.0545,0.0547,16444.9
1690448400000.0,0.0548,0.055,0.0548,0.055,723.1
1690452000000.0,0.055,0.055,0.0547,0.0548,4893.3
1690455600000.0,0.0547,0.0548,0.0547,0.0548,591.0
1690462800000.0,0.0547,0.0548,0.0546,0.0547,46019.8
1690466400000.0,0.0546,0.0546,0.0543,0.0544,80358.7
1690470000000.0,0.0545,0.0545,0.0542,0.0544,1893.1
1690473600000.0,0.0543,0.0544,0.0543,0.0543,9141.7
1690477200000.0,0.0543,0.0543,0.0541,0.0542,2219.2
1690480800000.0,0.0542,0.0542,0.0536,0.0537,149286.5
1690484400000.0,0.0538,0.0539,0.0537,0.0539,1345.9
1690488000000.0,0.0539,0.0539,0.0539,0.0539,362.0
1690491600000.0,0.054,0.0543,0.054,0.0543,2015.4
1690495200000.0,0.0543,0.0544,0.0543,0.0544,11809.0
1690502400000.0,0.0542,0.0544,0.0542,0.0544,2654.1
1690506000000.0,0.0545,0.0546,0.0545,0.0546,308.3
1690509600000.0,0.0544,0.0544,0.0542,0.0542,708.1
1690513200000.0,0.0542,0.0543,0.0541,0.0541,726.2
1690516800000.0,0.054,0.054,0.0539,0.054,705.7
1690520400000.0,0.0539,0.0539,0.0533,0.0534,3446.7
1690524000000.0,0.0535,0.0536,0.0535,0.0536,2605.4
1690527600000.0,0.0536,0.0537,0.0536,0.0537,327.4
1690531200000.0,0.0536,0.0536,0.0534,0.0535,934.5
1690534800000.0,0.0535,0.0537,0.0535,0.0537,31129.1
1690538400000.0,0.0537,0.0537,0.0537,0.0537,10329.9
1690542000000.0,0.0538,0.0539,0.0538,0.0538,4236.3
1690545600000.0,0.0539,0.0541,0.0539,0.0541,1732.9
1690549200000.0,0.0542,0.0542,0.054,0.0541,9267.2
1690552800000.0,0.0542,0.0545,0.0542,0.0545,189434.2
1690556400000.0,0.0546,0.0548,0.0545,0.0546,26855.1
1690560000000.0,0.0546,0.0546,0.0544,0.0545,8063.7
1690563600000.0,0.0544,0.0544,0.054,0.0542,1692.9
1690567200000.0,0.0542,0.0545,0.0542,0.0545,916.7
1690570800000.0,0.0543,0.0544,0.0543,0.0544,396.4
1690574400000.0,0.0545,0.0546,0.0545,0.0546,2275.5
1690581600000.0,0.0545,0.0545,0.0544,0.0545,915.2
1690585200000.0,0.0545,0.0546,0.0545,0.0546,3666.6
1690588800000.0,0.0545,0.0549,0.0545,0.0548,129704.0
1690592400000.0,0.0548,0.0549,0.0548,0.0549,586.2
1690596000000.0,0.0548,0.0548,0.0545,0.0545,32249.3
1690599600000.0,0.0545,0.0545,0.0544,0.0544,3306.0
1690603200000.0,0.0546,0.0548,0.0546,0.0548,703.0
1690606800000.0,0.0549,0.0549,0.0548,0.0548,2626.9
1690610400000.0,0.0549,0.0549,0.0548,0.0548,284.5
1690617600000.0,0.0548,0.0548,0.0547,0.0547,456.6
1690621200000.0,0.0546,0.0548,0.0544,0.0544,1747.4
1690624800000.0,0.0543,0.0544,0.0542,0.0542,17361.1
1690628400000.0,0.0544,0.0544,0.0542,0.0542,5249.5
1690632000000.0,0.0543,0.0543,0.0543,0.0543,3610.0
1690635600000.0,0.0543,0.0544,0.0543,0.0543,206.4
1690639200000.0,0.0544,0.0545,0.0544,0.0545,2340.3
1690642800000.0,0.0545,0.0546,0.0545,0.0545,9505.4
1690650000000.0,0.0546,0.0548,0.0546,0.0548,11964.1
1690653600000.0,0.0548,0.0548,0.0546,0.0546,477.5
1690657200000.0,0.0547,0.0547,0.0546,0.0546,1335.4
1690660800000.0,0.0547,0.0548,0.0547,0.0548,253.3
1690664400000.0,0.0546,0.0546,0.0546,0.0546,2605.4
1690671600000.0,0.0547,0.0549,0.0547,0.0549,3835.5
1690675200000.0,0.0547,0.0547,0.0546,0.0547,700.4
1690678800000.0,0.0547,0.0547,0.0546,0.0546,448.2
1690686000000.0,0.0547,0.0547,0.0546,0.0546,319.0
1690689600000.0,0.0546,0.0548,0.0546,0.0548,278.7
1690696800000.0,0.0546,0.0546,0.0542,0.0542,1183.9
1690700400000.0,0.0542,0.0542,0.0542,0.0542,3717.0
1690704000000.0,0.0542,0.0543,0.0542,0.0542,10810.6
1690711200000.0,0.0541,0.0541,0.0538,0.0538,2210.0
1690714800000.0,0.0539,0.0541,0.0539,0.0539,6636.1
1690718400000.0,0.0539,0.0539,0.0538,0.0539,7108.3
1690722000000.0,0.0538,0.0538,0.0536,0.0536,738.3
1690725600000.0,0.0537,0.054,0.0537,0.054,2880.3
1690729200000.0,0.0541,0.0542,0.0539,0.0539,1199.1
1690732800000.0,0.0539,0.0539,0.0536,0.0536,5625.8
1690736400000.0,0.0538,0.054,0.0538,0.054,4651.6
1690740000000.0,0.054,0.054,0.0539,0.0539,2496.7
1690743600000.0,0.0539,0.0539,0.0526,0.0526,4691.3
1690747200000.0,0.0526,0.0531,0.052,0.0531,25929.2
1690750800000.0,0.0531,0.0533,0.053,0.053,23870.3
1690754400000.0,0.0529,0.053,0.0528,0.053,6683.3
1690758000000.0,0.053,0.0534,0.0529,0.0533,3116.4
1690761600000.0,0.0532,0.0538,0.053,0.0538,2832.3
1690765200000.0,0.0538,0.0538,0.0534,0.0536,2618.2
1690768800000.0,0.0535,0.0538,0.0535,0.0538,532.1
1690772400000.0,0.0537,0.0537,0.0534,0.0534,1460.7
1690776000000.0,0.0535,0.0535,0.0532,0.0533,1274.6
1690779600000.0,0.0534,0.0535,0.0531,0.0531,20625.9
1690783200000.0,0.0532,0.0534,0.0532,0.0532,16416.4
1690786800000.0,0.0532,0.0533,0.0532,0.0533,78.7
1690790400000.0,0.0532,0.0535,0.0532,0.0533,8736.7
1690794000000.0,0.0533,0.0533,0.053,0.053,1951.1
1690797600000.0,0.053,0.0532,0.053,0.053,2443.2
1690801200000.0,0.053,0.0532,0.053,0.0531,446.3
1690804800000.0,0.0531,0.0535,0.0531,0.0534,12096.2
1690808400000.0,0.0533,0.0533,0.0527,0.0528,14634.3
1690812000000.0,0.0529,0.0532,0.0529,0.0532,1388.9
1690815600000.0,0.053,0.0532,0.0528,0.053,2041.9
1690819200000.0,0.0529,0.0532,0.0528,0.0532,774.8
1690822800000.0,0.053,0.0531,0.0529,0.0531,1552.3
1690826400000.0,0.053,0.0531,0.053,0.0531,277.3
1690830000000.0,0.0529,0.053,0.0524,0.0524,10328.8
1690833600000.0,0.0525,0.0526,0.0521,0.0523,3716.9
1690837200000.0,0.0523,0.0524,0.0523,0.0524,4579.8
1690840800000.0,0.0522,0.0523,0.0519,0.0523,115189.8
1690844400000.0,0.0523,0.0524,0.0523,0.0524,261.6
1690848000000.0,0.0523,0.0524,0.0521,0.0524,19880.6
1690851600000.0,0.0524,0.0524,0.0517,0.0518,19295.1
1690855200000.0,0.0517,0.0517,0.0504,0.0511,69400.9
1690858800000.0,0.0512,0.0514,0.0511,0.0513,30531.3
1690862400000.0,0.0513,0.0515,0.0513,0.0514,5520.6
1690866000000.0,0.0513,0.0516,0.0513,0.0516,551.2
1690869600000.0,0.0517,0.052,0.0517,0.0519,18882.2
1690873200000.0,0.052,0.052,0.0517,0.0517,437.0
1690876800000.0,0.0517,0.0521,0.0517,0.0521,1223.8
1690880400000.0,0.0522,0.0522,0.052,0.052,18969.3
1690884000000.0,0.052,0.0521,0.052,0.0521,961.4
1690887600000.0,0.0522,0.0522,0.0521,0.0522,4183.3
1690891200000.0,0.052,0.0525,0.0519,0.0525,12009.1
1690894800000.0,0.0525,0.0525,0.0523,0.0525,13478.0
1690898400000.0,0.0526,0.0526,0.052,0.0522,239515.3
1690902000000.0,0.0521,0.0525,0.0518,0.0524,24559.6
1690905600000.0,0.0524,0.0528,0.0524,0.0525,3725.3
1690909200000.0,0.0525,0.0528,0.0524,0.0525,52576.9
1690912800000.0,0.0526,0.0529,0.0526,0.0529,1380.1
1690916400000.0,0.053,0.0531,0.0529,0.0529,1254.5
1690920000000.0,0.053,0.053,0.0526,0.0527,3843.9
1690923600000.0,0.0526,0.0527,0.0525,0.0526,585.5
1690927200000.0,0.0525,0.0527,0.0525,0.0527,71.8
1690930800000.0,0.0526,0.0535,0.0526,0.0535,11974.9
1690934400000.0,0.0535,0.0536,0.053,0.053,5385.8
1690938000000.0,0.053,0.0533,0.053,0.053,8311.1
1690941600000.0,0.053,0.053,0.0529,0.053,3532.7
1690945200000.0,0.0528,0.0528,0.0527,0.0527,24075.5
1690948800000.0,0.0526,0.0526,0.0524,0.0524,1547.1
1690952400000.0,0.0523,0.0523,0.0521,0.0521,21522.7
1690956000000.0,0.0522,0.0522,0.0519,0.052,1607.8
1690959600000.0,0.0521,0.0522,0.0517,0.0517,1668.4
1690963200000.0,0.0518,0.0521,0.0516,0.0519,125410.1
1690966800000.0,0.0521,0.0521,0.0519,0.0519,28610.3
1690970400000.0,0.0519,0.0521,0.0519,0.0521,13464.9
1690974000000.0,0.0521,0.0521,0.052,0.0521,1666.5
1690977600000.0,0.052,0.052,0.0517,0.0517,6858.7
1690981200000.0,0.0518,0.0518,0.0515,0.0515,5743.0
1690984800000.0,0.0515,0.0516,0.0513,0.0514,7616.7
1690988400000.0,0.0513,0.0516,0.0512,0.0515,5088.9
1690992000000.0,0.0516,0.0517,0.0507,0.051,7176.9
1690995600000.0,0.0511,0.0513,0.0511,0.0511,11478.5
1690999200000.0,0.0512,0.0513,0.051,0.051,4994.9
1691002800000.0,0.0511,0.0511,0.0511,0.0511,291.8
1691006400000.0,0.0512,0.0512,0.0511,0.0511,32.8
1691010000000.0,0.0511,0.0512,0.051,0.0512,13949.4
1691013600000.0,0.0513,0.0514,0.0512,0.0512,794.2
1691020800000.0,0.0512,0.0515,0.0511,0.0514,7114.3
1691024400000.0,0.0514,0.0517,0.0514,0.0515,25198.1
1691028000000.0,0.0516,0.0517,0.0512,0.0513,44160.9
1691031600000.0,0.0513,0.0514,0.0513,0.0514,2499.3
1691035200000.0,0.0514,0.0514,0.0513,0.0513,282.6
1691038800000.0,0.0513,0.0517,0.0513,0.0517,4646.3
1691042400000.0,0.0517,0.0518,0.0513,0.0514,24173.2
1691046000000.0,0.0515,0.0515,0.0513,0.0513,347.0
1691049600000.0,0.0512,0.0513,0.0509,0.0513,15767.9
1691053200000.0,0.0513,0.0514,0.0512,0.0512,3944.7
1691056800000.0,0.0513,0.0514,0.0513,0.0514,1759.6
1691060400000.0,0.0515,0.0515,0.0514,0.0514,9733.2
1691064000000.0,0.0515,0.0515,0.0509,0.0509,8632.9
1691067600000.0,0.051,0.0512,0.051,0.0512,998.6
1691071200000.0,0.0513,0.0514,0.0513,0.0514,1306.3
1691074800000.0,0.0514,0.0514,0.0512,0.0512,6430.5
1691078400000.0,0.0512,0.0514,0.0512,0.0514,2329.1
1691082000000.0,0.0514,0.0514,0.0512,0.0512,1063.0
1691085600000.0,0.0511,0.0511,0.051,0.0511,2960.1
1691092800000.0,0.0512,0.0513,0.0511,0.0511,1459.0
1691096400000.0,0.0511,0.0511,0.051,0.051,1571.1
1691100000000.0,0.051,0.051,0.0505,0.0508,7409.3
1691103600000.0,0.0509,0.0509,0.0506,0.0506,7667.1
1691107200000.0,0.0507,0.0507,0.0505,0.0507,4634.5
1691110800000.0,0.0507,0.0508,0.0507,0.0508,585.2
1691114400000.0,0.0507,0.0507,0.0506,0.0506,1798.4
1691118000000.0,0.0507,0.0507,0.0505,0.0505,839.9
1691121600000.0,0.0505,0.0505,0.0502,0.0504,1307.2
1691125200000.0,0.0505,0.0507,0.0505,0.0506,9065.5
1691128800000.0,0.0506,0.0506,0.0503,0.0503,6416.3
1691132400000.0,0.0503,0.0503,0.0501,0.0502,5104.8
1691136000000.0,0.0503,0.0505,0.0503,0.0505,4791.5
1691143200000.0,0.0504,0.0504,0.0504,0.0504,2637.7
1691150400000.0,0.0503,0.0504,0.0502,0.0503,10443.7
1691154000000.0,0.0504,0.0509,0.0504,0.0508,15490.2
1691157600000.0,0.0507,0.0509,0.0506,0.0509,11428.5
1691161200000.0,0.0507,0.0508,0.0507,0.0508,428.4
1691164800000.0,0.0508,0.0508,0.0508,0.0508,1146.2
1691168400000.0,0.0508,0.0508,0.0507,0.0507,886.6
1691172000000.0,0.0506,0.0506,0.0498,0.0501,24528.9
1691175600000.0,0.0501,0.0502,0.05,0.05,14557.4
1691179200000.0,0.0501,0.0501,0.0495,0.0496,18840.6
1691182800000.0,0.0495,0.0498,0.0495,0.0496,4701.4
1691186400000.0,0.0496,0.0498,0.0496,0.0498,15429.6
1691190000000.0,0.0497,0.0499,0.0497,0.0499,7779.3
1691193600000.0,0.0498,0.05,0.0498,0.05,9097.3
1691197200000.0,0.05,0.05,0.0494,0.0494,17443.9
1691200800000.0,0.0496,0.0498,0.0496,0.0498,5696.9
1691204400000.0,0.0499,0.0499,0.0499,0.0499,3048.7
1691208000000.0,0.0498,0.0499,0.0494,0.0494,1767.5
1691211600000.0,0.0494,0.0497,0.0493,0.0497,13153.5
1691215200000.0,0.0497,0.0497,0.0495,0.0495,19016.0
1691218800000.0,0.0494,0.0495,0.0493,0.0493,804.5
1691222400000.0,0.0494,0.0494,0.0494,0.0494,2651.7
1691226000000.0,0.0494,0.0494,0.0493,0.0493,5394.6
1691229600000.0,0.0493,0.0493,0.0492,0.0493,2582.6
1691233200000.0,0.0494,0.0495,0.0493,0.0493,15464.5
1691236800000.0,0.0492,0.0492,0.0489,0.0489,8731.9
1691240400000.0,0.049,0.0491,0.0489,0.0489,3021.1
1691244000000.0,0.049,0.0492,0.0489,0.0492,7791.4
1691247600000.0,0.0493,0.0493,0.0489,0.0492,13422.5
1691251200000.0,0.0492,0.0493,0.049,0.0492,16122.4
1691254800000.0,0.0493,0.0495,0.0493,0.0494,7847.2
1691258400000.0,0.0493,0.0495,0.0493,0.0495,567.0
1691262000000.0,0.0495,0.0495,0.0494,0.0494,5053.6
1691265600000.0,0.0493,0.0494,0.0492,0.0492,2652.9
1691269200000.0,0.0493,0.0494,0.0493,0.0494,4246.3
1691272800000.0,0.0495,0.0497,0.0495,0.0497,3754.2
1691276400000.0,0.0496,0.0497,0.0496,0.0497,1353.2
1691280000000.0,0.0496,0.0497,0.0494,0.0496,9761.8
1691283600000.0,0.0496,0.0497,0.0495,0.0497,8165.2
1691287200000.0,0.0497,0.0503,0.0497,0.0503,9103.7
1691290800000.0,0.0503,0.0505,0.0502,0.0502,8722.4
1691294400000.0,0.0502,0.0506,0.0501,0.0506,21053.6
1691298000000.0,0.0505,0.0505,0.0505,0.0505,10458.9
1691301600000.0,0.0506,0.0507,0.0505,0.0506,162735.9
1691305200000.0,0.0505,0.0507,0.0505,0.0507,7874.6
1691308800000.0,0.0506,0.0509,0.0506,0.0509,7796.1
1691312400000.0,0.0508,0.0508,0.0508,0.0508,2050.7
1691316000000.0,0.0509,0.051,0.0507,0.0508,2020.4
1691319600000.0,0.0508,0.0516,0.0508,0.0516,14119.1
1691323200000.0,0.0514,0.0515,0.051,0.051,17245.9
1691326800000.0,0.051,0.051,0.0505,0.0505,190074.4
1691330400000.0,0.0505,0.0509,0.0504,0.0507,8278.0
1691334000000.0,0.0508,0.0511,0.0508,0.0509,13866.9
1691337600000.0,0.0509,0.0511,0.0508,0.0511,3273.3
1691341200000.0,0.051,0.0513,0.051,0.0513,7647.6
1691344800000.0,0.0512,0.0513,0.0512,0.0512,490.0
1691348400000.0,0.0512,0.0512,0.0511,0.0512,2461.8
1691352000000.0,0.0512,0.0514,0.0511,0.0514,4677.4
1691355600000.0,0.0515,0.0516,0.0513,0.0513,10556.4
1691359200000.0,0.0514,0.0518,0.0514,0.0515,9674.4
1691362800000.0,0.0515,0.0515,0.051,0.0515,128452.2
1691366400000.0,0.0514,0.052,0.0514,0.0517,21995.1
1691370000000.0,0.0518,0.0524,0.0518,0.0524,12447.1
1691373600000.0,0.0523,0.0526,0.0523,0.0526,24048.7
1691377200000.0,0.0526,0.0529,0.0525,0.0527,19233.1
1691380800000.0,0.0526,0.0532,0.0526,0.0532,30430.6
1691384400000.0,0.0532,0.0532,0.0522,0.0522,11213.2
1691388000000.0,0.0522,0.0522,0.0518,0.0518,6401.8
1691391600000.0,0.0518,0.0523,0.0518,0.0521,59546.0
1691395200000.0,0.052,0.0522,0.052,0.0521,12543.4
1691398800000.0,0.0521,0.0526,0.0521,0.0525,23721.0
1691402400000.0,0.0524,0.0527,0.0524,0.0527,10624.0
1691406000000.0,0.0527,0.0528,0.0524,0.0524,28967.9
1691409600000.0,0.0525,0.0527,0.0522,0.0526,9515.4
1691413200000.0,0.0525,0.0526,0.0524,0.0525,14989.5
1691416800000.0,0.0524,0.0527,0.0522,0.0523,5702.8
1691420400000.0,0.0522,0.0522,0.0516,0.0517,6659.0
1691424000000.0,0.0519,0.0519,0.0508,0.0512,27107.8
1691427600000.0,0.0511,0.0516,0.0511,0.0516,22455.2
1691431200000.0,0.0516,0.052,0.0516,0.0518,2910.7
1691434800000.0,0.0517,0.0517,0.0515,0.0517,15946.1
1691438400000.0,0.0518,0.0519,0.0518,0.0519,5662.9
1691442000000.0,0.0518,0.0518,0.0516,0.0517,6804.7
1691445600000.0,0.0517,0.0518,0.0516,0.0516,937.3
1691449200000.0,0.0515,0.0518,0.0515,0.0517,410.0
1691452800000.0,0.0517,0.0519,0.0514,0.0516,4243.9
1691456400000.0,0.0515,0.0516,0.0512,0.0512,10622.1
1691460000000.0,0.0511,0.0514,0.0511,0.0514,346.5
1691463600000.0,0.0513,0.0515,0.0513,0.0515,271.2
1691467200000.0,0.0515,0.0517,0.0515,0.0517,864.0
1691470800000.0,0.0518,0.0518,0.0517,0.0518,644.3
1691474400000.0,0.0517,0.0518,0.0516,0.0517,557.8
1691478000000.0,0.0516,0.0516,0.0515,0.0516,284.9
1691481600000.0,0.0517,0.0518,0.0517,0.0518,4961.9
1691485200000.0,0.0518,0.052,0.0518,0.052,1507.1
1691488800000.0,0.0519,0.0524,0.0519,0.0524,2120.2
1691492400000.0,0.0523,0.0525,0.0522,0.0525,5035.4
1691496000000.0,0.0524,0.0525,0.0521,0.0523,16104.1
1691499600000.0,0.0523,0.0524,0.0518,0.0522,35264.2
1691503200000.0,0.0521,0.0527,0.0517,0.0519,234209.3
1691506800000.0,0.0519,0.052,0.0518,0.052,8229.6
1691510400000.0,0.0519,0.0524,0.0519,0.0523,6480.9
1691514000000.0,0.0524,0.0528,0.0522,0.0528,14458.1
1691517600000.0,0.0529,0.0529,0.0525,0.0527,6735.1
1691521200000.0,0.0527,0.0527,0.0526,0.0526,562.9
1691524800000.0,0.0527,0.0528,0.0527,0.0528,515.8
1691528400000.0,0.0527,0.053,0.0526,0.0527,3846.0
1691532000000.0,0.0528,0.0528,0.0525,0.0526,1699.0
1691535600000.0,0.0526,0.0526,0.0523,0.0523,1626.5
1691539200000.0,0.0524,0.0524,0.0523,0.0524,1029.3
1691542800000.0,0.0523,0.0524,0.0522,0.0524,281.2
1691546400000.0,0.0523,0.0523,0.0519,0.0519,1152.6
1691550000000.0,0.0519,0.0519,0.0518,0.0518,304.0
1691553600000.0,0.0519,0.052,0.0519,0.052,17470.4
1691557200000.0,0.052,0.0521,0.052,0.0521,10445.0
1691560800000.0,0.0519,0.052,0.0519,0.0519,4697.3
1691564400000.0,0.052,0.0521,0.052,0.0521,1627.0
1691568000000.0,0.052,0.0521,0.052,0.052,2175.0
1691571600000.0,0.0521,0.0524,0.052,0.0524,5733.6
1691575200000.0,0.0522,0.0524,0.0521,0.0524,9116.5
1691578800000.0,0.0523,0.0524,0.0522,0.0523,7320.9
1691582400000.0,0.0524,0.0529,0.0523,0.0529,19554.7
1691586000000.0,0.0529,0.0529,0.0527,0.0527,19817.8
1691589600000.0,0.0526,0.0528,0.0524,0.0524,4970.2
1691593200000.0,0.0524,0.0525,0.0523,0.0525,1476.0
1691596800000.0,0.0525,0.0525,0.0522,0.0522,5723.0
1691600400000.0,0.0521,0.0522,0.0521,0.0521,75779.2
1691604000000.0,0.052,0.0521,0.0519,0.0521,6160.2
1691607600000.0,0.052,0.052,0.0517,0.0517,13253.0
1691611200000.0,0.0516,0.0517,0.0515,0.0517,1659.4
1691614800000.0,0.0515,0.0516,0.0513,0.0516,1318.3
1691618400000.0,0.0516,0.0519,0.0516,0.0518,4450.4
1691622000000.0,0.0519,0.0522,0.0519,0.0521,23707.1
1691625600000.0,0.0522,0.0522,0.0519,0.0521,3531.0
1691629200000.0,0.0522,0.0523,0.0522,0.0523,569.5
1691632800000.0,0.0524,0.0525,0.0524,0.0524,3993.4
1691636400000.0,0.0523,0.0523,0.0523,0.0523,4127.0
1691640000000.0,0.0522,0.0523,0.0521,0.0522,7203.8
1691643600000.0,0.0521,0.0521,0.0519,0.052,4736.2
1691647200000.0,0.052,0.0521,0.0517,0.0517,6818.3
1691650800000.0,0.0517,0.0517,0.0517,0.0517,2404.7
1691654400000.0,0.0516,0.0518,0.0516,0.0518,53212.5
1691658000000.0,0.0518,0.0518,0.0516,0.0518,1284.0
1691661600000.0,0.0518,0.0519,0.0518,0.0519,3302.5
1691665200000.0,0.0519,0.052,0.0518,0.052,25074.7
1691668800000.0,0.052,0.053,0.052,0.0527,27269.7
1691672400000.0,0.0526,0.0528,0.0524,0.0528,9707.7
1691676000000.0,0.0527,0.0529,0.0525,0.0527,15317.1
1691679600000.0,0.0527,0.0528,0.0526,0.0528,297.9
1691683200000.0,0.0526,0.0527,0.0525,0.0525,12120.3
1691686800000.0,0.0526,0.0526,0.0523,0.0524,1794.8
1691690400000.0,0.0525,0.0526,0.0525,0.0526,7872.3
1691694000000.0,0.0526,0.0526,0.0526,0.0526,519.0
1691697600000.0,0.0526,0.0526,0.0524,0.0524,2620.6
1691701200000.0,0.0525,0.0525,0.0524,0.0524,1344.9
1691704800000.0,0.0525,0.0526,0.0524,0.0526,5187.2
1691708400000.0,0.0525,0.0526,0.0524,0.0526,126.6
1691712000000.0,0.0526,0.0527,0.0526,0.0527,256.5
1691715600000.0,0.0527,0.0528,0.0526,0.0526,10804.7
1691719200000.0,0.0527,0.0528,0.0526,0.0527,1991.3
1691722800000.0,0.0529,0.0531,0.0529,0.053,7344.7
1691726400000.0,0.0529,0.0532,0.0529,0.0532,8754.0
1691730000000.0,0.0533,0.0533,0.053,0.0531,2393.7
1691733600000.0,0.0531,0.0533,0.0531,0.0533,20968.2
1691737200000.0,0.0534,0.0534,0.0532,0.0532,1509.7
1691740800000.0,0.0533,0.0534,0.0533,0.0533,588.1
1691744400000.0,0.0534,0.0537,0.0533,0.0533,26997.5
1691748000000.0,0.0533,0.0537,0.0532,0.0534,23498.7
1691751600000.0,0.0533,0.0538,0.0533,0.0538,8542.8
1691755200000.0,0.0537,0.0541,0.0535,0.0535,30010.3
1691758800000.0,0.0537,0.0538,0.0534,0.0537,39664.4
1691762400000.0,0.0537,0.054,0.0537,0.054,7974.7
1691766000000.0,0.054,0.0542,0.0536,0.0536,10006.8
1691769600000.0,0.0536,0.0536,0.0534,0.0536,11197.5
1691773200000.0,0.0534,0.0537,0.0534,0.0537,7292.8
1691776800000.0,0.0536,0.0537,0.0536,0.0537,11506.5
1691780400000.0,0.0536,0.0536,0.0535,0.0536,4056.0
1691784000000.0,0.0536,0.0538,0.0535,0.0538,18799.5
1691787600000.0,0.0538,0.0538,0.0538,0.0538,58.2
1691791200000.0,0.0537,0.0537,0.0537,0.0537,4086.1
1691794800000.0,0.0536,0.0538,0.0536,0.0538,1769.6
1691798400000.0,0.0537,0.0545,0.0537,0.0545,35587.5
1691802000000.0,0.0546,0.0561,0.0546,0.0558,116561.5
1691805600000.0,0.0559,0.0566,0.0558,0.0561,78219.7
1691809200000.0,0.0562,0.0565,0.0559,0.0561,56982.4
1691812800000.0,0.056,0.0571,0.056,0.056,303133.0
1691816400000.0,0.0561,0.0566,0.056,0.0563,86095.6
1691820000000.0,0.0562,0.0587,0.0562,0.0578,464345.6
1691823600000.0,0.0577,0.0594,0.0576,0.0587,410506.6
1691827200000.0,0.0586,0.0593,0.0581,0.0583,402281.2
1691830800000.0,0.0583,0.0715,0.0581,0.061,2216958.7
1691834400000.0,0.061,0.061,0.0597,0.0602,609560.2
1691838000000.0,0.0601,0.0605,0.0598,0.0602,129535.6
1691841600000.0,0.0601,0.062,0.06,0.0602,1000849.0
1691845200000.0,0.0602,0.0612,0.06,0.061,373874.2
1691848800000.0,0.0611,0.0629,0.061,0.0615,1221711.2
1691852400000.0,0.0616,0.0621,0.0604,0.0605,605307.8
1691856000000.0,0.0604,0.0614,0.0597,0.0608,385248.0
1691859600000.0,0.0607,0.0613,0.0603,0.0606,406487.4
1691863200000.0,0.0605,0.0617,0.0603,0.0612,257602.1
1691866800000.0,0.0612,0.0631,0.0611,0.0618,463043.5
1691870400000.0,0.0619,0.0626,0.0615,0.0617,207850.6
1691874000000.0,0.0616,0.0624,0.0611,0.0622,66022.0
1691877600000.0,0.0623,0.0642,0.0621,0.0631,1195679.2
1691881200000.0,0.063,0.0635,0.0616,0.0616,441761.7
1691884800000.0,0.0616,0.0618,0.0604,0.0608,252638.9
1691888400000.0,0.0609,0.0705,0.0609,0.0688,2157400.5
1691892000000.0,0.0687,0.0758,0.068,0.073,3288389.3
1691895600000.0,0.073,0.0738,0.0714,0.0727,921580.8
1691899200000.0,0.0726,0.075,0.0717,0.0721,1159575.9
1691902800000.0,0.072,0.0794,0.0717,0.0781,1840119.8
1691906400000.0,0.0781,0.0799,0.0761,0.0784,810302.1
1691910000000.0,0.0787,0.0787,0.0758,0.0781,1050915.0
1691913600000.0,0.0781,0.0781,0.0764,0.0777,394498.1
1691917200000.0,0.0777,0.087,0.0768,0.0829,1265698.9
1691920800000.0,0.0831,0.0848,0.0826,0.0835,736958.6
1691924400000.0,0.0835,0.0871,0.0823,0.0843,1443324.9
1691928000000.0,0.0845,0.1027,0.0838,0.0996,5561577.4
1691931600000.0,0.099,0.1225,0.0891,0.0939,8394277.5
1691935200000.0,0.0954,0.1,0.0909,0.0921,2304247.8
1691938800000.0,0.0921,0.1025,0.0912,0.1004,2871857.8
1691942400000.0,0.0991,0.1063,0.0951,0.1047,2760078.4
1691946000000.0,0.1037,0.1047,0.096,0.0996,2534082.0
1691949600000.0,0.0993,0.1014,0.0939,0.0969,3639365.1
1691953200000.0,0.0969,0.0986,0.093,0.095,1856509.0
1691956800000.0,0.0951,0.0994,0.0872,0.09,2921394.4
1691960400000.0,0.09,0.0985,0.0876,0.0961,3058411.4
1691964000000.0,0.0962,0.1014,0.0945,0.0972,2115331.9
1691967600000.0,0.0969,0.1036,0.0961,0.098,1564336.9
1691971200000.0,0.0978,0.1075,0.0953,0.1019,2908800.7
1691974800000.0,0.1019,0.1066,0.0974,0.0991,2802138.3
1691978400000.0,0.0991,0.0997,0.091,0.0956,1864687.4
1691982000000.0,0.0957,0.1018,0.0948,0.0984,1645723.7
1691985600000.0,0.0982,0.112,0.0981,0.1089,3189810.2
1691989200000.0,0.109,0.1138,0.1043,0.1074,1861323.5
1691992800000.0,0.1071,0.1146,0.1052,0.1129,1873575.2
1691996400000.0,0.1129,0.1139,0.1059,0.1075,1300464.0
1692000000000.0,0.1067,0.1089,0.1007,0.1027,1075661.3
1692003600000.0,0.1027,0.1094,0.1014,0.1094,993882.3
1692007200000.0,0.1093,0.1168,0.108,0.1149,2000410.2
1692010800000.0,0.115,0.125,0.1121,0.1174,3149175.0
1692014400000.0,0.1168,0.1201,0.1001,0.1056,3325484.4
1692018000000.0,0.1055,0.1086,0.0998,0.108,1242772.3
1692021600000.0,0.1078,0.1084,0.1027,0.1029,917788.7
1692025200000.0,0.1029,0.105,0.0968,0.0982,1543645.8
1692028800000.0,0.0974,0.0987,0.0931,0.096,1873365.6
1692032400000.0,0.096,0.1016,0.0947,0.0986,1156150.5
1692036000000.0,0.0986,0.0986,0.0935,0.0935,796751.6
1692039600000.0,0.0935,0.0972,0.0923,0.0946,1094505.5
1692043200000.0,0.0943,0.0948,0.0904,0.0906,797009.3
1692046800000.0,0.0907,0.0917,0.0892,0.0911,445863.0
1692050400000.0,0.0908,0.0934,0.0905,0.0926,326948.5
1692054000000.0,0.0928,0.094,0.0897,0.0904,456599.1
1692057600000.0,0.0904,0.0939,0.0885,0.0926,526378.2
1692061200000.0,0.0925,0.0932,0.0914,0.0924,223928.2
1692064800000.0,0.0925,0.0948,0.0924,0.0929,257813.7
1692068400000.0,0.0928,0.0938,0.0911,0.092,275456.9
1692072000000.0,0.092,0.0925,0.0883,0.0891,475406.1
1692075600000.0,0.0895,0.09,0.0841,0.0854,723412.8
1692079200000.0,0.0855,0.0874,0.084,0.0859,696554.6
1692082800000.0,0.0853,0.0864,0.083,0.0838,444904.8
1692086400000.0,0.0837,0.0858,0.0828,0.0849,561113.0
1692090000000.0,0.0848,0.085,0.08,0.0803,503275.4
1692093600000.0,0.0803,0.0819,0.0795,0.0811,888506.0
1692097200000.0,0.081,0.081,0.0796,0.0802,276632.4
1692100800000.0,0.08,0.0828,0.0781,0.0811,1996951.3
1692104400000.0,0.0812,0.0844,0.0795,0.0833,851359.1
1692108000000.0,0.0832,0.0887,0.0827,0.0848,2333055.0
1692111600000.0,0.0849,0.0863,0.0836,0.0843,829105.1
1692115200000.0,0.0843,0.0851,0.0818,0.0821,356969.7
1692118800000.0,0.0821,0.0831,0.0805,0.0811,594036.2
1692122400000.0,0.0812,0.0824,0.0808,0.0816,706240.1
1692126000000.0,0.0816,0.0817,0.079,0.0811,554919.5
1692129600000.0,0.081,0.0815,0.0792,0.0806,562948.8
1692133200000.0,0.0806,0.0809,0.0791,0.0793,897868.5
1692136800000.0,0.0794,0.0799,0.0779,0.0796,481368.0
1692140400000.0,0.0797,0.0806,0.0795,0.0801,276968.8
1692144000000.0,0.0798,0.0833,0.0786,0.08,638642.8
1692147600000.0,0.0801,0.0825,0.0796,0.0811,361360.9
1692151200000.0,0.0809,0.0884,0.0806,0.0865,1329263.4
1692154800000.0,0.0867,0.0944,0.0856,0.0879,1932926.4
1692158400000.0,0.0879,0.0891,0.0856,0.0873,484873.6
1692162000000.0,0.0872,0.1046,0.0867,0.0981,2260440.9
1692165600000.0,0.0983,0.1082,0.0968,0.1029,1131079.7
1692169200000.0,0.1028,0.1071,0.1016,0.1043,671080.8
1692172800000.0,0.1036,0.1071,0.0984,0.1043,644439.4
1692176400000.0,0.104,0.111,0.1023,0.1084,1366875.0
1692180000000.0,0.1083,0.1106,0.1048,0.1068,694766.8
1692183600000.0,0.1072,0.1102,0.1036,0.1046,1853916.1
1692187200000.0,0.105,0.1077,0.0993,0.1022,1545888.3
1692190800000.0,0.1022,0.1043,0.1002,0.1031,894419.0
1692194400000.0,0.1032,0.1075,0.1031,0.1053,1126911.0
1692198000000.0,0.1054,0.1074,0.0978,0.0978,695648.3
1692201600000.0,0.0978,0.1002,0.0932,0.0983,1103602.3
1692205200000.0,0.0984,0.1037,0.0979,0.1002,879445.9
1692208800000.0,0.1004,0.1068,0.099,0.1,851738.4
1692212400000.0,0.1002,0.1011,0.0982,0.0994,713668.3
1692216000000.0,0.0994,0.1001,0.0952,0.0976,558323.7
1692219600000.0,0.0974,0.0991,0.0954,0.0974,480647.0
1692223200000.0,0.0977,0.1092,0.0971,0.1015,907087.8
1692226800000.0,0.1013,0.105,0.1013,0.1027,1305568.2
1692230400000.0,0.1023,0.1023,0.0904,0.0948,1008497.2
1692234000000.0,0.0948,0.0982,0.0945,0.0973,628098.3
1692237600000.0,0.0973,0.0997,0.095,0.095,307451.9
1692241200000.0,0.095,0.0999,0.0946,0.0984,435012.5
1692244800000.0,0.0982,0.0991,0.0935,0.0953,316395.7
1692248400000.0,0.0953,0.0953,0.0932,0.0934,185970.1
1692252000000.0,0.0935,0.0939,0.0915,0.0935,461904.5
1692255600000.0,0.0933,0.0936,0.0906,0.0916,177075.1
1692259200000.0,0.0913,0.0913,0.0884,0.0903,414194.3
1692262800000.0,0.0902,0.0913,0.0881,0.0887,489031.9
1692266400000.0,0.0886,0.0892,0.087,0.0889,698411.7
1692270000000.0,0.0888,0.0903,0.088,0.0882,387404.9
1692273600000.0,0.0882,0.089,0.0857,0.086,465031.9
1692277200000.0,0.086,0.0868,0.0847,0.0854,379841.7
1692280800000.0,0.0854,0.0864,0.0845,0.0849,433453.3
1692284400000.0,0.0846,0.0864,0.0842,0.0843,279128.7
1692288000000.0,0.084,0.087,0.0838,0.086,408966.0
1692291600000.0,0.0861,0.091,0.0861,0.0884,961392.0
1692295200000.0,0.0883,0.092,0.0882,0.0915,274124.0
1692298800000.0,0.0915,0.0915,0.0889,0.0901,171279.6
1692302400000.0,0.09,0.0911,0.089,0.0906,189579.6
1692306000000.0,0.0908,0.0939,0.0814,0.0876,718768.9
1692309600000.0,0.0875,0.0881,0.0826,0.0869,682237.1
1692313200000.0,0.0868,0.0884,0.0851,0.0859,201957.3
1692316800000.0,0.086,0.0865,0.0822,0.0851,518673.6
1692320400000.0,0.0857,0.0861,0.083,0.0833,429618.5
1692324000000.0,0.0834,0.0871,0.0829,0.0838,256216.2
1692327600000.0,0.0837,0.0854,0.0825,0.0844,209494.2
1692331200000.0,0.0845,0.0847,0.0811,0.0824,162877.8
1692334800000.0,0.0825,0.0834,0.0808,0.0825,270866.0
1692338400000.0,0.0824,0.0841,0.0814,0.0832,231502.5
1692342000000.0,0.0831,0.0837,0.0816,0.0823,95147.5
1692345600000.0,0.0822,0.0829,0.0806,0.0821,158679.9
1692349200000.0,0.082,0.0825,0.0811,0.0823,85001.8
1692352800000.0,0.0824,0.0846,0.0824,0.0828,136794.1
1692356400000.0,0.0827,0.0849,0.0827,0.0842,141681.1
1692360000000.0,0.0843,0.0851,0.0824,0.0826,302592.4
1692363600000.0,0.0827,0.0831,0.0813,0.0813,273348.7
1692367200000.0,0.0813,0.0822,0.0806,0.0815,311661.9
1692370800000.0,0.0814,0.0973,0.0807,0.0935,3697248.5
1692374400000.0,0.0935,0.1061,0.0929,0.1035,2051887.2
1692378000000.0,0.1036,0.1197,0.1035,0.1118,6250719.0
1692381600000.0,0.1116,0.1146,0.1074,0.1119,3314236.5
1692385200000.0,0.1122,0.1132,0.1076,0.1094,1548638.9
1692388800000.0,0.1094,0.1129,0.1035,0.1063,1784840.5
1692392400000.0,0.1066,0.1092,0.103,0.108,688292.9
1692396000000.0,0.1082,0.1085,0.1046,0.1046,490580.9
1692399600000.0,0.1048,0.1062,0.1025,0.1029,778154.7
1692403200000.0,0.1029,0.1107,0.1022,0.1092,1952055.8
1692406800000.0,0.109,0.1107,0.1074,0.1081,861518.1
1692410400000.0,0.1081,0.1081,0.0993,0.1013,1360406.6
1692414000000.0,0.1016,0.1038,0.1005,0.1025,225993.5
1692417600000.0,0.1026,0.1034,0.1015,0.1021,198415.6
1692421200000.0,0.1018,0.1021,0.0997,0.0997,192032.1
1692424800000.0,0.0998,0.1013,0.0978,0.098,283440.2
1692428400000.0,0.098,0.1239,0.0978,0.1234,3361822.8
1692432000000.0,0.123,0.1339,0.1182,0.1216,2868254.8
1692435600000.0,0.1223,0.1249,0.1154,0.1178,696153.1
1692439200000.0,0.118,0.1283,0.1172,0.1258,808081.6
1692442800000.0,0.126,0.13,0.1237,0.1258,1320662.1
1692446400000.0,0.1252,0.1252,0.1141,0.1189,870868.0
1692450000000.0,0.1189,0.1257,0.1164,0.1207,1149973.9
1692453600000.0,0.1203,0.1221,0.1151,0.1208,1076167.4
1692457200000.0,0.1208,0.1272,0.1192,0.1228,1583290.5
1692460800000.0,0.1223,0.1238,0.1164,0.1172,813926.9
1692464400000.0,0.1176,0.1192,0.1138,0.1168,776195.3
1692468000000.0,0.1172,0.1195,0.1143,0.1159,388128.7
1692471600000.0,0.116,0.117,0.1116,0.1147,352455.2
1692475200000.0,0.1146,0.1158,0.113,0.1145,333574.0
1692478800000.0,0.1144,0.1188,0.1134,0.116,438291.3
1692482400000.0,0.116,0.1185,0.1141,0.1158,222712.1
1692486000000.0,0.116,0.1193,0.1156,0.1157,636605.6
1692489600000.0,0.1154,0.1184,0.1122,0.1184,1101822.0
1692493200000.0,0.1185,0.1224,0.1144,0.1153,848836.2
1692496800000.0,0.115,0.1183,0.1144,0.1163,438271.5
1692500400000.0,0.116,0.1218,0.1159,0.1204,825122.4
1692504000000.0,0.1202,0.1204,0.117,0.1202,421247.1
1692507600000.0,0.1198,0.1212,0.117,0.1186,418990.8
1692511200000.0,0.1184,0.1184,0.1133,0.1133,257178.7
1692514800000.0,0.1133,0.1159,0.1124,0.1124,279155.3
1692518400000.0,0.1122,0.1144,0.1113,0.1124,213405.9
1692522000000.0,0.1122,0.1122,0.1076,0.11,705699.9
1692525600000.0,0.1098,0.1098,0.1068,0.109,415190.7
1692529200000.0,0.1088,0.1112,0.1078,0.1082,383748.5
1692532800000.0,0.1082,0.1093,0.1067,0.1073,406610.0
1692536400000.0,0.1075,0.1095,0.1075,0.1093,358470.5
1692540000000.0,0.1093,0.1099,0.1077,0.1081,369117.5
1692543600000.0,0.1079,0.1096,0.1046,0.1061,723671.9
1692547200000.0,0.106,0.1066,0.1034,0.104,607388.8
1692550800000.0,0.1039,0.1057,0.103,0.1031,349538.4
1692554400000.0,0.1034,0.1049,0.1019,0.1027,261812.4
1692558000000.0,0.1026,0.1033,0.1017,0.103,301069.7
1692561600000.0,0.1027,0.1037,0.1014,0.1032,456900.7
1692565200000.0,0.1032,0.1072,0.1021,0.1038,409678.1
1692568800000.0,0.1038,0.1099,0.1038,0.1074,613831.4
1692572400000.0,0.1066,0.1075,0.1047,0.1053,320514.4
1692576000000.0,0.1049,0.1088,0.1038,0.108,1002027.5
1692579600000.0,0.1084,0.1084,0.1041,0.1044,153153.5
1692583200000.0,0.1045,0.1069,0.1029,0.105,328775.6
1692586800000.0,0.105,0.1094,0.1046,0.1069,411645.8
1692590400000.0,0.1065,0.1187,0.1064,0.1119,1824637.0
1692594000000.0,0.1119,0.1149,0.1119,0.1126,622495.8
1692597600000.0,0.1126,0.1127,0.1088,0.1108,477553.0
1692601200000.0,0.1109,0.1136,0.1103,0.1123,147066.4
1692604800000.0,0.1121,0.1149,0.1112,0.1113,157205.1
1692608400000.0,0.1111,0.118,0.1106,0.1147,328930.2
1692612000000.0,0.1147,0.1224,0.1143,0.1209,861438.8
1692615600000.0,0.1206,0.1318,0.1195,0.1285,2256339.6
1692619200000.0,0.128,0.1543,0.1257,0.1411,6237005.8
1692622800000.0,0.1399,0.1443,0.1278,0.1301,3382002.1
1692626400000.0,0.13,0.1333,0.1276,0.1302,1657987.1
1692630000000.0,0.1303,0.1354,0.1283,0.1318,1556792.6
1692633600000.0,0.1316,0.1316,0.12,0.1244,2070508.8
1692637200000.0,0.1245,0.1277,0.1238,0.1246,949810.6
1692640800000.0,0.1246,0.13,0.1243,0.1251,1218039.5
1692644400000.0,0.1249,0.1256,0.123,0.1244,1273465.5
1692648000000.0,0.1245,0.1292,0.124,0.1283,1443776.8
1692651600000.0,0.1284,0.1358,0.1273,0.1347,1824382.5
1692655200000.0,0.134,0.139,0.1314,0.1352,1883374.8
1692658800000.0,0.1351,0.1478,0.1351,0.139,3464417.1
1692662400000.0,0.1387,0.1393,0.128,0.1304,2877566.7
1692666000000.0,0.1303,0.1336,0.1286,0.1296,834355.4
1692669600000.0,0.1289,0.1321,0.1272,0.1286,1368050.9
1692673200000.0,0.1284,0.1284,0.1214,0.1237,1539785.2
1692676800000.0,0.1237,0.1261,0.1172,0.1231,1806979.7
1692680400000.0,0.1231,0.1273,0.1194,0.1245,724723.4
1692684000000.0,0.1245,0.1323,0.1233,0.1285,1612415.0
1692687600000.0,0.1283,0.1436,0.1271,0.128,1570682.2
1692691200000.0,0.1279,0.1303,0.1201,0.1258,964413.1
1692694800000.0,0.1259,0.1267,0.1227,0.1234,1153738.3
1692698400000.0,0.1234,0.1257,0.1212,0.1257,513336.5
1692702000000.0,0.1256,0.13,0.1241,0.1247,772507.6
1692705600000.0,0.1247,0.1279,0.123,0.1255,537775.6
1692709200000.0,0.1254,0.1281,0.1236,0.1271,491711.8
1692712800000.0,0.1271,0.1338,0.126,0.13,1342837.9
1692716400000.0,0.1301,0.1306,0.1227,0.125,1654369.5
1692720000000.0,0.1247,0.1248,0.1215,0.1225,891166.2
1692723600000.0,0.1227,0.126,0.1224,0.1229,424205.4
1692727200000.0,0.1229,0.1258,0.1187,0.125,1203500.3
1692730800000.0,0.125,0.1306,0.1243,0.1279,1027280.2
1692734400000.0,0.1278,0.1279,0.1244,0.127,939482.0
1692738000000.0,0.1269,0.1304,0.124,0.1304,695808.3
1692741600000.0,0.1302,0.1323,0.1265,0.1275,869259.4
1692745200000.0,0.1276,0.131,0.126,0.1271,810197.7
1692748800000.0,0.1264,0.1304,0.1244,0.1264,1210494.1
1692752400000.0,0.1264,0.1279,0.1257,0.1268,675032.9
1692756000000.0,0.1267,0.1293,0.125,0.1256,815349.6
1692759600000.0,0.1256,0.1316,0.1256,0.1302,917428.9
1692763200000.0,0.1301,0.1386,0.1288,0.1299,1700374.2
1692766800000.0,0.1299,0.1371,0.1293,0.1343,1068915.4
1692770400000.0,0.1342,0.1385,0.1326,0.136,1297248.7
1692774000000.0,0.136,0.1381,0.1341,0.1342,1024115.9
1692777600000.0,0.1343,0.1369,0.1318,0.1334,794406.5
1692781200000.0,0.1335,0.1361,0.1327,0.1328,444222.5
1692784800000.0,0.1329,0.1414,0.1309,0.1375,1487994.3
1692788400000.0,0.1377,0.1459,0.1377,0.1441,1756169.9
1692792000000.0,0.1441,0.1468,0.1386,0.1397,2370235.6
1692795600000.0,0.1396,0.1424,0.1371,0.1393,967822.3
1692799200000.0,0.1393,0.1408,0.1362,0.1381,709313.4
1692802800000.0,0.1381,0.1393,0.1364,0.1373,794784.2
1692806400000.0,0.1372,0.138,0.1316,0.1327,1490822.0
1692810000000.0,0.1328,0.1342,0.1285,0.1302,1493961.9
1692813600000.0,0.1301,0.1339,0.1287,0.1329,1236505.3
1692817200000.0,0.1332,0.1338,0.1304,0.133,566612.2
1692820800000.0,0.1329,0.1348,0.1315,0.1331,654264.4
1692824400000.0,0.1331,0.135,0.1294,0.1317,909514.3
1692828000000.0,0.1316,0.1335,0.1303,0.1322,357728.9
1692831600000.0,0.1323,0.133,0.1303,0.1304,562540.5
1692835200000.0,0.1302,0.1359,0.1281,0.1313,918416.0
1692838800000.0,0.1313,0.1324,0.1295,0.1305,495493.9
1692842400000.0,0.1304,0.1328,0.1297,0.1325,426121.2
1692846000000.0,0.1324,0.1342,0.1287,0.1316,635529.2
1692849600000.0,0.1316,0.1317,0.1295,0.1311,402163.0
1692853200000.0,0.1311,0.133,0.1307,0.132,262032.8
1692856800000.0,0.132,0.1321,0.1292,0.1312,303991.4
1692860400000.0,0.1314,0.1317,0.1293,0.1301,125518.7
1692864000000.0,0.1301,0.1306,0.1248,0.1271,1185682.2
1692867600000.0,0.1272,0.1361,0.1265,0.1335,866522.2
1692871200000.0,0.1334,0.1348,0.1321,0.1329,397462.0
1692874800000.0,0.1328,0.1355,0.1323,0.1339,428655.0
1692878400000.0,0.1338,0.137,0.1327,0.1328,657384.3
1692882000000.0,0.1327,0.135,0.1307,0.131,492693.3
1692885600000.0,0.131,0.1311,0.1284,0.1293,582894.2
1692889200000.0,0.1291,0.1293,0.1267,0.1285,1509303.7
1692892800000.0,0.1285,0.13,0.1277,0.1283,465418.6
1692896400000.0,0.1282,0.1292,0.1271,0.1285,382775.2
1692900000000.0,0.1286,0.1289,0.1261,0.1266,445065.1
1692903600000.0,0.1267,0.1272,0.125,0.1256,317622.3
1692907200000.0,0.1256,0.1257,0.1235,0.1247,792476.0
1692910800000.0,0.1247,0.1269,0.1228,0.1239,411898.6
1692914400000.0,0.124,0.1256,0.1237,0.1254,281248.3
1692918000000.0,0.1254,0.1259,0.1246,0.1249,328412.2
1692921600000.0,0.1248,0.1266,0.1236,0.126,512686.9
1692925200000.0,0.126,0.1303,0.1256,0.1285,668048.4
1692928800000.0,0.1285,0.1288,0.124,0.124,557447.7
1692932400000.0,0.124,0.1242,0.1123,0.1128,3237231.4
1692936000000.0,0.1126,0.1148,0.1009,0.1097,2466140.8
1692939600000.0,0.1098,0.1121,0.1034,0.1089,1322751.2
1692943200000.0,0.1088,0.1113,0.1068,0.1102,836771.5
1692946800000.0,0.1101,0.1188,0.1093,0.1161,1619712.4
1692950400000.0,0.1156,0.1168,0.1076,0.1105,941180.5
1692954000000.0,0.1107,0.1193,0.1088,0.1115,669209.7
1692957600000.0,0.1115,0.1161,0.1115,0.1138,566254.8
1692961200000.0,0.1139,0.126,0.1139,0.1231,2078944.2
1692964800000.0,0.1228,0.1228,0.1123,0.1185,1329398.5
1692968400000.0,0.1185,0.1198,0.1148,0.116,1050387.7
1692972000000.0,0.1161,0.1194,0.1138,0.1161,775812.0
1692975600000.0,0.1163,0.1285,0.1163,0.1219,2076156.4
1692979200000.0,0.1218,0.1223,0.1175,0.1221,703172.5
1692982800000.0,0.1222,0.1246,0.1194,0.1209,512383.3
1692986400000.0,0.121,0.1246,0.1192,0.1235,1145149.6
1692990000000.0,0.1236,0.1247,0.1162,0.1162,1016911.4
1692993600000.0,0.1162,0.1183,0.1132,0.1167,629175.7
1692997200000.0,0.1167,0.1179,0.1141,0.1172,576080.5
1693000800000.0,0.1172,0.1205,0.1159,0.12,306858.1
1693004400000.0,0.12,0.12,0.116,0.1177,517075.0
1693008000000.0,0.1176,0.1195,0.1167,0.1188,216336.4
1693011600000.0,0.1188,0.1219,0.1179,0.119,399336.2
1693015200000.0,0.1191,0.1225,0.1186,0.1208,371031.7
1693018800000.0,0.1209,0.1227,0.118,0.1191,465136.9
1693022400000.0,0.119,0.1205,0.1173,0.1182,497940.1
1693026000000.0,0.1183,0.1229,0.1183,0.1219,380489.5
1693029600000.0,0.1218,0.1235,0.1208,0.1217,253455.9
1693033200000.0,0.1216,0.122,0.1179,0.119,391152.7
1693036800000.0,0.1189,0.1217,0.1181,0.1197,243379.7
1693040400000.0,0.1196,0.12,0.1185,0.1199,206805.5
1693044000000.0,0.1198,0.1221,0.1172,0.1174,240802.8
1693047600000.0,0.1175,0.1185,0.1153,0.1177,348126.6
1693051200000.0,0.1178,0.1179,0.1145,0.1166,486668.3
1693054800000.0,0.1166,0.1177,0.1145,0.1147,524663.9
1693058400000.0,0.1148,0.1185,0.1142,0.116,505231.1
1693062000000.0,0.1159,0.1166,0.1149,0.1153,271959.1
1693065600000.0,0.1151,0.1158,0.1142,0.1152,193913.6
1693069200000.0,0.115,0.1161,0.1147,0.1155,142681.9
1693072800000.0,0.1155,0.1157,0.1117,0.1132,484096.8
1693076400000.0,0.1132,0.1157,0.1129,0.1148,969124.2
1693080000000.0,0.1148,0.1148,0.1135,0.1144,275605.9
1693083600000.0,0.1143,0.1159,0.1137,0.1147,205517.6
1693087200000.0,0.1146,0.1153,0.1145,0.1152,131440.4
1693090800000.0,0.1152,0.1179,0.1148,0.1153,381761.5
1693094400000.0,0.1152,0.1179,0.1111,0.112,609204.2
1693098000000.0,0.1121,0.1137,0.1111,0.1135,249342.7
1693101600000.0,0.1134,0.1141,0.1124,0.1132,122765.0
1693105200000.0,0.1131,0.1131,0.1106,0.1108,250320.5
1693108800000.0,0.1107,0.1175,0.1105,0.1139,663965.3
1693112400000.0,0.1138,0.1144,0.1125,0.1131,137061.6
1693116000000.0,0.113,0.1148,0.1129,0.1144,153710.5
1693119600000.0,0.1144,0.1147,0.1129,0.114,150905.6
1693123200000.0,0.1134,0.1156,0.1133,0.115,226298.2
1693126800000.0,0.115,0.1151,0.1141,0.1142,39243.9
1693130400000.0,0.1143,0.1157,0.1143,0.1147,114569.0
1693134000000.0,0.1147,0.1152,0.1142,0.1142,61915.4
1693137600000.0,0.1143,0.1145,0.1134,0.114,127815.1
1693141200000.0,0.114,0.1167,0.114,0.1143,237427.5
1693144800000.0,0.1142,0.1151,0.1142,0.1147,58537.1
1693148400000.0,0.1147,0.1151,0.113,0.1134,126861.8
1693152000000.0,0.1132,0.1139,0.1122,0.1136,274587.9
1693155600000.0,0.1136,0.1142,0.1122,0.1125,73175.0
1693159200000.0,0.1124,0.1131,0.112,0.1125,130794.0
1693162800000.0,0.1125,0.1129,0.112,0.1121,115327.2
1693166400000.0,0.1122,0.1122,0.1106,0.1111,313179.2
1693170000000.0,0.1111,0.1122,0.1109,0.1116,126382.3
1693173600000.0,0.1116,0.1134,0.1116,0.1128,76461.5
1693177200000.0,0.1128,0.114,0.1124,0.1136,239123.4
1693180800000.0,0.1135,0.1217,0.1135,0.1177,1942497.5
1693184400000.0,0.1176,0.1178,0.1113,0.1133,1232948.7
1693188000000.0,0.1134,0.1146,0.1125,0.1128,179009.9
1693191600000.0,0.1127,0.1136,0.112,0.1128,98164.9
1693195200000.0,0.1127,0.113,0.1116,0.1121,167696.8
1693198800000.0,0.1121,0.1135,0.1119,0.1123,149276.7
1693202400000.0,0.1122,0.113,0.1116,0.1128,196330.2
1693206000000.0,0.1127,0.1127,0.1112,0.1118,858800.0
1693209600000.0,0.1117,0.1118,0.1059,0.109,1517685.7
1693213200000.0,0.1089,0.1112,0.1076,0.1091,513379.1
1693216800000.0,0.1092,0.1113,0.1083,0.1088,472960.9
1693220400000.0,0.1086,0.1092,0.1078,0.1088,88014.9
1693224000000.0,0.1087,0.1102,0.1073,0.1077,183619.0
1693227600000.0,0.1077,0.109,0.1071,0.1079,164429.7
1693231200000.0,0.1078,0.1116,0.1077,0.1084,427574.5
1693234800000.0,0.1085,0.1092,0.1078,0.1082,225541.1
1693238400000.0,0.1081,0.1083,0.1075,0.1083,262428.3
1693242000000.0,0.1082,0.1084,0.1076,0.1077,59675.4
1693245600000.0,0.1076,0.1082,0.1072,0.1073,185260.3
1693249200000.0,0.1073,0.1075,0.1064,0.107,489152.9
1693252800000.0,0.107,0.107,0.1062,0.1067,367612.7
1693256400000.0,0.1067,0.1082,0.1066,0.107,133609.0
1693260000000.0,0.107,0.111,0.107,0.111,482552.7
1693263600000.0,0.111,0.1142,0.1078,0.1082,1546788.2
1693267200000.0,0.1077,0.1104,0.1075,0.109,129023.7
1693270800000.0,0.1091,0.1106,0.1088,0.1097,143933.9
1693274400000.0,0.1097,0.1097,0.1077,0.1084,318064.7
1693278000000.0,0.1084,0.1096,0.1081,0.1096,64377.2
1693281600000.0,0.1095,0.1109,0.1089,0.1103,366764.8
1693285200000.0,0.1103,0.1103,0.1086,0.109,845234.5
1693288800000.0,0.1089,0.1093,0.1076,0.1084,139931.1
1693292400000.0,0.1083,0.1089,0.1073,0.1077,80093.1
1693296000000.0,0.1076,0.1093,0.107,0.1093,185834.3
1693299600000.0,0.1092,0.1108,0.1089,0.1103,242554.2
1693303200000.0,0.1102,0.1115,0.1093,0.1113,364753.9
1693306800000.0,0.1114,0.115,0.1106,0.1141,1027624.3
1693310400000.0,0.1142,0.1192,0.1133,0.1188,1200798.9
1693314000000.0,0.1189,0.125,0.1142,0.1161,1650314.1
1693317600000.0,0.1162,0.119,0.1148,0.1167,1074125.3
1693321200000.0,0.1167,0.1167,0.113,0.1132,612750.2
1693324800000.0,0.1132,0.1166,0.1129,0.1152,713274.9
1693328400000.0,0.1151,0.1166,0.1141,0.1162,342483.5
1693332000000.0,0.1162,0.1164,0.1137,0.1141,256298.5
1693335600000.0,0.1141,0.1159,0.1138,0.1158,156646.0
1693339200000.0,0.1155,0.1161,0.115,0.1155,90089.3
1693342800000.0,0.1156,0.1168,0.1156,0.1158,210856.7
1693346400000.0,0.1159,0.1167,0.1154,0.1161,66724.2
1693350000000.0,0.1162,0.1165,0.1152,0.1161,46877.2
1693353600000.0,0.1162,0.1178,0.1152,0.116,303750.1
1693357200000.0,0.116,0.1198,0.116,0.1174,761222.6
1693360800000.0,0.1175,0.1189,0.1161,0.1164,299873.4
1693364400000.0,0.1165,0.1167,0.115,0.1153,61664.3
1693368000000.0,0.1153,0.1162,0.1145,0.1145,68439.1
1693371600000.0,0.1144,0.1148,0.1134,0.1138,136739.7
1693375200000.0,0.1137,0.1155,0.1137,0.1154,29330.1
1693378800000.0,0.1155,0.1158,0.1136,0.1142,26406.9
1693382400000.0,0.1142,0.1159,0.1139,0.1152,90508.1
1693386000000.0,0.1152,0.1161,0.1152,0.1158,28557.3
1693389600000.0,0.1157,0.1158,0.1146,0.1154,119621.5
1693393200000.0,0.1153,0.1153,0.114,0.1143,170357.5
1693396800000.0,0.1142,0.117,0.1134,0.1167,330081.8
1693400400000.0,0.1167,0.1201,0.1167,0.1193,825774.6
1693404000000.0,0.1195,0.1199,0.1133,0.114,936967.5
1693407600000.0,0.1141,0.1155,0.1132,0.1144,451827.2
1693411200000.0,0.1143,0.1158,0.1142,0.1147,162469.9
1693414800000.0,0.1148,0.1154,0.1144,0.115,607420.9
1693418400000.0,0.115,0.1167,0.115,0.1163,213366.2
1693422000000.0,0.1162,0.1164,0.1143,0.1149,219924.4
1693425600000.0,0.1148,0.1154,0.1146,0.1149,170955.2
1693429200000.0,0.1149,0.1154,0.1145,0.115,95666.9
1693432800000.0,0.1151,0.1162,0.1147,0.1161,74949.5
1693436400000.0,0.1162,0.1166,0.1156,0.1159,107178.5
1693440000000.0,0.1158,0.116,0.1145,0.1149,90584.6
1693443600000.0,0.1148,0.1168,0.1145,0.1159,572964.9
1693447200000.0,0.116,0.1172,0.1157,0.1171,314306.1
1693450800000.0,0.1172,0.1179,0.116,0.1166,163696.8
1693454400000.0,0.1165,0.1186,0.1163,0.1179,114503.2
1693458000000.0,0.118,0.1184,0.1164,0.1165,32404.4
1693461600000.0,0.1166,0.1172,0.1163,0.1163,29664.2
1693465200000.0,0.1164,0.1165,0.1155,0.116,103420.1
1693468800000.0,0.1161,0.1168,0.1157,0.1165,78195.1
1693472400000.0,0.1162,0.1166,0.1151,0.1153,197163.3
1693476000000.0,0.1153,0.1157,0.1144,0.1153,390682.4
1693479600000.0,0.1154,0.1164,0.1154,0.1157,132231.1
1693483200000.0,0.1158,0.118,0.1152,0.1173,169062.8
1693486800000.0,0.1173,0.1177,0.1147,0.1154,197577.7
1693490400000.0,0.1153,0.1154,0.1136,0.1144,1395435.8
1693494000000.0,0.1143,0.1169,0.1134,0.1138,739620.7
1693497600000.0,0.1137,0.1141,0.1104,0.1104,604401.1
1693501200000.0,0.1105,0.1109,0.1084,0.1108,900209.1
1693504800000.0,0.1109,0.1122,0.1109,0.1117,390871.3
1693508400000.0,0.1116,0.112,0.1106,0.1112,395125.7
1693512000000.0,0.1111,0.1123,0.1109,0.1118,426533.7
1693515600000.0,0.1119,0.1129,0.1109,0.1114,842030.4
1693519200000.0,0.1115,0.1124,0.1113,0.1122,109301.9
1693522800000.0,0.1124,0.1127,0.1114,0.1117,21467.8
1693526400000.0,0.1116,0.1162,0.1116,0.1158,294576.5
1693530000000.0,0.1157,0.1177,0.1152,0.1174,1108776.7
1693533600000.0,0.1175,0.12,0.1155,0.1157,903683.3
1693537200000.0,0.1157,0.1183,0.1157,0.1172,524231.8
1693540800000.0,0.1173,0.1187,0.1171,0.1173,285653.0
1693544400000.0,0.1174,0.1178,0.1167,0.1168,228776.6
1693548000000.0,0.1169,0.118,0.116,0.1164,166238.3
1693551600000.0,0.1165,0.1178,0.1165,0.1171,156554.4
1693555200000.0,0.1171,0.1173,0.1163,0.1169,53438.2
1693558800000.0,0.1168,0.1175,0.1163,0.1175,123968.9
1693562400000.0,0.1175,0.1191,0.1164,0.1164,441149.7
1693566000000.0,0.1164,0.1167,0.1156,0.1159,250492.4
1693569600000.0,0.1158,0.1158,0.1145,0.115,524446.8
1693573200000.0,0.1151,0.1156,0.1146,0.1148,88538.4
1693576800000.0,0.1147,0.1161,0.1144,0.1158,126470.3
1693580400000.0,0.1159,0.1179,0.1144,0.115,197717.9
1693584000000.0,0.115,0.1165,0.1149,0.1159,110013.5
1693587600000.0,0.1159,0.1234,0.1155,0.1203,4084868.3
1693591200000.0,0.1205,0.123,0.1177,0.1225,800994.4
1693594800000.0,0.1228,0.1271,0.1215,0.1257,958235.4
1693598400000.0,0.1255,0.1271,0.1236,0.1238,935762.9
1693602000000.0,0.1237,0.1251,0.1225,0.1241,462763.4
1693605600000.0,0.1241,0.1309,0.124,0.127,1066006.3
1693609200000.0,0.1271,0.1281,0.1243,0.1255,1147824.7
1693612800000.0,0.1254,0.1287,0.1228,0.1235,751649.3
1693616400000.0,0.1236,0.1303,0.1236,0.1274,1699026.3
1693620000000.0,0.1275,0.1295,0.1266,0.1283,482253.3
1693623600000.0,0.1282,0.1285,0.1269,0.1278,162702.6
1693627200000.0,0.128,0.1311,0.1268,0.1271,605594.3
1693630800000.0,0.127,0.1292,0.1238,0.1243,537406.7
1693634400000.0,0.1244,0.1272,0.1244,0.1269,187219.7
1693638000000.0,0.1268,0.1268,0.1253,0.1254,139226.4
1693641600000.0,0.1253,0.126,0.1228,0.1228,243206.8
1693645200000.0,0.1229,0.1233,0.1188,0.1202,615776.1
1693648800000.0,0.1203,0.1208,0.1193,0.1195,85784.1
1693652400000.0,0.1194,0.1199,0.1174,0.1183,235715.1
1693656000000.0,0.1183,0.1205,0.1183,0.1192,275836.3
1693659600000.0,0.1191,0.1196,0.118,0.1185,121081.2
1693663200000.0,0.1186,0.1213,0.1185,0.1191,242111.1
1693666800000.0,0.1192,0.121,0.1186,0.119,163253.0
1693670400000.0,0.1189,0.1197,0.1177,0.1179,310973.6
1693674000000.0,0.1178,0.1178,0.1157,0.116,397362.3
1693677600000.0,0.1161,0.1171,0.1154,0.1167,367351.3
1693681200000.0,0.1168,0.1188,0.1168,0.1186,706023.6
1693684800000.0,0.1185,0.1207,0.1175,0.1204,297258.0
1693688400000.0,0.1203,0.1241,0.1163,0.1166,827645.3
1693692000000.0,0.1167,0.1172,0.1135,0.1153,755064.6
1693695600000.0,0.1153,0.1153,0.1128,0.1143,332376.9
1693699200000.0,0.1144,0.1144,0.1101,0.1123,957418.5
1693702800000.0,0.1121,0.1136,0.112,0.1132,173463.2
1693706400000.0,0.1133,0.1146,0.1132,0.1138,127384.8
1693710000000.0,0.1138,0.1138,0.1118,0.1125,204325.4
1693713600000.0,0.1123,0.1123,0.1116,0.1117,79460.4
1693717200000.0,0.1116,0.1133,0.1113,0.1126,99963.0
1693720800000.0,0.1127,0.114,0.1123,0.1136,317154.0
1693724400000.0,0.1136,0.1145,0.1126,0.1137,210901.8
1693728000000.0,0.1138,0.1144,0.1129,0.1143,132283.9
1693731600000.0,0.1143,0.1166,0.1125,0.1126,397784.4
1693735200000.0,0.1127,0.1141,0.1124,0.1139,134627.4
1693738800000.0,0.114,0.1142,0.1137,0.1137,15586.3
1693742400000.0,0.1136,0.1241,0.1132,0.1212,1201917.2
1693746000000.0,0.1213,0.1214,0.1188,0.12,257660.6
1693749600000.0,0.1201,0.1217,0.1192,0.1206,120682.0
1693753200000.0,0.1207,0.1223,0.1196,0.1211,258557.1
1693756800000.0,0.1211,0.1232,0.1204,0.1219,109712.2
1693760400000.0,0.122,0.1279,0.1215,0.1271,1299250.0
1693764000000.0,0.1274,0.1299,0.1259,0.1262,699079.6
1693767600000.0,0.1263,0.1287,0.1263,0.1276,281672.2
1693771200000.0,0.1275,0.1286,0.1268,0.1281,367610.9
1693774800000.0,0.128,0.1281,0.1261,0.1263,89388.6
1693778400000.0,0.1264,0.1299,0.126,0.1269,365517.4
1693782000000.0,0.127,0.131,0.1266,0.1288,609581.3
1693785600000.0,0.1285,0.1353,0.1273,0.1305,615436.4
1693789200000.0,0.1304,0.1314,0.128,0.1311,219801.5
1693792800000.0,0.131,0.1329,0.1292,0.1303,244695.3
1693796400000.0,0.1301,0.16,0.1294,0.1408,3449896.3
1693800000000.0,0.1417,0.152,0.1332,0.1448,1325488.2
1693803600000.0,0.145,0.153,0.1403,0.1426,913853.5
1693807200000.0,0.1426,0.1485,0.1424,0.1451,227503.5
1693810800000.0,0.1445,0.1507,0.142,0.1481,644170.7
1693814400000.0,0.1471,0.1481,0.1395,0.1401,458448.1
1693818000000.0,0.1404,0.1438,0.1291,0.1308,598823.3
1693821600000.0,0.1306,0.1327,0.1265,0.1296,693840.5
1693825200000.0,0.1296,0.1309,0.1271,0.1297,446508.8
1693828800000.0,0.1296,0.1313,0.1277,0.1293,371409.5
1693832400000.0,0.1294,0.1304,0.1273,0.1301,247014.2
1693836000000.0,0.1302,0.1327,0.1282,0.1297,654117.4
1693839600000.0,0.1297,0.1367,0.1257,0.1287,1016808.9
1693843200000.0,0.1286,0.1316,0.1271,0.1308,243005.5
1693846800000.0,0.1309,0.1325,0.1302,0.1321,100922.2
1693850400000.0,0.132,0.1327,0.1297,0.1299,348091.1
1693854000000.0,0.13,0.132,0.1297,0.1312,109382.4
1693857600000.0,0.1313,0.1326,0.13,0.1321,130287.7
1693861200000.0,0.1322,0.1322,0.13,0.1302,211826.0
1693864800000.0,0.1302,0.1318,0.1302,0.1316,103485.4
1693868400000.0,0.1315,0.1323,0.1303,0.1311,121823.6
1693872000000.0,0.1315,0.1315,0.129,0.1295,418417.5
1693875600000.0,0.1294,0.1303,0.1283,0.129,252687.6
1693879200000.0,0.1291,0.1302,0.1291,0.1296,107393.6
1693882800000.0,0.1295,0.1299,0.1279,0.1286,98201.5
1693886400000.0,0.1287,0.1295,0.1285,0.1289,64006.0
1693890000000.0,0.1289,0.129,0.1265,0.1267,116368.8
1693893600000.0,0.1268,0.1269,0.1223,0.1223,329573.6
1693897200000.0,0.1223,0.1243,0.1213,0.1231,385778.4
1693900800000.0,0.1231,0.1253,0.1227,0.1249,143902.3
1693904400000.0,0.125,0.127,0.125,0.1264,146879.9
1693908000000.0,0.1265,0.1282,0.1264,0.1275,265046.5
1693911600000.0,0.1274,0.1298,0.1254,0.1298,461863.8
1693915200000.0,0.1299,0.1513,0.1299,0.1503,3266310.0
1693918800000.0,0.1498,0.1553,0.1461,0.1526,2156768.6
1693922400000.0,0.1526,0.1589,0.1503,0.1552,1320264.7
1693926000000.0,0.1552,0.1647,0.1517,0.1632,1548448.3
1693929600000.0,0.163,0.1771,0.1494,0.1574,2315138.0
1693933200000.0,0.1568,0.1617,0.1565,0.1579,977445.2
1693936800000.0,0.1579,0.161,0.1296,0.1358,2776316.8
1693940400000.0,0.1356,0.1435,0.135,0.1419,948242.3
1693944000000.0,0.1418,0.1431,0.1371,0.1392,1044163.0
1693947600000.0,0.1391,0.1395,0.1356,0.1358,596541.1
1693951200000.0,0.136,0.1394,0.1358,0.1388,407005.2
1693954800000.0,0.1388,0.1412,0.138,0.1408,302976.4
1693958400000.0,0.1406,0.1442,0.1377,0.1412,1134427.4
1693962000000.0,0.1412,0.1448,0.1399,0.1433,382653.2
1693965600000.0,0.1435,0.1435,0.136,0.1379,693631.5
1693969200000.0,0.1379,0.1384,0.1358,0.1382,313913.7
1693972800000.0,0.138,0.1392,0.134,0.1356,329380.2
1693976400000.0,0.1355,0.1372,0.1349,0.136,138813.6
1693980000000.0,0.136,0.1382,0.1332,0.1376,248134.2
1693983600000.0,0.1378,0.1378,0.1361,0.1374,130181.4
1693987200000.0,0.1372,0.1382,0.1347,0.1361,439157.7
1693990800000.0,0.136,0.1386,0.1348,0.1349,295944.0
1693994400000.0,0.1349,0.1396,0.133,0.1356,655614.4
1693998000000.0,0.1357,0.1369,0.1347,0.1359,218395.7
1694001600000.0,0.1358,0.1361,0.1325,0.1348,348503.8
1694005200000.0,0.1349,0.1373,0.1347,0.1368,406245.5
1694008800000.0,0.1369,0.137,0.1344,0.136,425286.8
1694012400000.0,0.136,0.1433,0.1347,0.1406,862866.8
1694016000000.0,0.1404,0.1407,0.1355,0.14,624118.2
1694019600000.0,0.1398,0.1435,0.1389,0.1414,816469.9
1694023200000.0,0.1416,0.1429,0.1377,0.1382,376476.4
1694026800000.0,0.1385,0.1392,0.1377,0.1381,132112.8
1694030400000.0,0.1381,0.1384,0.1368,0.1369,169733.9
1694034000000.0,0.1372,0.1382,0.1368,0.1382,92344.9
1694037600000.0,0.1381,0.1391,0.1375,0.1378,329786.1
1694041200000.0,0.1378,0.138,0.1337,0.1351,784850.3
1694044800000.0,0.135,0.1375,0.1348,0.1369,162088.7
1694048400000.0,0.137,0.1377,0.1359,0.1372,175538.7
1694052000000.0,0.1374,0.1374,0.1357,0.1362,43394.7
1694055600000.0,0.1361,0.1368,0.1352,0.1367,84443.2
1694059200000.0,0.1366,0.1366,0.1354,0.1359,45699.5
1694062800000.0,0.1359,0.1361,0.1345,0.1352,82217.9
1694066400000.0,0.1351,0.1362,0.1346,0.1348,122152.5
1694070000000.0,0.1349,0.135,0.1336,0.1338,54387.8
1694073600000.0,0.1337,0.1337,0.1312,0.1325,234969.6
1694077200000.0,0.1324,0.1351,0.1324,0.1345,178930.7
1694080800000.0,0.1344,0.1345,0.1336,0.1336,67203.6
1694084400000.0,0.1337,0.1355,0.1337,0.135,156199.3
1694088000000.0,0.1349,0.1379,0.1337,0.1368,558184.9
1694091600000.0,0.1366,0.1367,0.1351,0.1357,89812.1
1694095200000.0,0.1357,0.1357,0.134,0.1342,115700.5
1694098800000.0,0.1343,0.1359,0.1315,0.1332,370307.2
1694102400000.0,0.1331,0.1341,0.1319,0.132,103728.9
1694106000000.0,0.1321,0.1365,0.1297,0.1314,477419.7
1694109600000.0,0.1314,0.1336,0.1313,0.1318,291829.9
1694113200000.0,0.1319,0.1325,0.1317,0.1323,94456.9
1694116800000.0,0.1325,0.1327,0.1315,0.1317,84457.1
1694120400000.0,0.1318,0.133,0.1306,0.1316,116277.9
1694124000000.0,0.1316,0.1322,0.1315,0.1316,76718.9
1694127600000.0,0.1314,0.1318,0.1296,0.13,170419.1
1694131200000.0,0.13,0.1304,0.1276,0.1294,499203.5
1694134800000.0,0.1295,0.1315,0.1293,0.1307,183264.0
1694138400000.0,0.1306,0.1313,0.1287,0.1288,138374.4
1694142000000.0,0.1289,0.1296,0.1274,0.1277,191591.5
1694145600000.0,0.1276,0.1287,0.1273,0.1283,135004.2
1694149200000.0,0.1284,0.1286,0.1259,0.126,245048.3
1694152800000.0,0.1261,0.1273,0.1255,0.1271,352377.4
1694156400000.0,0.1269,0.1281,0.1261,0.1268,266677.1
1694160000000.0,0.1267,0.1289,0.1257,0.1265,412732.9
1694163600000.0,0.1266,0.1278,0.1265,0.1271,81894.3
1694167200000.0,0.127,0.1314,0.1256,0.1296,579347.6
1694170800000.0,0.1295,0.1296,0.1252,0.1261,321380.9
1694174400000.0,0.1261,0.1263,0.1252,0.1252,194866.6
1694178000000.0,0.1252,0.1299,0.1235,0.1252,740394.8
1694181600000.0,0.1251,0.131,0.125,0.1276,592365.8
1694185200000.0,0.1277,0.1283,0.1249,0.1254,467960.0
1694188800000.0,0.1254,0.1272,0.125,0.127,134632.7
1694192400000.0,0.127,0.1296,0.126,0.1284,283980.1
1694196000000.0,0.1285,0.1297,0.127,0.1271,82212.5
1694199600000.0,0.127,0.1291,0.1267,0.1279,94489.5
1694203200000.0,0.1278,0.1283,0.1267,0.1269,142674.0
1694206800000.0,0.1269,0.1272,0.1263,0.1265,93796.3
1694210400000.0,0.1266,0.1277,0.1266,0.1272,67997.2
1694214000000.0,0.1272,0.1272,0.1259,0.126,37671.9
1694217600000.0,0.126,0.1285,0.1253,0.1284,220420.6
1694221200000.0,0.1283,0.1325,0.128,0.1281,496211.5
1694224800000.0,0.128,0.1291,0.1263,0.1286,106965.0
1694228400000.0,0.1286,0.1306,0.1269,0.1271,181743.0
1694232000000.0,0.127,0.1283,0.1269,0.1281,112045.9
1694235600000.0,0.1282,0.1282,0.1272,0.1274,73934.4
1694239200000.0,0.1275,0.129,0.1267,0.1273,153290.5
1694242800000.0,0.1274,0.1302,0.1273,0.1302,303748.2
1694246400000.0,0.1301,0.1311,0.1267,0.127,138253.9
1694250000000.0,0.1271,0.1282,0.1271,0.1272,39982.5
1694253600000.0,0.1273,0.1275,0.1237,0.1239,193764.9
1694257200000.0,0.1238,0.1246,0.1222,0.1235,469836.1
1694260800000.0,0.1236,0.1251,0.1227,0.1227,120279.1
1694264400000.0,0.1227,0.124,0.1226,0.1234,139420.4
1694268000000.0,0.1233,0.1243,0.1228,0.1234,62645.4
1694271600000.0,0.1234,0.1245,0.1225,0.1234,117010.6
1694275200000.0,0.1234,0.1257,0.1213,0.1224,391675.8
1694278800000.0,0.1225,0.124,0.1215,0.1224,185984.7
1694282400000.0,0.1223,0.1228,0.1221,0.1225,103078.9
1694286000000.0,0.1226,0.1235,0.1221,0.1235,42052.0
1694289600000.0,0.1234,0.1234,0.1217,0.1218,84918.5
1694293200000.0,0.122,0.1242,0.122,0.1224,111217.1
1694296800000.0,0.1225,0.1266,0.122,0.1266,312419.9
1694300400000.0,0.1264,0.127,0.1205,0.1214,755658.0
1694304000000.0,0.1213,0.1238,0.121,0.1238,211884.6
1694307600000.0,0.1239,0.1241,0.1184,0.1191,794561.5
1694311200000.0,0.1192,0.1194,0.1153,0.1163,266529.3
1694314800000.0,0.1164,0.1205,0.1164,0.1184,329830.1
1694318400000.0,0.1182,0.1185,0.1158,0.1176,255646.6
1694322000000.0,0.1176,0.1197,0.117,0.1187,67402.4
1694325600000.0,0.1188,0.1212,0.1186,0.1209,97768.3
1694329200000.0,0.1209,0.1216,0.1202,0.1202,34862.1
1694332800000.0,0.1203,0.1227,0.1203,0.1224,162467.1
1694336400000.0,0.1223,0.1225,0.1209,0.1217,54054.7
1694340000000.0,0.1216,0.124,0.1214,0.1235,148380.7
1694343600000.0,0.1235,0.1273,0.1235,0.1259,536387.5
1694347200000.0,0.1258,0.1269,0.1238,0.1251,197209.2
1694350800000.0,0.1252,0.1279,0.1242,0.1262,520979.5
1694354400000.0,0.1261,0.1278,0.124,0.1274,610813.1
1694358000000.0,0.1273,0.1422,0.1269,0.139,3269808.1
1694361600000.0,0.1378,0.1495,0.1343,0.1386,2736549.8
1694365200000.0,0.1388,0.1394,0.1307,0.1307,1744135.2
1694368800000.0,0.1317,0.1369,0.1317,0.1361,699041.6
1694372400000.0,0.1362,0.1373,0.1347,0.1371,527613.6
1694376000000.0,0.1368,0.1369,0.1337,0.1356,375787.0
1694379600000.0,0.1356,0.1372,0.1354,0.1363,117602.6
1694383200000.0,0.1364,0.1379,0.1357,0.1362,236777.4
1694386800000.0,0.1361,0.1375,0.1347,0.1363,200334.8
1694390400000.0,0.1362,0.145,0.1358,0.144,1898882.1
1694394000000.0,0.1442,0.1445,0.14,0.1415,310233.1
1694397600000.0,0.1412,0.1437,0.14,0.1418,420936.3
1694401200000.0,0.1417,0.1445,0.1407,0.1411,365888.5
1694404800000.0,0.1414,0.1414,0.14,0.1405,226264.1
1694408400000.0,0.1408,0.1448,0.14,0.1417,363375.3
1694412000000.0,0.142,0.1485,0.1413,0.143,445838.9
1694415600000.0,0.1436,0.1466,0.1414,0.1417,668676.2
1694419200000.0,0.1417,0.1441,0.14,0.1419,354825.9
1694422800000.0,0.142,0.1435,0.1405,0.1418,194377.6
1694426400000.0,0.1419,0.1421,0.14,0.1406,226674.6
1694430000000.0,0.1405,0.1423,0.14,0.1408,458779.7
1694433600000.0,0.1406,0.1686,0.139,0.1569,3971729.7
1694437200000.0,0.1554,0.161,0.1509,0.1518,632746.5
1694440800000.0,0.1516,0.1579,0.1506,0.157,1109068.8
1694444400000.0,0.157,0.157,0.1418,0.1438,1050400.2
1694448000000.0,0.1437,0.1468,0.1411,0.1468,451752.7
1694451600000.0,0.1466,0.1466,0.1424,0.1448,220371.4
1694455200000.0,0.1448,0.1462,0.1421,0.1426,491294.9
1694458800000.0,0.1428,0.1429,0.1395,0.1395,1421339.3
1694462400000.0,0.1394,0.1403,0.1368,0.1392,562399.6
1694466000000.0,0.1392,0.1436,0.139,0.1426,177345.4
1694469600000.0,0.1426,0.1436,0.1387,0.1393,315964.6
1694473200000.0,0.1397,0.1407,0.1379,0.1379,92905.8
1694476800000.0,0.138,0.1406,0.137,0.1399,275946.7
1694480400000.0,0.1398,0.1406,0.1362,0.1376,329576.3
1694484000000.0,0.1374,0.1374,0.1326,0.1339,367562.6
1694487600000.0,0.134,0.1395,0.1339,0.138,433431.7
1694491200000.0,0.1379,0.1426,0.1374,0.1378,375503.8
1694494800000.0,0.138,0.14,0.137,0.1388,86400.7
1694498400000.0,0.1388,0.1452,0.1388,0.1452,456472.5
1694502000000.0,0.145,0.1526,0.1446,0.1455,449709.0
1694505600000.0,0.1454,0.1485,0.1416,0.1435,347764.4
1694509200000.0,0.1437,0.1522,0.1416,0.1512,605079.1
1694512800000.0,0.1512,0.1526,0.1467,0.1474,302831.7
1694516400000.0,0.1472,0.1477,0.1458,0.1468,268316.1
1694520000000.0,0.1468,0.1471,0.145,0.1455,155062.6
1694523600000.0,0.1458,0.146,0.1431,0.1444,243374.2
1694527200000.0,0.1442,0.1455,0.1432,0.1455,131074.3
1694530800000.0,0.1453,0.1456,0.1419,0.1426,218607.9
1694534400000.0,0.1428,0.1453,0.1425,0.1431,105105.2
1694538000000.0,0.143,0.1432,0.1404,0.1408,162157.0
1694541600000.0,0.1406,0.1418,0.1394,0.1394,80046.2
1694545200000.0,0.1396,0.1408,0.1394,0.1398,185139.0
1694548800000.0,0.1396,0.1434,0.1394,0.142,162502.6
1694552400000.0,0.1422,0.1447,0.142,0.1426,233643.4
1694556000000.0,0.1429,0.1451,0.1426,0.1434,203079.0
1694559600000.0,0.1434,0.1448,0.1423,0.1438,108833.7
1694563200000.0,0.1436,0.1473,0.1429,0.145,174031.9
1694566800000.0,0.1448,0.1457,0.1429,0.1449,165535.1
1694570400000.0,0.145,0.1511,0.1442,0.1483,715566.5
1694574000000.0,0.1486,0.1504,0.1457,0.1482,373030.8
1694577600000.0,0.148,0.1502,0.1459,0.1459,284284.5
1694581200000.0,0.1462,0.1468,0.1385,0.141,276205.0
1694584800000.0,0.1412,0.143,0.1391,0.1426,305899.0
1694588400000.0,0.1428,0.1432,0.1406,0.1414,325770.9
1694592000000.0,0.1413,0.1433,0.1406,0.1426,184032.0
1694595600000.0,0.1428,0.1428,0.1402,0.1402,191000.8
1694599200000.0,0.1406,0.1412,0.1395,0.14,105908.5
1694602800000.0,0.1401,0.141,0.1395,0.14,234694.0
1694606400000.0,0.1398,0.1412,0.1394,0.1404,103100.9
1694610000000.0,0.1402,0.1415,0.1391,0.1414,218796.1
1694613600000.0,0.1412,0.1455,0.141,0.144,117435.2
1694617200000.0,0.1442,0.1456,0.1433,0.1442,60545.5
1694620800000.0,0.1438,0.1443,0.1424,0.1434,126825.8
1694624400000.0,0.1436,0.1446,0.1417,0.142,124095.1
1694628000000.0,0.1418,0.1425,0.1416,0.142,228572.6
1694631600000.0,0.1422,0.1439,0.142,0.1428,53947.7
1694635200000.0,0.143,0.1445,0.1429,0.1445,61685.7
1694638800000.0,0.1445,0.1445,0.1433,0.1437,65996.7
1694642400000.0,0.1437,0.1441,0.1432,0.1436,48353.5
1694646000000.0,0.1438,0.1442,0.1426,0.1431,31540.1
1694649600000.0,0.1432,0.152,0.143,0.1512,1864054.4
1694653200000.0,0.1511,0.1565,0.15,0.1539,912430.4
1694656800000.0,0.154,0.1547,0.1471,0.15,390931.2
1694660400000.0,0.1498,0.1498,0.1485,0.149,75145.9
1694664000000.0,0.149,0.1499,0.1465,0.1471,82732.2
1694667600000.0,0.1471,0.1477,0.1455,0.1463,70251.9
1694671200000.0,0.1466,0.1539,0.1466,0.1516,278341.1
1694674800000.0,0.1518,0.1526,0.1503,0.1506,70824.9
1694678400000.0,0.1506,0.1564,0.1504,0.156,74491.3
1694682000000.0,0.1562,0.163,0.1554,0.1622,873813.2
1694685600000.0,0.162,0.162,0.1559,0.1593,844348.5
1694689200000.0,0.1593,0.1609,0.1549,0.1565,164439.3
1694692800000.0,0.1566,0.1571,0.1544,0.1552,307915.7
1694696400000.0,0.1554,0.158,0.1531,0.1533,139014.8
1694700000000.0,0.1536,0.1565,0.1536,0.1559,158861.3
1694703600000.0,0.1562,0.1563,0.1536,0.155,129357.7
1694707200000.0,0.1546,0.1608,0.154,0.1576,545924.4
1694710800000.0,0.1576,0.1595,0.1566,0.159,345266.8
1694714400000.0,0.159,0.1601,0.1582,0.1586,198891.3
1694718000000.0,0.1588,0.1654,0.1585,0.163,572096.5
1694721600000.0,0.163,0.163,0.1551,0.1568,786359.7
1694725200000.0,0.1567,0.1619,0.1564,0.1585,447325.7
1694728800000.0,0.1587,0.1596,0.158,0.1589,166118.8
1694732400000.0,0.1589,0.159,0.157,0.1588,154914.7
1694736000000.0,0.1584,0.1619,0.1577,0.1602,130881.2
1694739600000.0,0.16,0.1611,0.1581,0.1591,176420.4
1694743200000.0,0.1594,0.161,0.158,0.1582,121613.4
1694746800000.0,0.158,0.158,0.1532,0.1532,245258.9
1694750400000.0,0.1531,0.1557,0.1528,0.1557,59455.4
1694754000000.0,0.1554,0.1559,0.153,0.154,105553.5
1694757600000.0,0.1542,0.1548,0.152,0.1523,124601.0
1694761200000.0,0.1522,0.1537,0.151,0.1537,99201.7
1694764800000.0,0.1534,0.1578,0.153,0.1572,131017.2
1694768400000.0,0.1574,0.1577,0.1544,0.1546,97822.4
1694772000000.0,0.1544,0.157,0.1542,0.1566,47529.7
1694775600000.0,0.1566,0.157,0.1546,0.1562,71727.8
1694779200000.0,0.1561,0.16,0.1561,0.1583,136930.2
1694782800000.0,0.1584,0.1584,0.1557,0.158,104567.9
1694786400000.0,0.1582,0.1598,0.157,0.1572,42529.5
1694790000000.0,0.1574,0.1584,0.1563,0.158,50189.8
1694793600000.0,0.1578,0.1605,0.1572,0.1597,207209.1
1694797200000.0,0.16,0.1628,0.1575,0.159,422043.9
1694800800000.0,0.1591,0.1601,0.1589,0.1592,55299.6
1694804400000.0,0.1592,0.1605,0.1583,0.16,89656.8
1694808000000.0,0.1601,0.1618,0.158,0.158,315998.6
1694811600000.0,0.1581,0.16,0.1569,0.1591,290832.1
1694815200000.0,0.1588,0.1599,0.1581,0.1599,190423.5
1694818800000.0,0.1598,0.1635,0.159,0.1625,282138.3
1694822400000.0,0.1625,0.1642,0.1597,0.1601,156052.8
1694826000000.0,0.1598,0.1608,0.1587,0.1601,128002.2
1694829600000.0,0.1598,0.162,0.1597,0.1597,136211.6
1694833200000.0,0.1597,0.1622,0.1576,0.1587,197840.8
1694836800000.0,0.1588,0.1596,0.1552,0.1592,218245.4
1694840400000.0,0.159,0.1596,0.1577,0.1583,71057.4
1694844000000.0,0.158,0.1588,0.1559,0.1559,69223.2
1694847600000.0,0.156,0.1561,0.152,0.1546,145559.1
1694851200000.0,0.1544,0.158,0.154,0.1572,219991.2
1694854800000.0,0.1574,0.1577,0.156,0.1572,23160.8
1694858400000.0,0.157,0.1588,0.1567,0.157,95564.0
1694862000000.0,0.157,0.157,0.155,0.1551,99964.9
1694865600000.0,0.1551,0.1557,0.1537,0.1554,142067.2
1694869200000.0,0.1554,0.1582,0.154,0.1542,275434.2
1694872800000.0,0.1542,0.1544,0.1506,0.1508,633902.8
1694876400000.0,0.1506,0.1521,0.148,0.15,349147.6
1694880000000.0,0.1498,0.15,0.1484,0.1493,109688.5
1694883600000.0,0.1494,0.1494,0.1474,0.1481,65980.8
1694887200000.0,0.1481,0.1482,0.146,0.146,150405.2
1694890800000.0,0.146,0.148,0.1457,0.148,77249.9
1694894400000.0,0.148,0.1488,0.1472,0.1485,87514.5
1694898000000.0,0.1484,0.149,0.148,0.1486,59606.1
1694901600000.0,0.1488,0.1494,0.1482,0.1489,115328.3
1694905200000.0,0.1488,0.1494,0.1477,0.1491,45637.5
1694908800000.0,0.149,0.1508,0.1487,0.1502,113073.1
1694912400000.0,0.1504,0.1559,0.15,0.1554,213309.2
1694916000000.0,0.1558,0.1627,0.1558,0.1625,1068464.2
1694919600000.0,0.1624,0.169,0.1615,0.1624,753210.1
1694923200000.0,0.1623,0.1633,0.1545,0.1554,329778.2
1694926800000.0,0.1556,0.1557,0.1522,0.1535,89812.1
1694930400000.0,0.1538,0.1573,0.1538,0.1546,379444.2
1694934000000.0,0.1548,0.1548,0.1483,0.1508,342725.4
1694937600000.0,0.1506,0.1581,0.1498,0.1544,404920.0
1694941200000.0,0.1542,0.1542,0.1524,0.1525,40491.9
1694944800000.0,0.1528,0.1531,0.152,0.1524,34221.0
1694948400000.0,0.1524,0.1528,0.1512,0.1515,39469.4
1694952000000.0,0.1515,0.1539,0.1502,0.1504,88520.8
1694955600000.0,0.1502,0.1517,0.1494,0.1508,16009.4
1694959200000.0,0.1506,0.1528,0.1501,0.1519,66251.5
1694962800000.0,0.152,0.1543,0.1511,0.1536,216885.2
1694966400000.0,0.1536,0.1538,0.1515,0.1515,352837.7
1694970000000.0,0.1516,0.1527,0.1492,0.1508,180618.7
1694973600000.0,0.1508,0.1538,0.1505,0.1524,68240.2
1694977200000.0,0.1522,0.1523,0.151,0.1514,12683.0
1694980800000.0,0.1512,0.1523,0.1492,0.1498,48292.6
1694984400000.0,0.15,0.1528,0.15,0.1515,143629.2
1694988000000.0,0.1515,0.155,0.1512,0.1547,170952.9
1694991600000.0,0.1547,0.1589,0.1546,0.1566,535810.9
1694995200000.0,0.1566,0.1566,0.1492,0.1499,513419.8
1694998800000.0,0.15,0.1589,0.15,0.1518,667583.9
1695002400000.0,0.1514,0.1535,0.1505,0.1517,298156.0
1695006000000.0,0.152,0.1559,0.1514,0.1539,169975.0
1695009600000.0,0.1539,0.1574,0.1517,0.1568,154772.9
1695013200000.0,0.1568,0.1586,0.1562,0.1584,138240.2
1695016800000.0,0.1583,0.1618,0.1581,0.1618,546824.8
1695020400000.0,0.1619,0.1627,0.1571,0.1619,365268.8
1695024000000.0,0.1608,0.1609,0.1554,0.1561,193636.2
1695027600000.0,0.156,0.1579,0.1552,0.1576,71511.9
1695031200000.0,0.1574,0.1589,0.1558,0.1564,75816.9
1695034800000.0,0.1566,0.1572,0.1553,0.1558,165858.1
1695038400000.0,0.1556,0.1556,0.1539,0.1555,220207.2
1695042000000.0,0.1555,0.1584,0.1551,0.1574,229864.9
1695045600000.0,0.1576,0.1639,0.1574,0.1637,638834.3
1695049200000.0,0.1637,0.1659,0.1611,0.1629,774919.4
1695052800000.0,0.1628,0.1679,0.1617,0.1677,631411.6
1695056400000.0,0.1677,0.179,0.1677,0.1741,1979905.9
1695060000000.0,0.174,0.1757,0.1688,0.1756,817238.4
1695063600000.0,0.1757,0.1783,0.1734,0.1772,461557.3
1695067200000.0,0.1771,0.1836,0.1769,0.178,1236442.2
1695070800000.0,0.1784,0.1861,0.1736,0.1838,1248859.2
1695074400000.0,0.1839,0.19,0.182,0.1899,1131545.5
1695078000000.0,0.1894,0.1976,0.186,0.188,1374949.1
1695081600000.0,0.1872,0.1924,0.1711,0.1739,1221132.9
1695085200000.0,0.1739,0.1817,0.1722,0.1809,520799.2
1695088800000.0,0.1807,0.1872,0.1781,0.1869,550222.2
1695092400000.0,0.1863,0.1897,0.1835,0.1844,656793.5
1695096000000.0,0.1845,0.1857,0.1809,0.1838,343754.7
1695099600000.0,0.1836,0.1889,0.1817,0.1856,237369.5
1695103200000.0,0.1858,0.1932,0.1858,0.1932,512752.7
1695106800000.0,0.1933,0.2031,0.1905,0.1996,710721.8
1695110400000.0,0.199,0.2035,0.1954,0.199,463263.2
1695114000000.0,0.1992,0.2146,0.1992,0.2085,689090.9
1695117600000.0,0.2085,0.2089,0.1975,0.2028,520454.2
1695121200000.0,0.2033,0.2047,0.1953,0.1963,286462.2
1695124800000.0,0.1964,0.198,0.1905,0.1941,379913.7
1695128400000.0,0.1936,0.2032,0.1925,0.2026,408288.6
1695132000000.0,0.2022,0.207,0.1986,0.1986,454413.6
1695135600000.0,0.1985,0.2043,0.1979,0.2011,745235.9
1695139200000.0,0.2003,0.2018,0.1951,0.2001,576663.2
1695142800000.0,0.2001,0.2068,0.1998,0.2029,333039.8
1695146400000.0,0.2029,0.2042,0.2005,0.2012,142892.5
1695150000000.0,0.201,0.2064,0.2002,0.2058,382357.3
1695153600000.0,0.2054,0.2088,0.2042,0.2067,372524.5
1695157200000.0,0.207,0.207,0.2031,0.2051,234734.2
1695160800000.0,0.2051,0.2083,0.2051,0.207,273072.8
1695164400000.0,0.2066,0.2149,0.2066,0.2121,539736.6
1695168000000.0,0.2112,0.2158,0.208,0.2127,878908.8
1695171600000.0,0.2128,0.2195,0.2103,0.218,516168.2
1695175200000.0,0.218,0.2185,0.2102,0.2121,553992.6
1695178800000.0,0.2124,0.2125,0.204,0.207,484267.6
1695182400000.0,0.2066,0.2102,0.2028,0.2052,248914.2
1695186000000.0,0.2054,0.2065,0.199,0.2015,396578.3
1695189600000.0,0.2015,0.202,0.1969,0.1984,481065.8
1695193200000.0,0.1987,0.2072,0.1987,0.2052,331869.9
1695196800000.0,0.205,0.2098,0.2035,0.2054,385344.2
1695200400000.0,0.2052,0.2071,0.2017,0.2018,174927.1
1695204000000.0,0.2015,0.2079,0.2008,0.2047,160864.2
1695207600000.0,0.2046,0.2077,0.2011,0.202,159527.9
1695211200000.0,0.2018,0.2028,0.1943,0.2001,609579.3
1695214800000.0,0.2002,0.2034,0.1996,0.2033,510686.7
1695218400000.0,0.2033,0.2072,0.2029,0.2072,309300.5
1695222000000.0,0.2068,0.2071,0.2035,0.2055,226076.5
1695225600000.0,0.2051,0.2115,0.202,0.2102,244135.6
1695229200000.0,0.2107,0.2125,0.2042,0.2044,678464.2
1695232800000.0,0.2043,0.2062,0.2,0.2021,477354.5
1695236400000.0,0.2021,0.2028,0.195,0.2024,1109811.2
1695240000000.0,0.2021,0.2029,0.1998,0.2006,196848.8
1695243600000.0,0.2006,0.2035,0.2,0.2028,135240.2
1695247200000.0,0.2031,0.2039,0.202,0.2028,124355.4
1695250800000.0,0.2025,0.2029,0.2003,0.2014,103744.0
1695254400000.0,0.2009,0.2058,0.1999,0.2058,486787.7
1695258000000.0,0.2059,0.2091,0.2038,0.2081,544222.7
1695261600000.0,0.2077,0.2092,0.195,0.1978,629712.7
1695265200000.0,0.1982,0.2009,0.194,0.1947,386076.8
1695268800000.0,0.1945,0.1967,0.192,0.1944,274280.0
1695272400000.0,0.1942,0.1954,0.1908,0.191,148616.3
1695276000000.0,0.1909,0.193,0.1873,0.193,255058.1
1695279600000.0,0.1925,0.1925,0.1899,0.1902,139560.9
1695283200000.0,0.1899,0.1915,0.1853,0.1853,345053.2
1695286800000.0,0.1852,0.1862,0.177,0.1785,702170.7
1695290400000.0,0.1786,0.1879,0.1779,0.1865,514508.5
1695294000000.0,0.1866,0.1914,0.1854,0.1894,312026.4
1695297600000.0,0.1896,0.1911,0.1822,0.1835,390626.6
1695301200000.0,0.1834,0.184,0.1802,0.1829,478345.1
1695304800000.0,0.1826,0.1861,0.1824,0.1844,132944.4
1695308400000.0,0.1845,0.1876,0.1829,0.186,142801.3
1695312000000.0,0.1866,0.1868,0.1835,0.1842,47858.4
1695315600000.0,0.184,0.1855,0.1823,0.1834,112510.0
1695319200000.0,0.1835,0.1858,0.1814,0.1852,175383.1
1695322800000.0,0.185,0.1856,0.1828,0.1849,88432.5
1695326400000.0,0.1849,0.1849,0.181,0.1813,449179.8
1695330000000.0,0.1815,0.1837,0.1815,0.1837,51539.5
1695333600000.0,0.1832,0.1841,0.1817,0.1826,65967.6
1695337200000.0,0.1827,0.1863,0.1815,0.185,102526.0
1695340800000.0,0.1848,0.1854,0.1757,0.1809,473542.2
1695344400000.0,0.1808,0.1808,0.1775,0.1781,226826.2
1695348000000.0,0.1782,0.1858,0.1782,0.1858,265459.4
1695351600000.0,0.1854,0.1864,0.1786,0.1821,267578.0
1695355200000.0,0.182,0.1845,0.1815,0.1823,285645.4
1695358800000.0,0.1829,0.1833,0.1808,0.1815,207948.4
1695362400000.0,0.1816,0.1823,0.18,0.1818,269840.4
1695366000000.0,0.1818,0.1834,0.1789,0.1801,246570.5
1695369600000.0,0.1802,0.1849,0.1801,0.1838,209121.7
1695373200000.0,0.1835,0.185,0.183,0.1846,126318.5
1695376800000.0,0.1844,0.1847,0.1819,0.1826,105490.5
1695380400000.0,0.1824,0.1833,0.1811,0.1833,73123.7
1695384000000.0,0.1829,0.1832,0.1813,0.1817,115129.0
1695387600000.0,0.1816,0.1828,0.1789,0.1789,351988.4
1695391200000.0,0.1793,0.1808,0.1762,0.1775,316497.7
1695394800000.0,0.1773,0.1773,0.1741,0.1757,240893.0
1695398400000.0,0.1755,0.1775,0.173,0.1771,404042.2
1695402000000.0,0.1775,0.1786,0.1762,0.178,191433.2
1695405600000.0,0.1777,0.1797,0.1777,0.1791,74489.8
1695409200000.0,0.179,0.1796,0.1777,0.1786,395082.3
1695412800000.0,0.1787,0.1807,0.1785,0.1802,187796.4
1695416400000.0,0.1803,0.183,0.1796,0.1823,176514.0
1695420000000.0,0.1821,0.1827,0.1795,0.1799,211288.1
1695423600000.0,0.1796,0.1799,0.1784,0.1788,71455.1
1695427200000.0,0.179,0.181,0.1785,0.1793,95123.9
1695430800000.0,0.1791,0.1838,0.1786,0.1831,124609.3
1695434400000.0,0.1834,0.1848,0.1822,0.1826,468773.4
1695438000000.0,0.1823,0.1829,0.1724,0.1763,746103.7
1695441600000.0,0.1762,0.1767,0.1724,0.1749,188840.7
1695445200000.0,0.1751,0.1782,0.1744,0.1759,343871.1
1695448800000.0,0.1759,0.1763,0.1745,0.1755,225790.0
1695452400000.0,0.1754,0.1759,0.1731,0.1756,266834.4
1695456000000.0,0.1754,0.1813,0.1751,0.1813,399706.4
1695459600000.0,0.181,0.1844,0.1795,0.1839,308202.6
1695463200000.0,0.1837,0.1849,0.1755,0.1777,873811.9
1695466800000.0,0.1778,0.1798,0.1766,0.1793,230269.1
1695470400000.0,0.1794,0.1833,0.178,0.179,422643.5
1695474000000.0,0.1787,0.1793,0.1772,0.1775,149727.3
1695477600000.0,0.1773,0.184,0.177,0.1838,449941.8
1695481200000.0,0.1835,0.1871,0.1784,0.1804,929788.0
1695484800000.0,0.1803,0.182,0.1783,0.1808,182916.1
1695488400000.0,0.1812,0.1837,0.1799,0.1808,285418.8
1695492000000.0,0.1808,0.1848,0.1798,0.1806,205600.9
1695495600000.0,0.1805,0.1833,0.1802,0.182,63258.5
1695499200000.0,0.182,0.1826,0.1794,0.1798,49812.7
1695502800000.0,0.1797,0.1818,0.179,0.1809,125546.0
1695506400000.0,0.1809,0.1815,0.1787,0.1788,36989.0
1695510000000.0,0.179,0.1791,0.1775,0.179,93482.2
1695513600000.0,0.1787,0.1797,0.1762,0.1762,91273.0
1695517200000.0,0.1765,0.1839,0.1762,0.1834,173958.9
1695520800000.0,0.1829,0.1841,0.1819,0.1829,267984.4
1695524400000.0,0.183,0.1845,0.1764,0.1778,398505.5
1695528000000.0,0.178,0.1787,0.1759,0.1773,80010.7
1695531600000.0,0.1774,0.1809,0.1767,0.1803,228393.7
1695535200000.0,0.1801,0.1811,0.1785,0.1787,144374.1
1695538800000.0,0.1788,0.179,0.1769,0.178,103045.9
1695542400000.0,0.1781,0.1828,0.1781,0.1827,521595.1
1695546000000.0,0.1823,0.1833,0.1809,0.1822,107224.7
1695549600000.0,0.1823,0.1849,0.1808,0.1849,304403.3
1695553200000.0,0.1847,0.1901,0.181,0.181,1666740.3
1695556800000.0,0.1809,0.183,0.1792,0.1825,189654.6
1695560400000.0,0.1825,0.1827,0.1813,0.1822,99640.6
1695564000000.0,0.1826,0.1829,0.1807,0.1813,46597.0
1695567600000.0,0.1813,0.1813,0.1797,0.1802,155830.9
1695571200000.0,0.18,0.1826,0.1794,0.1813,89800.0
1695574800000.0,0.1813,0.1845,0.181,0.1838,101553.6
1695578400000.0,0.1837,0.185,0.182,0.183,80576.1
1695582000000.0,0.1829,0.1829,0.1804,0.1815,168014.6
1695585600000.0,0.1812,0.1821,0.1805,0.1817,95752.6
1695589200000.0,0.1816,0.1817,0.1808,0.1815,16598.9
1695592800000.0,0.1818,0.1819,0.1805,0.1805,21386.3
1695596400000.0,0.1803,0.1803,0.1782,0.1792,331930.4
1695600000000.0,0.1799,0.1823,0.1785,0.1823,212005.4
1695603600000.0,0.1823,0.1833,0.1809,0.1812,142433.5
1695607200000.0,0.1813,0.182,0.18,0.1807,140908.2
1695610800000.0,0.1805,0.1809,0.1792,0.1792,42616.8
1695614400000.0,0.1796,0.1809,0.1796,0.1807,11317.8
1695618000000.0,0.1805,0.1805,0.179,0.1802,38380.6
1695621600000.0,0.1799,0.1813,0.1798,0.1808,32971.5
1695625200000.0,0.1805,0.1816,0.1796,0.1813,33907.4
1695628800000.0,0.1815,0.1842,0.1815,0.1838,147002.4
1695632400000.0,0.184,0.1854,0.1831,0.1853,615315.5
1695636000000.0,0.1855,0.1864,0.1835,0.185,316518.5
1695639600000.0,0.1848,0.1855,0.184,0.1854,104582.0
1695643200000.0,0.1856,0.1878,0.1843,0.1863,677235.1
1695646800000.0,0.1865,0.1898,0.1863,0.1894,644378.9
1695650400000.0,0.1892,0.1911,0.1855,0.1863,463832.0
1695654000000.0,0.1863,0.1895,0.1855,0.1892,188198.0
1695657600000.0,0.1893,0.1906,0.1877,0.188,276614.5
1695661200000.0,0.1881,0.1899,0.1871,0.1877,188308.0
1695664800000.0,0.1877,0.1883,0.1866,0.1869,75682.3
1695668400000.0,0.1866,0.1874,0.1858,0.1858,102574.6
1695672000000.0,0.1857,0.186,0.184,0.184,258369.8
1695675600000.0,0.1841,0.1844,0.1826,0.1829,173580.0
1695679200000.0,0.1827,0.1848,0.1825,0.1845,153015.7
1695682800000.0,0.1846,0.1854,0.1843,0.1846,20439.5
1695686400000.0,0.1844,0.1871,0.1841,0.1856,143665.6
1695690000000.0,0.1858,0.1858,0.1837,0.1845,328698.0
1695693600000.0,0.1845,0.1852,0.1835,0.1842,274973.7
1695697200000.0,0.184,0.1844,0.1827,0.1827,62848.2
1695700800000.0,0.1827,0.1842,0.1827,0.1842,41675.2
1695704400000.0,0.184,0.184,0.1829,0.1831,55626.9
1695708000000.0,0.1831,0.1846,0.1826,0.1842,93129.5
1695711600000.0,0.1844,0.1877,0.1835,0.1862,179802.3
1695715200000.0,0.1866,0.197,0.1865,0.1912,1798446.8
1695718800000.0,0.1911,0.1911,0.1844,0.1881,564109.7
1695722400000.0,0.1884,0.1909,0.1863,0.189,468811.6
1695726000000.0,0.1892,0.1902,0.187,0.1881,298560.1
1695729600000.0,0.1885,0.1909,0.1877,0.1889,184467.3
1695733200000.0,0.1885,0.1896,0.1869,0.1879,153766.4
1695736800000.0,0.1881,0.189,0.1642,0.1708,3207512.3
1695740400000.0,0.1704,0.1707,0.1669,0.167,897733.6
1695744000000.0,0.1669,0.1744,0.1636,0.1681,1181356.5
1695747600000.0,0.1682,0.1705,0.1664,0.1693,634446.2
1695751200000.0,0.1691,0.1693,0.165,0.1677,565945.7
1695754800000.0,0.1675,0.1688,0.1664,0.1686,101357.5
1695758400000.0,0.1683,0.1691,0.1673,0.1685,175211.5
1695762000000.0,0.1687,0.1692,0.1664,0.1678,229627.8
1695765600000.0,0.1678,0.1703,0.1656,0.1663,303537.2
1695769200000.0,0.1661,0.1666,0.1635,0.1643,310219.4
1695772800000.0,0.1641,0.169,0.1635,0.1689,382760.3
1695776400000.0,0.1687,0.1702,0.1683,0.1695,237914.0
1695780000000.0,0.1695,0.1704,0.1676,0.1685,166036.7
1695783600000.0,0.1687,0.17,0.1643,0.1662,388753.1
1695787200000.0,0.1662,0.1662,0.1611,0.1631,256587.5
1695790800000.0,0.1629,0.1644,0.1615,0.1629,109553.5
1695794400000.0,0.1631,0.1669,0.1627,0.1658,418633.3
1695798000000.0,0.166,0.1679,0.1616,0.1634,427830.3
1695801600000.0,0.1634,0.1667,0.1629,0.1651,296575.8
1695805200000.0,0.165,0.166,0.1622,0.1634,501799.1
1695808800000.0,0.1633,0.1655,0.1629,0.1641,195031.5
1695812400000.0,0.1639,0.1669,0.1634,0.1655,194378.8
1695816000000.0,0.1653,0.1678,0.1645,0.1659,349723.0
1695819600000.0,0.1659,0.1664,0.1649,0.1655,162345.4
1695823200000.0,0.1657,0.166,0.1628,0.1628,671077.1
1695826800000.0,0.1627,0.1645,0.1603,0.1605,307214.9
1695830400000.0,0.1603,0.1615,0.1595,0.1609,368045.8
1695834000000.0,0.1608,0.1609,0.1554,0.1556,736766.7
1695837600000.0,0.1555,0.1556,0.1527,0.1527,647527.0
1695841200000.0,0.1528,0.1546,0.1519,0.1532,635505.4
1695844800000.0,0.153,0.1559,0.1514,0.1526,785641.9
1695848400000.0,0.1527,0.1579,0.1525,0.1576,789909.2
1695852000000.0,0.1576,0.1607,0.1568,0.1599,498405.3
1695855600000.0,0.1599,0.1605,0.1516,0.1547,722678.4
1695859200000.0,0.1546,0.1585,0.1543,0.1585,274192.4
1695862800000.0,0.1586,0.1601,0.1577,0.1596,263187.8
1695866400000.0,0.1598,0.1615,0.1591,0.1599,274612.2
1695870000000.0,0.1598,0.162,0.1597,0.1597,147910.1
1695873600000.0,0.1597,0.1611,0.1588,0.1607,126499.8
1695877200000.0,0.1606,0.1606,0.1591,0.1594,227448.8
1695880800000.0,0.1593,0.1593,0.1572,0.1582,108943.0
1695884400000.0,0.1581,0.1587,0.1574,0.1581,143924.0
1695888000000.0,0.1579,0.1579,0.1564,0.1568,153817.7
1695891600000.0,0.1566,0.1566,0.1537,0.1546,201154.5
1695895200000.0,0.1548,0.1555,0.1525,0.1552,364522.6
1695898800000.0,0.1553,0.1568,0.1536,0.1552,464665.8
1695902400000.0,0.1552,0.1574,0.1543,0.1569,343740.9
1695906000000.0,0.1569,0.1588,0.1536,0.154,630883.9
1695909600000.0,0.154,0.1564,0.153,0.1554,376422.2
1695913200000.0,0.1552,0.156,0.1537,0.1547,238651.6
1695916800000.0,0.1548,0.1553,0.1528,0.1534,226078.0
1695920400000.0,0.1535,0.1547,0.1531,0.1547,166269.0
1695924000000.0,0.1548,0.1551,0.1532,0.154,214509.6
1695927600000.0,0.1542,0.1547,0.1529,0.1537,176504.4
1695931200000.0,0.1538,0.1538,0.1482,0.1484,568493.7
1695934800000.0,0.1483,0.1498,0.1471,0.1495,468768.3
1695938400000.0,0.1496,0.1525,0.1489,0.1522,379737.2
1695942000000.0,0.1521,0.1545,0.1513,0.1533,538627.4
1695945600000.0,0.1534,0.1548,0.1527,0.154,111249.0
1695949200000.0,0.1542,0.155,0.1536,0.1546,143283.0
1695952800000.0,0.1548,0.1577,0.1547,0.1571,111716.4
1695956400000.0,0.1571,0.1582,0.1523,0.1531,551269.1
1695960000000.0,0.1529,0.1537,0.1528,0.1532,167796.1
1695963600000.0,0.153,0.1544,0.1521,0.1525,212231.3
1695967200000.0,0.1529,0.1529,0.1512,0.1523,75232.7
1695970800000.0,0.1521,0.1533,0.1519,0.1529,115107.3
1695974400000.0,0.1529,0.154,0.1526,0.1526,50500.3
1695978000000.0,0.1527,0.1532,0.1525,0.1529,99084.6
1695981600000.0,0.1529,0.1529,0.1508,0.1511,232815.7
1695985200000.0,0.1512,0.1516,0.1503,0.1508,115706.5
1695988800000.0,0.1505,0.1517,0.1497,0.1499,434241.2
1695992400000.0,0.1499,0.1504,0.1471,0.1479,563471.9
1695996000000.0,0.1481,0.1506,0.148,0.1505,443641.2
1695999600000.0,0.1504,0.1508,0.1492,0.1503,117327.5
1696003200000.0,0.1505,0.1511,0.1495,0.15,144461.6
1696006800000.0,0.15,0.1503,0.1496,0.1496,19473.7
1696010400000.0,0.1497,0.1517,0.1493,0.1514,220768.3
1696014000000.0,0.1517,0.1528,0.1512,0.1521,101904.8
1696017600000.0,0.1523,0.1542,0.1523,0.154,308286.1
1696021200000.0,0.1539,0.1546,0.1529,0.1529,152372.2
1696024800000.0,0.1529,0.1535,0.1528,0.153,82221.2
1696028400000.0,0.1533,0.155,0.1506,0.1516,307429.9
1696032000000.0,0.1517,0.1524,0.1509,0.1522,254829.5
1696035600000.0,0.1525,0.1527,0.1503,0.1505,357103.4
1696039200000.0,0.1507,0.1512,0.1499,0.1505,179475.0
1696042800000.0,0.1507,0.1518,0.1502,0.1505,70323.6
1696046400000.0,0.1505,0.1515,0.1505,0.1508,42070.1
1696050000000.0,0.1508,0.1513,0.1504,0.1511,42041.4
1696053600000.0,0.1511,0.1534,0.1499,0.151,607537.2
1696057200000.0,0.1508,0.1515,0.15,0.1503,451509.4
1696060800000.0,0.1503,0.1511,0.1503,0.1508,45560.2
1696064400000.0,0.1508,0.1511,0.1501,0.1502,61515.3
1696068000000.0,0.1503,0.1511,0.1502,0.1502,111527.4
1696071600000.0,0.1504,0.1504,0.1488,0.1493,166715.6
1696075200000.0,0.1491,0.1503,0.1489,0.149,121691.0
1696078800000.0,0.1491,0.1497,0.1476,0.1485,241467.9
1696082400000.0,0.1486,0.1513,0.1483,0.1512,514583.8
1696086000000.0,0.1513,0.1524,0.146,0.1473,1079005.3
1696089600000.0,0.1471,0.1489,0.147,0.1486,164406.6
1696093200000.0,0.1485,0.1495,0.1479,0.1492,33246.7
1696096800000.0,0.149,0.1497,0.1485,0.1492,268445.4
1696100400000.0,0.1494,0.1512,0.1492,0.1509,354205.2
1696104000000.0,0.151,0.1511,0.1496,0.1497,93703.7
1696107600000.0,0.1496,0.1501,0.1487,0.1493,73373.9
1696111200000.0,0.1489,0.1495,0.1486,0.1489,157986.0
1696114800000.0,0.1489,0.1495,0.1485,0.149,138674.5
1696118400000.0,0.1489,0.1508,0.1489,0.1505,163720.3
1696122000000.0,0.1504,0.1533,0.15,0.1511,312149.6
1696125600000.0,0.1513,0.1533,0.1513,0.153,222485.4
1696129200000.0,0.1527,0.1533,0.1517,0.1519,370746.0
1696132800000.0,0.1521,0.1529,0.1515,0.1523,83934.7
1696136400000.0,0.1524,0.1565,0.1523,0.1553,370963.8
1696140000000.0,0.1554,0.1566,0.155,0.155,236898.8
1696143600000.0,0.1552,0.156,0.1551,0.1554,53617.2
1696147200000.0,0.1556,0.1569,0.1553,0.1559,71958.3
1696150800000.0,0.1556,0.1564,0.1551,0.1559,119196.6
1696154400000.0,0.1559,0.1571,0.1555,0.1565,103415.6
1696158000000.0,0.1564,0.1567,0.1551,0.1556,344593.9
1696161600000.0,0.1558,0.1581,0.155,0.1581,569421.2
1696165200000.0,0.1581,0.1597,0.1556,0.1564,365093.8
1696168800000.0,0.1563,0.1576,0.1554,0.156,168235.2
1696172400000.0,0.156,0.1581,0.156,0.1577,45033.5
1696176000000.0,0.1575,0.1575,0.156,0.1568,161554.3
1696179600000.0,0.157,0.1575,0.1558,0.1558,237490.8
1696183200000.0,0.156,0.1572,0.1557,0.1566,81453.0
1696186800000.0,0.1566,0.1566,0.1558,0.156,67295.5
1696190400000.0,0.156,0.1564,0.1547,0.1564,245141.7
1696194000000.0,0.1566,0.1577,0.1561,0.157,176859.2
1696197600000.0,0.1569,0.1613,0.1561,0.1613,370643.1
1696201200000.0,0.1613,0.1615,0.1593,0.1597,643391.0
1696204800000.0,0.1595,0.1595,0.157,0.1593,121525.5
1696208400000.0,0.1592,0.16,0.1584,0.1591,188520.3
1696212000000.0,0.1593,0.1601,0.1581,0.1589,184205.4
1696215600000.0,0.1588,0.1588,0.1579,0.1586,35842.7
1696219200000.0,0.1583,0.1585,0.1572,0.1577,61867.5
1696222800000.0,0.1576,0.1576,0.1555,0.1555,280140.8
1696226400000.0,0.1557,0.1568,0.1557,0.1566,77836.7
1696230000000.0,0.1566,0.157,0.156,0.1561,25844.4
1696233600000.0,0.1561,0.1566,0.1553,0.1553,89986.7
1696237200000.0,0.1553,0.1554,0.1535,0.1549,131856.8
1696240800000.0,0.155,0.1553,0.1542,0.1542,16992.8
1696244400000.0,0.1542,0.1545,0.153,0.1537,130681.0
1696248000000.0,0.1535,0.154,0.1523,0.1525,226097.9
1696251600000.0,0.1525,0.1525,0.151,0.1518,206462.3
1696255200000.0,0.1522,0.1523,0.1506,0.1516,850904.3
1696258800000.0,0.1519,0.1527,0.1485,0.1497,665329.3
1696262400000.0,0.1499,0.1506,0.1491,0.1501,223895.3
1696266000000.0,0.15,0.1507,0.1499,0.1505,182502.6
1696269600000.0,0.1505,0.1506,0.1477,0.1487,224117.2
1696273200000.0,0.1485,0.1506,0.1481,0.1506,215645.8
1696276800000.0,0.1507,0.1517,0.1499,0.1514,156986.1
1696280400000.0,0.1515,0.1518,0.1495,0.1504,90351.9
1696284000000.0,0.1505,0.1517,0.1505,0.1512,66780.5
1696287600000.0,0.1512,0.1523,0.1511,0.1519,39360.8
1696291200000.0,0.1521,0.1522,0.1505,0.151,243597.8
1696294800000.0,0.1511,0.1524,0.1508,0.1519,35572.2
1696298400000.0,0.1521,0.1525,0.1504,0.1521,265448.5
1696302000000.0,0.1523,0.1526,0.1502,0.1512,225371.2
1696305600000.0,0.151,0.1513,0.151,0.151,108219.7
1696309200000.0,0.151,0.1511,0.1503,0.1507,241488.0
1696312800000.0,0.1508,0.1525,0.1508,0.1522,239092.0
1696316400000.0,0.1521,0.1525,0.1515,0.1515,20478.4
1696320000000.0,0.1517,0.1525,0.1517,0.152,7626.7
1696323600000.0,0.1522,0.1522,0.1507,0.151,28637.9
1696327200000.0,0.1511,0.1513,0.1492,0.1501,249029.9
1696330800000.0,0.1499,0.1499,0.148,0.1496,181000.2
1696334400000.0,0.1495,0.1546,0.1495,0.1539,1096057.2
1696338000000.0,0.154,0.1547,0.1506,0.1528,379417.8
1696341600000.0,0.1525,0.1533,0.1488,0.149,407039.0
1696345200000.0,0.149,0.1508,0.1487,0.1504,335504.8
1696348800000.0,0.1505,0.1511,0.1499,0.1505,68135.8
1696352400000.0,0.1505,0.1505,0.1496,0.1499,20372.8
1696356000000.0,0.1501,0.1505,0.1493,0.1495,51488.8
1696359600000.0,0.1493,0.1498,0.1483,0.1487,84431.1
1696363200000.0,0.1489,0.1493,0.1481,0.1485,15105.5
1696366800000.0,0.1484,0.1484,0.1465,0.1471,176400.9
1696370400000.0,0.1473,0.1475,0.142,0.143,259795.1
1696374000000.0,0.1432,0.1437,0.1417,0.1427,519458.5
1696377600000.0,0.143,0.143,0.1358,0.136,578098.3
1696381200000.0,0.1358,0.1374,0.134,0.1362,589394.6
1696384800000.0,0.1365,0.1376,0.1362,0.1374,132541.7
1696388400000.0,0.1374,0.1376,0.1353,0.1353,210992.7
1696392000000.0,0.1355,0.1367,0.1347,0.1347,326751.3
1696395600000.0,0.135,0.1367,0.135,0.1367,25339.1
1696399200000.0,0.1368,0.1369,0.1354,0.1357,91391.8
1696402800000.0,0.1359,0.1363,0.1339,0.1353,209266.4
1696406400000.0,0.1351,0.1361,0.1336,0.1357,120949.1
1696410000000.0,0.1357,0.1357,0.1332,0.1338,240379.3
1696413600000.0,0.1339,0.1342,0.1325,0.1328,321540.9
1696417200000.0,0.1326,0.1332,0.1314,0.1327,327526.5
1696420800000.0,0.1324,0.1336,0.1311,0.1315,757591.7
1696424400000.0,0.1315,0.1328,0.1311,0.1324,344117.5
1696428000000.0,0.1324,0.1328,0.1314,0.1325,237706.0
1696431600000.0,0.1324,0.1347,0.1324,0.1333,601363.5
1696435200000.0,0.1331,0.135,0.133,0.1346,129334.1
1696438800000.0,0.1345,0.1345,0.1335,0.1339,77711.8
1696442400000.0,0.1341,0.1344,0.1331,0.1338,161547.0
1696446000000.0,0.1339,0.1347,0.133,0.1334,103754.1
1696449600000.0,0.1333,0.1339,0.1333,0.1335,79169.8
1696453200000.0,0.1336,0.1354,0.1335,0.1354,97863.0
1696456800000.0,0.1353,0.1359,0.1348,0.1348,449226.8
1696460400000.0,0.135,0.1356,0.1338,0.1341,278371.7
1696464000000.0,0.1339,0.1343,0.1332,0.1339,80636.8
1696467600000.0,0.1338,0.1345,0.1332,0.1336,29267.3
1696471200000.0,0.1335,0.1338,0.1323,0.133,76866.3
1696474800000.0,0.1328,0.1339,0.1328,0.133,48534.0
1696478400000.0,0.1331,0.1341,0.133,0.1341,96156.6
1696482000000.0,0.1341,0.1342,0.1331,0.1331,111347.3
1696485600000.0,0.133,0.1338,0.1324,0.1335,128554.6
1696489200000.0,0.1336,0.1343,0.1336,0.1339,9615.4
1696492800000.0,0.134,0.1345,0.133,0.1333,59001.8
1696496400000.0,0.1334,0.1346,0.1333,0.1345,14138.3
1696500000000.0,0.1347,0.1359,0.1339,0.1359,135539.8
1696503600000.0,0.1357,0.1359,0.1347,0.1347,9435.3
1696507200000.0,0.1349,0.1359,0.1343,0.1359,61643.7
1696510800000.0,0.1358,0.1378,0.1351,0.1357,255679.7
1696514400000.0,0.1355,0.1361,0.1347,0.1347,204951.7
1696518000000.0,0.1347,0.1347,0.133,0.1334,134409.1
1696521600000.0,0.1335,0.1341,0.1313,0.1316,409632.1
1696525200000.0,0.1315,0.1322,0.1305,0.1319,147846.0
1696528800000.0,0.1322,0.1326,0.1318,0.1322,80325.3
1696532400000.0,0.1326,0.133,0.1321,0.1324,19498.4
1696536000000.0,0.1326,0.1329,0.1318,0.1324,44169.7
1696539600000.0,0.1325,0.1326,0.1322,0.1326,3795.8
1696543200000.0,0.1328,0.1331,0.1323,0.1325,129681.7
1696546800000.0,0.1326,0.1329,0.1322,0.1323,83422.2
1696550400000.0,0.1323,0.1336,0.1319,0.1333,55298.3
1696554000000.0,0.1333,0.1335,0.1329,0.1334,6141.8
1696557600000.0,0.1333,0.1347,0.1332,0.1347,61533.7
1696561200000.0,0.1343,0.1343,0.1334,0.1334,31784.8
1696564800000.0,0.1335,0.1335,0.1328,0.133,25532.1
1696568400000.0,0.133,0.1334,0.1329,0.1331,18677.6
1696572000000.0,0.1333,0.1336,0.1329,0.1336,19811.8
1696575600000.0,0.1335,0.1337,0.1331,0.1335,11242.4
1696579200000.0,0.1333,0.1341,0.1333,0.1336,33261.6
1696582800000.0,0.1337,0.1345,0.1335,0.1339,13094.0
1696586400000.0,0.1341,0.1356,0.1341,0.1349,232971.2
1696590000000.0,0.1348,0.1364,0.1348,0.1356,333993.2
1696593600000.0,0.1355,0.1363,0.1341,0.1345,348346.3
1696597200000.0,0.1343,0.1364,0.1341,0.1364,114153.7
1696600800000.0,0.1365,0.1382,0.1359,0.1382,220486.6
1696604400000.0,0.1383,0.1413,0.1376,0.1397,560029.0
1696608000000.0,0.14,0.1408,0.1396,0.1401,379392.6
1696611600000.0,0.14,0.1415,0.1394,0.1404,217980.7
1696615200000.0,0.1403,0.1409,0.1386,0.1386,219501.1
1696618800000.0,0.1386,0.1389,0.138,0.1389,68512.3
1696622400000.0,0.139,0.1395,0.1388,0.139,36752.1
1696626000000.0,0.1391,0.1406,0.1391,0.1402,27887.5
1696629600000.0,0.1401,0.1409,0.14,0.1406,137826.6
1696633200000.0,0.1406,0.1406,0.1394,0.14,68181.4
1696636800000.0,0.1402,0.1403,0.1392,0.1402,93518.2
1696640400000.0,0.1402,0.1412,0.1368,0.1376,522625.5
1696644000000.0,0.1374,0.1377,0.1364,0.1365,21749.7
1696647600000.0,0.1365,0.1366,0.1343,0.1345,482427.7
1696651200000.0,0.1343,0.135,0.134,0.134,173861.9
1696654800000.0,0.1343,0.1351,0.1339,0.1351,134455.7
1696658400000.0,0.1353,0.1356,0.1341,0.1341,67216.8
1696662000000.0,0.134,0.1345,0.134,0.134,26633.9
1696665600000.0,0.134,0.1347,0.1334,0.1347,78946.6
1696669200000.0,0.1349,0.1352,0.1345,0.1345,21235.1
1696672800000.0,0.1343,0.1343,0.1336,0.1337,48238.6
1696676400000.0,0.1337,0.1342,0.1332,0.1334,37652.9
1696680000000.0,0.1332,0.1336,0.1329,0.1333,285953.2
1696683600000.0,0.1333,0.1349,0.1333,0.1346,127835.0
1696687200000.0,0.1346,0.1351,0.1343,0.1346,166543.5
1696690800000.0,0.1345,0.1353,0.1343,0.1348,54315.8
1696694400000.0,0.1349,0.1359,0.1349,0.1349,80208.7
1696698000000.0,0.1349,0.1353,0.1345,0.135,52492.4
1696701600000.0,0.1352,0.1353,0.1343,0.1343,13252.1
1696705200000.0,0.1342,0.1345,0.1337,0.134,149414.7
1696708800000.0,0.134,0.1347,0.1337,0.1345,111659.9
1696712400000.0,0.1347,0.1355,0.1346,0.1355,21934.5
1696716000000.0,0.1354,0.1356,0.1352,0.1352,94745.3
1696719600000.0,0.1351,0.1352,0.1349,0.1351,11756.1
1696723200000.0,0.1353,0.1367,0.1348,0.1355,234129.7
1696726800000.0,0.1357,0.1363,0.1349,0.1361,31305.5
1696730400000.0,0.1361,0.1362,0.1351,0.1354,83732.7
1696734000000.0,0.1353,0.1356,0.1351,0.1354,40285.4
1696737600000.0,0.1353,0.1353,0.1343,0.1343,66166.1
1696741200000.0,0.1341,0.1346,0.134,0.1346,100863.7
1696744800000.0,0.1346,0.1347,0.1341,0.1341,72218.2
1696748400000.0,0.1343,0.1361,0.1337,0.134,1008841.0
1696752000000.0,0.1341,0.136,0.1337,0.1357,110107.4
1696755600000.0,0.1358,0.136,0.135,0.136,35520.1
1696759200000.0,0.1361,0.1366,0.135,0.1353,38986.0
1696762800000.0,0.1355,0.1355,0.1341,0.1347,81214.5
1696766400000.0,0.1346,0.1361,0.1346,0.1359,16526.6
1696770000000.0,0.1358,0.1377,0.1357,0.1372,203374.2
1696773600000.0,0.1374,0.1378,0.1365,0.1374,8996.2
1696777200000.0,0.1375,0.1382,0.1374,0.1374,64577.4
1696780800000.0,0.1375,0.1385,0.1368,0.1368,44407.0
1696784400000.0,0.137,0.1372,0.1363,0.1363,22800.4
1696788000000.0,0.1363,0.137,0.1361,0.1362,2753.6
1696791600000.0,0.1362,0.1364,0.1355,0.1355,2734.7
1696795200000.0,0.1357,0.1358,0.1353,0.1356,11584.5
1696798800000.0,0.1355,0.1355,0.1346,0.1346,94177.6
1696802400000.0,0.1346,0.1347,0.134,0.1341,2130.5
1696806000000.0,0.134,0.134,0.1332,0.1336,36100.3
1696809600000.0,0.1335,0.1336,0.1324,0.1335,87331.1
1696813200000.0,0.1335,0.1348,0.1334,0.1347,188461.4
1696816800000.0,0.1345,0.136,0.134,0.1347,267288.2
1696820400000.0,0.1349,0.1358,0.1349,0.1354,139814.7
1696824000000.0,0.1355,0.137,0.1353,0.1365,24567.4
1696827600000.0,0.1366,0.138,0.1366,0.1369,53002.8
1696831200000.0,0.1372,0.1373,0.1361,0.1365,161455.0
1696834800000.0,0.1364,0.1374,0.1364,0.1365,100735.8
1696838400000.0,0.1364,0.1366,0.1351,0.1351,49099.7
1696842000000.0,0.1349,0.1351,0.131,0.1312,346124.5
1696845600000.0,0.1311,0.1312,0.1286,0.1288,326066.9
1696849200000.0,0.1286,0.1326,0.1278,0.1312,357646.3
1696852800000.0,0.1311,0.1339,0.1298,0.1313,504440.8
1696856400000.0,0.1312,0.1317,0.1306,0.1317,26051.2
1696860000000.0,0.1314,0.1316,0.1303,0.1306,12159.8
1696863600000.0,0.1304,0.1311,0.1303,0.1307,4221.4
1696867200000.0,0.1308,0.1309,0.128,0.1292,99178.3
1696870800000.0,0.1292,0.1309,0.1289,0.1308,68208.3
1696874400000.0,0.1309,0.1322,0.1309,0.1316,17546.5
1696878000000.0,0.1316,0.1321,0.1314,0.1319,41691.1
1696881600000.0,0.132,0.1322,0.1305,0.1305,6455.7
1696885200000.0,0.1304,0.1305,0.1295,0.1305,51883.5
1696888800000.0,0.1306,0.1306,0.1299,0.13,5729.4
1696892400000.0,0.1301,0.1304,0.1292,0.1292,27288.1
1696896000000.0,0.1293,0.1328,0.1293,0.1327,138667.3
1696899600000.0,0.1326,0.1339,0.1305,0.1339,170474.3
1696903200000.0,0.1339,0.136,0.133,0.136,439566.9
1696906800000.0,0.1359,0.1383,0.1331,0.1351,580855.7
1696910400000.0,0.1349,0.136,0.1335,0.1337,470346.5
1696914000000.0,0.1337,0.1344,0.1326,0.133,236385.7
1696917600000.0,0.1329,0.1342,0.1329,0.134,11738.3
1696921200000.0,0.1342,0.1343,0.1313,0.1319,240292.5
1696924800000.0,0.1319,0.1324,0.1259,0.1285,457127.2
1696928400000.0,0.1285,0.1297,0.1268,0.1272,209637.8
1696932000000.0,0.1272,0.1279,0.1247,0.1253,185719.8
1696935600000.0,0.1252,0.1268,0.1239,0.1264,205607.7
1696939200000.0,0.1265,0.1301,0.1263,0.1301,228713.2
1696942800000.0,0.1302,0.1336,0.1281,0.1288,568682.2
1696946400000.0,0.1289,0.1294,0.128,0.1283,161537.1
1696950000000.0,0.1282,0.1288,0.1275,0.1281,220122.8
1696953600000.0,0.1281,0.1281,0.1262,0.1262,39889.9
1696957200000.0,0.1263,0.1264,0.1256,0.1262,180536.2
1696960800000.0,0.1263,0.1263,0.1246,0.1249,63411.4
1696964400000.0,0.1249,0.1253,0.1243,0.1245,23427.5
1696968000000.0,0.1245,0.1253,0.1235,0.1246,62931.9
1696971600000.0,0.1244,0.1251,0.1235,0.1235,132497.5
1696975200000.0,0.1237,0.1247,0.1236,0.1247,91876.0
1696978800000.0,0.1248,0.125,0.1225,0.1243,221725.8
1696982400000.0,0.1241,0.1269,0.1237,0.1268,239537.9
1696986000000.0,0.1266,0.1269,0.1253,0.1258,311398.6
1696989600000.0,0.1257,0.1257,0.119,0.1191,521331.8
1696993200000.0,0.1194,0.1199,0.1178,0.1178,435786.0
1696996800000.0,0.1179,0.119,0.117,0.1185,295122.8
1697000400000.0,0.1185,0.1185,0.1172,0.1177,141473.4
1697004000000.0,0.1178,0.118,0.1166,0.1167,204792.2
1697007600000.0,0.117,0.1185,0.1163,0.1183,150632.4
1697011200000.0,0.1184,0.1188,0.1158,0.1161,280057.6
1697014800000.0,0.1161,0.1171,0.1157,0.1164,57626.2
1697018400000.0,0.1166,0.1169,0.116,0.1169,43101.2
1697022000000.0,0.1167,0.1183,0.1167,0.1179,169377.9
1697025600000.0,0.118,0.1182,0.1172,0.1175,50223.0
1697029200000.0,0.1175,0.1175,0.116,0.1166,222864.1
1697032800000.0,0.1166,0.1173,0.1161,0.1167,237860.1
1697036400000.0,0.1166,0.1166,0.114,0.1151,120701.6
1697040000000.0,0.1151,0.1159,0.1151,0.1155,23984.0
1697043600000.0,0.1154,0.1159,0.1152,0.1157,60901.7
1697047200000.0,0.1157,0.116,0.1155,0.1157,34206.9
1697050800000.0,0.1158,0.1168,0.1158,0.1165,169444.8
1697054400000.0,0.1164,0.1171,0.1163,0.1169,156593.4
1697058000000.0,0.1172,0.1173,0.1155,0.116,131875.1
1697061600000.0,0.1159,0.1167,0.1159,0.1165,31349.6
1697065200000.0,0.1166,0.1168,0.1158,0.1168,80519.7
1697068800000.0,0.1167,0.117,0.1159,0.116,171887.7
1697072400000.0,0.1158,0.1166,0.1153,0.1155,270558.6
1697076000000.0,0.1154,0.1156,0.1146,0.1152,104658.9
1697079600000.0,0.1151,0.1167,0.1136,0.1136,463277.8
1697083200000.0,0.1135,0.1141,0.1134,0.1138,134266.4
1697086800000.0,0.1137,0.1152,0.1135,0.1149,13164.6
1697090400000.0,0.1147,0.1157,0.1147,0.1151,16429.2
1697094000000.0,0.1149,0.1162,0.1144,0.116,4186.2
1697097600000.0,0.1161,0.1171,0.1156,0.1168,171590.0
1697101200000.0,0.1168,0.1168,0.1141,0.1145,88145.1
1697104800000.0,0.1144,0.116,0.1136,0.116,393917.4
1697108400000.0,0.116,0.1172,0.116,0.1171,152642.2
1697112000000.0,0.117,0.1172,0.1169,0.117,106819.5
1697115600000.0,0.117,0.1171,0.1163,0.117,174979.6
1697119200000.0,0.1168,0.1177,0.1152,0.1156,212011.8
1697122800000.0,0.1157,0.1166,0.1156,0.1165,160767.1
1697126400000.0,0.1164,0.117,0.1159,0.1164,62351.3
1697130000000.0,0.1163,0.117,0.1162,0.1168,55807.3
1697133600000.0,0.1169,0.1172,0.1166,0.1168,116874.1
1697137200000.0,0.1167,0.1174,0.1166,0.1172,6517.5
1697140800000.0,0.1171,0.1171,0.1162,0.1165,36809.0
1697144400000.0,0.1168,0.1172,0.1168,0.117,8001.9
1697148000000.0,0.117,0.1175,0.1168,0.1175,21413.4
1697151600000.0,0.1174,0.1177,0.117,0.1172,38479.2
1697155200000.0,0.1173,0.1187,0.1171,0.1172,284634.0
1697158800000.0,0.1173,0.1192,0.1172,0.119,219679.8
1697162400000.0,0.1188,0.1216,0.1186,0.1214,310251.4
1697166000000.0,0.1214,0.1215,0.1172,0.1172,322086.6
1697169600000.0,0.1174,0.1195,0.117,0.1176,234921.2
1697173200000.0,0.1177,0.1185,0.1171,0.1172,41297.9
1697176800000.0,0.1172,0.1178,0.1172,0.1173,51313.0
1697180400000.0,0.1171,0.1184,0.1171,0.1182,30551.0
1697184000000.0,0.1183,0.1187,0.1162,0.1163,194452.7
1697187600000.0,0.1161,0.1163,0.1137,0.1143,425217.6
1697191200000.0,0.1146,0.1153,0.1143,0.1145,348037.7
1697194800000.0,0.1143,0.115,0.114,0.1148,100983.8
1697198400000.0,0.1148,0.1154,0.1145,0.1153,96031.5
1697202000000.0,0.1153,0.1157,0.1152,0.1154,17808.0
1697205600000.0,0.1154,0.1155,0.114,0.114,14905.1
1697209200000.0,0.1141,0.1146,0.1134,0.1139,89361.4
1697212800000.0,0.1141,0.1148,0.1136,0.1147,106502.7
1697216400000.0,0.1147,0.1149,0.1141,0.1148,19438.5
1697220000000.0,0.1149,0.1149,0.1143,0.1146,36011.6
1697223600000.0,0.1146,0.1148,0.1136,0.1139,107132.4
1697227200000.0,0.1138,0.1168,0.1135,0.1168,100123.2
1697230800000.0,0.1166,0.1175,0.1158,0.1166,184969.6
1697234400000.0,0.1167,0.1168,0.1153,0.1155,23849.2
1697238000000.0,0.1156,0.1157,0.1153,0.1156,11105.6
1697241600000.0,0.1155,0.1157,0.1152,0.1154,28749.2
1697245200000.0,0.1153,0.116,0.1149,0.116,13561.6
1697248800000.0,0.1159,0.1159,0.1107,0.1118,911233.0
1697252400000.0,0.1119,0.1139,0.1111,0.1128,429930.2
1697256000000.0,0.1128,0.1133,0.1118,0.1122,121183.1
1697259600000.0,0.112,0.1123,0.1114,0.1114,51599.9
1697263200000.0,0.1115,0.112,0.1111,0.112,147904.5
1697266800000.0,0.1118,0.1123,0.1116,0.1122,89500.2
1697270400000.0,0.1122,0.1132,0.112,0.1129,95099.5
1697274000000.0,0.1131,0.1136,0.1129,0.1136,33990.5
1697277600000.0,0.1137,0.1147,0.1137,0.1144,89337.6
1697281200000.0,0.1145,0.1152,0.1145,0.1149,6056.3
1697284800000.0,0.1149,0.1149,0.1143,0.1144,100298.9
1697288400000.0,0.1143,0.1147,0.1141,0.1146,100851.3
1697292000000.0,0.1144,0.116,0.1144,0.1159,22078.2
1697295600000.0,0.1158,0.1166,0.1153,0.116,63539.2
1697299200000.0,0.1161,0.1229,0.116,0.1226,503663.1
1697302800000.0,0.1228,0.1286,0.1228,0.1269,835088.8
1697306400000.0,0.1268,0.1268,0.1229,0.1259,505041.9
1697310000000.0,0.1258,0.1265,0.1241,0.1247,313388.0
1697313600000.0,0.1247,0.127,0.1239,0.1246,344262.3
1697317200000.0,0.1244,0.1257,0.1243,0.1246,132143.7
1697320800000.0,0.1249,0.1251,0.1224,0.1233,118641.2
1697324400000.0,0.1232,0.1235,0.1215,0.1229,30437.0
1697328000000.0,0.123,0.123,0.1206,0.1207,76784.4
1697331600000.0,0.1206,0.1239,0.1197,0.1231,366688.3
1697335200000.0,0.123,0.1256,0.1228,0.1247,94291.0
1697338800000.0,0.1249,0.1251,0.12,0.1216,526347.8
1697342400000.0,0.1214,0.1224,0.1201,0.1224,202384.3
1697346000000.0,0.1223,0.1223,0.1212,0.1223,240101.0
1697349600000.0,0.1221,0.1238,0.1216,0.1231,118289.3
1697353200000.0,0.1231,0.1233,0.1194,0.1203,367383.0
1697356800000.0,0.1204,0.1219,0.1204,0.1216,82895.6
1697360400000.0,0.1217,0.1229,0.1213,0.1217,138258.7
1697364000000.0,0.1216,0.1228,0.1216,0.1226,79506.1
1697367600000.0,0.1224,0.1224,0.1214,0.1217,39753.8
1697371200000.0,0.1218,0.1223,0.1207,0.1208,43166.3
1697374800000.0,0.1207,0.1214,0.1184,0.1192,220606.9
1697378400000.0,0.1193,0.1204,0.1187,0.1192,258081.3
1697382000000.0,0.1192,0.1192,0.1177,0.118,86943.3
1697385600000.0,0.1179,0.1197,0.1175,0.1185,602192.6
1697389200000.0,0.1184,0.1198,0.1175,0.1198,82699.7
1697392800000.0,0.1199,0.1202,0.1192,0.1194,22650.8
1697396400000.0,0.1192,0.1198,0.1189,0.1191,76824.7
1697400000000.0,0.1191,0.1207,0.1183,0.1202,234015.5
1697403600000.0,0.12,0.12,0.119,0.1191,30266.6
1697407200000.0,0.1194,0.1207,0.1189,0.119,141291.1
1697410800000.0,0.1189,0.1196,0.1184,0.1196,44362.5
1697414400000.0,0.1196,0.1212,0.1192,0.121,185994.0
1697418000000.0,0.1209,0.1222,0.1209,0.1215,88489.6
1697421600000.0,0.1214,0.1214,0.1202,0.121,135274.9
1697425200000.0,0.121,0.1235,0.1207,0.1224,179503.5
1697428800000.0,0.1222,0.124,0.1208,0.123,212138.0
1697432400000.0,0.123,0.1245,0.1219,0.1234,140082.0
1697436000000.0,0.1235,0.1247,0.1233,0.1241,35335.1
1697439600000.0,0.1243,0.1247,0.123,0.1234,109502.9
1697443200000.0,0.1235,0.1241,0.1234,0.1241,119100.1
1697446800000.0,0.1243,0.1246,0.1231,0.1245,58986.5
1697450400000.0,0.1246,0.1246,0.1238,0.1239,68002.9
1697454000000.0,0.1241,0.1243,0.1236,0.1241,13765.6
1697457600000.0,0.1245,0.1245,0.1229,0.1232,35101.9
1697461200000.0,0.1231,0.1277,0.1205,0.1229,455595.1
1697464800000.0,0.1226,0.1233,0.122,0.1231,124295.1
1697468400000.0,0.123,0.1234,0.1223,0.1231,48968.7
1697472000000.0,0.123,0.1245,0.123,0.1241,166144.0
1697475600000.0,0.1243,0.1264,0.1243,0.1256,66822.2
1697479200000.0,0.1257,0.1303,0.1257,0.1298,304976.4
1697482800000.0,0.13,0.1346,0.1286,0.1291,1030940.5
1697486400000.0,0.129,0.1298,0.1276,0.1281,90076.4
1697490000000.0,0.128,0.1288,0.1274,0.1287,33911.1
1697493600000.0,0.1287,0.13,0.1283,0.1286,361587.5
1697497200000.0,0.1288,0.129,0.1276,0.1282,104551.0
1697500800000.0,0.1282,0.1308,0.1268,0.127,132230.6
1697504400000.0,0.1272,0.134,0.1272,0.1325,1025336.3
1697508000000.0,0.1322,0.1384,0.1297,0.1339,963643.4
1697511600000.0,0.1339,0.1358,0.1332,0.1353,361471.6
1697515200000.0,0.1353,0.1376,0.1344,0.1357,317948.3
1697518800000.0,0.1359,0.1395,0.1353,0.138,530054.2
1697522400000.0,0.1381,0.1394,0.1351,0.136,241305.2
1697526000000.0,0.136,0.1365,0.1342,0.1359,169088.4
1697529600000.0,0.1357,0.137,0.1351,0.1368,505911.4
1697533200000.0,0.1369,0.1396,0.1361,0.1382,574006.5
1697536800000.0,0.1383,0.1391,0.1372,0.1378,146819.4
1697540400000.0,0.1379,0.1382,0.1362,0.1373,301474.1
1697544000000.0,0.1372,0.1377,0.1345,0.1351,119072.2
1697547600000.0,0.1349,0.1361,0.1324,0.1347,378910.6
1697551200000.0,0.1349,0.1386,0.1342,0.137,189237.7
1697554800000.0,0.1366,0.1388,0.1364,0.1374,210328.0
1697558400000.0,0.1375,0.1384,0.1364,0.1376,108051.9
1697562000000.0,0.1377,0.1378,0.1355,0.1366,68393.9
1697565600000.0,0.1365,0.1371,0.1357,0.1363,56140.0
1697569200000.0,0.1363,0.1378,0.1357,0.1374,68824.8
1697572800000.0,0.1376,0.1377,0.1359,0.1359,38373.4
1697576400000.0,0.1361,0.1375,0.1359,0.1364,22550.5
1697580000000.0,0.1364,0.1369,0.1351,0.1357,46956.8
1697583600000.0,0.1356,0.1367,0.1353,0.1358,57408.5
1697587200000.0,0.1358,0.1379,0.1351,0.1372,407701.1
1697590800000.0,0.1373,0.1379,0.1359,0.137,71188.4
1697594400000.0,0.1372,0.1374,0.1324,0.1362,710468.6
1697598000000.0,0.1361,0.137,0.1347,0.1367,596544.5
1697601600000.0,0.137,0.139,0.1365,0.1382,126778.6
1697605200000.0,0.1384,0.139,0.136,0.1364,248283.8
1697608800000.0,0.1363,0.1368,0.1333,0.1368,267989.5
1697612400000.0,0.1369,0.1378,0.1364,0.1373,217643.1
1697616000000.0,0.1372,0.1379,0.1358,0.1372,91935.7
1697619600000.0,0.1373,0.1384,0.137,0.1372,16694.6
1697623200000.0,0.1374,0.1459,0.1374,0.1448,687323.2
1697626800000.0,0.1449,0.154,0.1449,0.1516,1197187.3
1697630400000.0,0.1513,0.1525,0.1488,0.1518,391935.9
1697634000000.0,0.1517,0.1525,0.1491,0.1499,333788.3
1697637600000.0,0.1497,0.1507,0.1475,0.1501,210184.0
1697641200000.0,0.1499,0.152,0.1498,0.1509,285821.7
1697644800000.0,0.151,0.152,0.1492,0.1506,321782.8
1697648400000.0,0.1508,0.1514,0.1491,0.1497,289542.0
1697652000000.0,0.1495,0.1507,0.1482,0.1496,178113.1
1697655600000.0,0.1495,0.15,0.1479,0.1485,65090.1
1697659200000.0,0.1483,0.1493,0.1463,0.1486,312001.7
1697662800000.0,0.1489,0.1493,0.1478,0.1485,83402.3
1697666400000.0,0.1485,0.152,0.1473,0.1505,438683.1
1697670000000.0,0.1505,0.1507,0.1488,0.1493,34892.2
1697673600000.0,0.1491,0.1516,0.1484,0.1516,78653.1
1697677200000.0,0.1517,0.1517,0.1455,0.1471,417979.9
1697680800000.0,0.1469,0.1475,0.1433,0.1459,160121.3
1697684400000.0,0.1458,0.1483,0.1453,0.1466,62563.6
1697688000000.0,0.1469,0.1469,0.1454,0.1467,49795.9
1697691600000.0,0.1469,0.1482,0.1454,0.1457,31959.6
1697695200000.0,0.1459,0.1508,0.1454,0.1493,87637.8
1697698800000.0,0.1491,0.1513,0.1477,0.1496,72876.7
1697702400000.0,0.1499,0.1541,0.1478,0.1483,296477.2
1697706000000.0,0.1481,0.1499,0.1456,0.1467,168486.7
1697709600000.0,0.1465,0.1503,0.1454,0.1503,84706.1
1697713200000.0,0.1501,0.1515,0.149,0.1513,195789.2
1697716800000.0,0.1513,0.1538,0.1505,0.1529,234991.1
1697720400000.0,0.1531,0.1548,0.1512,0.1523,182764.2
1697724000000.0,0.1522,0.1543,0.1519,0.1539,156355.7
1697727600000.0,0.1542,0.157,0.1531,0.1537,622383.7
1697731200000.0,0.1539,0.156,0.1539,0.1548,448819.4
1697734800000.0,0.155,0.155,0.1533,0.1534,116792.1
1697738400000.0,0.1535,0.154,0.1527,0.1533,10412.8
1697742000000.0,0.1533,0.1541,0.1531,0.1533,30509.7
1697745600000.0,0.1533,0.1552,0.1519,0.1547,106949.4
1697749200000.0,0.1544,0.1544,0.1521,0.1521,33094.6
1697752800000.0,0.1523,0.1527,0.1501,0.1509,260160.5
1697756400000.0,0.1508,0.1515,0.1503,0.1504,6951.9
1697760000000.0,0.1505,0.1506,0.1483,0.1487,302076.9
1697763600000.0,0.1487,0.152,0.1481,0.1513,212686.5
1697767200000.0,0.1515,0.1587,0.1515,0.1573,812266.6
1697770800000.0,0.1575,0.1609,0.1575,0.1589,259481.0
1697774400000.0,0.1591,0.1625,0.157,0.1623,218009.0
1697778000000.0,0.1619,0.1671,0.1619,0.1643,551974.1
1697781600000.0,0.1644,0.1666,0.1639,0.1664,134708.0
1697785200000.0,0.1667,0.1677,0.1645,0.1656,278475.7
1697788800000.0,0.1655,0.1693,0.1649,0.1687,333250.3
1697792400000.0,0.1689,0.1721,0.1683,0.1712,523185.9
1697796000000.0,0.1715,0.1744,0.1705,0.1707,265291.6
1697799600000.0,0.1709,0.1736,0.1704,0.1716,242007.2
1697803200000.0,0.1719,0.1732,0.1706,0.1724,354543.6
1697806800000.0,0.1722,0.177,0.1722,0.1749,428917.3
1697810400000.0,0.1748,0.177,0.1712,0.1738,669314.3
1697814000000.0,0.1741,0.1765,0.1731,0.1755,373396.7
1697817600000.0,0.1757,0.1799,0.1745,0.178,315678.2
1697821200000.0,0.1783,0.1818,0.1761,0.1808,954372.1
1697824800000.0,0.1809,0.1832,0.1796,0.1807,636329.1
1697828400000.0,0.1809,0.1824,0.1783,0.18,202679.6
1697832000000.0,0.1799,0.1812,0.1797,0.1799,149314.3
1697835600000.0,0.1798,0.1806,0.1783,0.1793,306152.1
1697839200000.0,0.1792,0.1802,0.1765,0.1768,482631.8
1697842800000.0,0.1767,0.1787,0.1767,0.1777,252435.2
1697846400000.0,0.1774,0.1811,0.1753,0.1773,788302.5
1697850000000.0,0.1775,0.1791,0.1766,0.1781,342828.3
1697853600000.0,0.1783,0.1796,0.177,0.1775,33016.7
1697857200000.0,0.1777,0.1782,0.1742,0.1767,379536.9
1697860800000.0,0.1766,0.1771,0.173,0.1751,565839.3
1697864400000.0,0.1749,0.1808,0.1749,0.1762,532684.1
1697868000000.0,0.1765,0.1792,0.1756,0.1792,411343.9
1697871600000.0,0.1793,0.1802,0.1773,0.1773,38403.5
1697875200000.0,0.1775,0.179,0.1771,0.1785,97390.3
1697878800000.0,0.1783,0.181,0.1781,0.1805,119805.5
1697882400000.0,0.1807,0.1807,0.1779,0.1796,85744.5
1697886000000.0,0.1793,0.1808,0.179,0.1795,27231.7
1697889600000.0,0.1799,0.181,0.1791,0.1794,171623.2
1697893200000.0,0.1799,0.1899,0.1787,0.185,802295.7
1697896800000.0,0.185,0.1858,0.1659,0.1688,1066725.3
1697900400000.0,0.1689,0.1896,0.1658,0.1821,1535881.5
1697904000000.0,0.182,0.1832,0.1746,0.1803,743175.8
1697907600000.0,0.1803,0.1861,0.1788,0.1851,382201.6
1697911200000.0,0.1852,0.2,0.1852,0.1959,1491737.8
1697914800000.0,0.1959,0.196,0.1917,0.1928,396830.5
1697918400000.0,0.193,0.1936,0.1899,0.1905,192654.3
1697922000000.0,0.1904,0.1918,0.1882,0.1889,245155.1
1697925600000.0,0.1887,0.1892,0.1871,0.1877,320836.8
1697929200000.0,0.1876,0.1901,0.1859,0.1885,368159.2
1697932800000.0,0.1883,0.1914,0.1867,0.1914,277482.8
1697936400000.0,0.1915,0.1915,0.1882,0.1904,328632.6
1697940000000.0,0.1901,0.1901,0.1876,0.1894,220481.0
1697943600000.0,0.1892,0.1896,0.1875,0.189,45435.8
1697947200000.0,0.189,0.1912,0.1877,0.1887,98201.1
1697950800000.0,0.189,0.1904,0.1881,0.189,126663.0
1697954400000.0,0.1887,0.1887,0.1846,0.1869,283060.9
1697958000000.0,0.1866,0.1886,0.1851,0.1881,125431.2
1697961600000.0,0.1883,0.1915,0.1852,0.1866,183053.7
1697965200000.0,0.1863,0.1866,0.1854,0.1854,48864.9
1697968800000.0,0.1858,0.1862,0.1845,0.1846,16660.9
1697972400000.0,0.1847,0.185,0.1833,0.184,106456.2
1697976000000.0,0.1842,0.1848,0.1832,0.1844,152165.7
1697979600000.0,0.1845,0.1868,0.183,0.1866,93189.6
1697983200000.0,0.1869,0.1873,0.1833,0.1835,105823.1
1697986800000.0,0.1836,0.1838,0.1821,0.1825,250765.1
1697990400000.0,0.1823,0.1845,0.1823,0.1842,109440.5
1697994000000.0,0.1843,0.1864,0.1838,0.1852,31900.3
1697997600000.0,0.1853,0.1855,0.183,0.1838,65837.9
1698001200000.0,0.184,0.1866,0.1838,0.1862,156667.8
1698004800000.0,0.186,0.1887,0.1852,0.1877,71233.0
1698008400000.0,0.1876,0.1876,0.1856,0.1857,42284.0
1698012000000.0,0.186,0.1884,0.1855,0.1866,228140.9
1698015600000.0,0.1866,0.1878,0.1835,0.1839,145801.9
1698019200000.0,0.184,0.1864,0.1835,0.1852,146706.3
1698022800000.0,0.185,0.189,0.1842,0.1879,280520.2
1698026400000.0,0.1881,0.19,0.1872,0.1875,59885.1
1698030000000.0,0.1872,0.1895,0.1858,0.1895,150621.3
1698033600000.0,0.1895,0.1911,0.1874,0.1894,184630.8
1698037200000.0,0.1894,0.1919,0.1887,0.1909,97479.8
1698040800000.0,0.1908,0.1912,0.1888,0.1904,17640.1
1698044400000.0,0.1903,0.197,0.1898,0.193,332971.9
1698048000000.0,0.1932,0.1966,0.1932,0.1966,78070.2
1698051600000.0,0.1967,0.1971,0.1919,0.1934,200697.1
1698055200000.0,0.1933,0.1949,0.1919,0.1919,64769.1
1698058800000.0,0.1921,0.1933,0.1906,0.1915,74369.2
1698062400000.0,0.1917,0.1933,0.1915,0.1932,194817.5
1698066000000.0,0.1931,0.1934,0.1887,0.1896,117362.0
1698069600000.0,0.1898,0.1907,0.1882,0.1895,173520.2
1698073200000.0,0.1895,0.1922,0.1895,0.1906,37512.2
1698076800000.0,0.1909,0.1951,0.1884,0.1927,325344.8
1698080400000.0,0.1925,0.2034,0.1919,0.1958,795319.5
1698084000000.0,0.196,0.1973,0.1933,0.1953,197321.8
1698087600000.0,0.1956,0.1979,0.1956,0.1971,244546.4
1698091200000.0,0.1969,0.1973,0.1938,0.1967,77067.7
1698094800000.0,0.1969,0.1975,0.1955,0.1975,17297.3
1698098400000.0,0.1973,0.2491,0.1964,0.2491,2549898.2
1698102000000.0,0.2455,0.2521,0.2262,0.2407,2135305.1
1698105600000.0,0.2408,0.2511,0.2365,0.2455,1062944.6
1698109200000.0,0.2455,0.2545,0.24,0.2432,587339.7
1698112800000.0,0.244,0.276,0.2435,0.2724,1515808.3
1698116400000.0,0.2712,0.2864,0.2546,0.257,2197091.4
1698120000000.0,0.257,0.2647,0.2467,0.25,1457448.0
1698123600000.0,0.2504,0.252,0.2423,0.2431,1116393.8
1698127200000.0,0.2429,0.2463,0.2371,0.241,459566.0
1698130800000.0,0.2408,0.2512,0.2376,0.2492,600039.2
1698134400000.0,0.2491,0.256,0.2467,0.25,743478.2
1698138000000.0,0.2498,0.2565,0.2457,0.2514,346141.2
1698141600000.0,0.2515,0.2557,0.2477,0.2557,463034.7
1698145200000.0,0.2558,0.2625,0.2536,0.26,451493.5
1698148800000.0,0.26,0.2689,0.2558,0.2595,560204.3
1698152400000.0,0.2597,0.2615,0.2452,0.2475,552992.2
1698156000000.0,0.2477,0.2522,0.2436,0.2476,342050.3
1698159600000.0,0.2479,0.251,0.2278,0.2314,1415929.4
1698163200000.0,0.2311,0.236,0.2247,0.2333,784765.5
1698166800000.0,0.2336,0.2381,0.2335,0.2348,137821.7
1698170400000.0,0.2351,0.2373,0.2326,0.2351,130216.0
1698174000000.0,0.235,0.237,0.2333,0.2348,82628.7
1698177600000.0,0.235,0.2365,0.2314,0.232,347583.8
1698181200000.0,0.2316,0.2363,0.2296,0.2354,353207.5
1698184800000.0,0.2354,0.2368,0.2334,0.2358,193609.9
1698188400000.0,0.2359,0.2367,0.2322,0.2339,291414.2
1698192000000.0,0.2345,0.2385,0.2327,0.238,212258.0
1698195600000.0,0.2377,0.2428,0.237,0.2386,1095512.2
1698199200000.0,0.2385,0.2398,0.2356,0.238,136270.8
1698202800000.0,0.2381,0.2386,0.2345,0.2351,155429.8
1698206400000.0,0.2354,0.2417,0.2353,0.2402,117203.5
1698210000000.0,0.2405,0.2414,0.2372,0.2394,331081.6
1698213600000.0,0.2397,0.243,0.2365,0.2407,306748.9
1698217200000.0,0.2407,0.2416,0.233,0.236,425323.0
1698220800000.0,0.2361,0.2424,0.2345,0.2404,217261.9
1698224400000.0,0.2407,0.2434,0.2386,0.241,181328.3
1698228000000.0,0.2413,0.2446,0.2408,0.2437,98293.3
1698231600000.0,0.2434,0.2441,0.2418,0.2434,167225.7
1698235200000.0,0.2437,0.2446,0.2401,0.2428,63894.8
1698238800000.0,0.2428,0.2429,0.2412,0.2415,238895.9
1698242400000.0,0.2413,0.249,0.2394,0.2438,284447.5
1698246000000.0,0.2445,0.2448,0.2365,0.2387,469853.3
1698249600000.0,0.2387,0.2406,0.2265,0.2268,909771.7
1698253200000.0,0.2268,0.2288,0.2215,0.223,500292.5
1698256800000.0,0.223,0.2317,0.2227,0.2295,519356.1
1698260400000.0,0.2293,0.2296,0.2261,0.2271,226060.8
1698264000000.0,0.227,0.2308,0.227,0.2287,177322.5
1698267600000.0,0.2288,0.2322,0.2288,0.2318,107559.7
1698271200000.0,0.2321,0.2367,0.2321,0.2334,244113.4
1698274800000.0,0.2336,0.2342,0.2313,0.2324,136053.0
1698278400000.0,0.2325,0.2346,0.2284,0.233,218537.1
1698282000000.0,0.2329,0.2342,0.2057,0.2134,1426978.6
1698285600000.0,0.2136,0.217,0.2107,0.2164,669849.5
1698289200000.0,0.2167,0.2479,0.2167,0.2439,1359930.2
1698292800000.0,0.2435,0.2435,0.2248,0.2268,1137380.8
1698296400000.0,0.2269,0.229,0.2246,0.2254,362981.3
1698300000000.0,0.2249,0.2321,0.2247,0.2314,174053.9
1698303600000.0,0.2311,0.2328,0.2273,0.2276,247817.0
1698307200000.0,0.2278,0.229,0.2233,0.2275,139476.3
1698310800000.0,0.2272,0.2284,0.2243,0.2263,52249.3
1698314400000.0,0.226,0.2266,0.2239,0.2251,44509.5
1698318000000.0,0.2252,0.2266,0.2185,0.2231,519142.8
1698321600000.0,0.2233,0.2262,0.2228,0.2262,122975.0
1698325200000.0,0.2262,0.2284,0.225,0.2252,297293.4
1698328800000.0,0.2251,0.2329,0.2188,0.2308,536250.1
1698332400000.0,0.2309,0.2386,0.2283,0.2356,445527.7
1698336000000.0,0.2354,0.2357,0.229,0.2313,746216.0
1698339600000.0,0.2316,0.2321,0.2284,0.2307,145091.5
1698343200000.0,0.2304,0.2318,0.2286,0.2317,157355.0
1698346800000.0,0.2319,0.2347,0.2316,0.2334,251969.4
1698350400000.0,0.233,0.2332,0.2288,0.2297,188875.3
1698354000000.0,0.2297,0.2297,0.2261,0.2282,167885.9
1698357600000.0,0.2287,0.2318,0.2264,0.2271,352979.4
1698361200000.0,0.2272,0.232,0.2224,0.2319,565873.9
1698364800000.0,0.2321,0.2325,0.22,0.2219,164681.5
1698368400000.0,0.222,0.2222,0.2153,0.2161,385484.7
1698372000000.0,0.2164,0.2191,0.2152,0.2155,118774.4
1698375600000.0,0.2158,0.2179,0.2152,0.2179,199505.2
1698379200000.0,0.2178,0.2186,0.216,0.2161,33022.0
1698382800000.0,0.2164,0.2168,0.2135,0.2163,170943.2
1698386400000.0,0.2162,0.2216,0.2153,0.2202,159005.9
1698390000000.0,0.2201,0.2234,0.2201,0.2225,152078.4
1698393600000.0,0.2225,0.2225,0.2154,0.2174,361553.9
1698397200000.0,0.2174,0.2189,0.2172,0.2174,32194.3
1698400800000.0,0.2171,0.2172,0.2154,0.2154,64473.9
1698404400000.0,0.2157,0.216,0.2133,0.216,330682.3
1698408000000.0,0.2155,0.2183,0.2145,0.218,64818.0
1698411600000.0,0.2179,0.2198,0.2178,0.2183,131700.3
1698415200000.0,0.2181,0.2196,0.2161,0.2176,152490.6
1698418800000.0,0.2176,0.2213,0.217,0.2199,188081.2
1698422400000.0,0.22,0.2204,0.2143,0.2154,81215.4
1698426000000.0,0.2152,0.2157,0.2107,0.2119,317291.3
1698429600000.0,0.2119,0.2126,0.2084,0.211,337192.3
1698433200000.0,0.2113,0.213,0.211,0.2128,177550.7
1698436800000.0,0.213,0.2133,0.2127,0.2132,168061.5
1698440400000.0,0.2131,0.2131,0.2111,0.2115,223631.4
1698444000000.0,0.2113,0.2113,0.2093,0.2095,46692.4
1698447600000.0,0.2096,0.2111,0.209,0.2095,101075.7
1698451200000.0,0.2097,0.2115,0.2086,0.2112,316592.1
1698454800000.0,0.2108,0.2123,0.2075,0.2082,236527.8
1698458400000.0,0.2086,0.2115,0.2055,0.2103,245291.4
1698462000000.0,0.2104,0.2127,0.2104,0.2122,103447.9
1698465600000.0,0.2124,0.2124,0.2076,0.2111,175849.6
1698469200000.0,0.211,0.2127,0.2099,0.21,38523.9
1698472800000.0,0.21,0.2108,0.2074,0.2101,119972.6
1698476400000.0,0.2096,0.2099,0.2079,0.2084,124633.4
1698480000000.0,0.2082,0.2089,0.2064,0.207,64176.7
1698483600000.0,0.2065,0.2094,0.2024,0.2091,453211.2
1698487200000.0,0.2089,0.2102,0.2076,0.2099,300448.9
1698490800000.0,0.2096,0.2102,0.2084,0.2099,63394.9
1698494400000.0,0.2101,0.2128,0.206,0.2093,550963.4
1698498000000.0,0.2089,0.2129,0.2082,0.2124,319966.7
1698501600000.0,0.2119,0.2121,0.2102,0.2116,148785.1
1698505200000.0,0.2118,0.2146,0.2111,0.2143,155649.8
1698508800000.0,0.214,0.2176,0.2133,0.2165,160932.2
1698512400000.0,0.2164,0.2176,0.2154,0.2164,220438.8
1698516000000.0,0.2161,0.2161,0.2137,0.214,89615.5
1698519600000.0,0.214,0.214,0.2117,0.2124,118108.4
1698523200000.0,0.2121,0.2126,0.2109,0.2116,149267.0
1698526800000.0,0.2118,0.2138,0.2118,0.2133,46060.7
1698530400000.0,0.2138,0.214,0.2116,0.2121,10266.9
1698534000000.0,0.2119,0.2119,0.2101,0.2101,77982.1
1698537600000.0,0.2104,0.2137,0.21,0.2107,108540.9
1698541200000.0,0.2109,0.212,0.2076,0.2116,172799.4
1698544800000.0,0.2117,0.2168,0.2104,0.2161,110837.9
1698548400000.0,0.2164,0.2174,0.2103,0.2107,125403.0
1698552000000.0,0.2104,0.2115,0.2094,0.2102,51872.6
1698555600000.0,0.2098,0.2105,0.2089,0.2105,40146.9
1698559200000.0,0.2104,0.2133,0.2099,0.2131,61511.3
1698562800000.0,0.2135,0.2148,0.2071,0.2077,107094.4
1698566400000.0,0.2074,0.2074,0.2005,0.2063,368270.7
1698570000000.0,0.2061,0.2095,0.2048,0.2083,89213.6
1698573600000.0,0.2082,0.2136,0.2078,0.2136,160831.5
1698577200000.0,0.2137,0.216,0.2119,0.216,50804.8
1698580800000.0,0.216,0.2289,0.2146,0.2257,712125.1
1698584400000.0,0.2258,0.2428,0.221,0.2403,964082.0
1698588000000.0,0.2404,0.2419,0.2281,0.2374,776433.5
1698591600000.0,0.2377,0.2444,0.2345,0.2432,448119.2
1698595200000.0,0.2434,0.2532,0.2408,0.2488,844317.7
1698598800000.0,0.2488,0.2536,0.2476,0.2514,394364.2
1698602400000.0,0.2517,0.2547,0.2493,0.25,541847.4
1698606000000.0,0.25,0.2557,0.2485,0.2532,897698.9
1698609600000.0,0.2534,0.2559,0.2505,0.255,273316.5
1698613200000.0,0.2552,0.2589,0.2545,0.2558,187901.1
1698616800000.0,0.2554,0.2593,0.2554,0.2565,382718.4
1698620400000.0,0.2567,0.2584,0.2549,0.2574,203131.0
1698624000000.0,0.2571,0.2662,0.2536,0.2622,260890.2
1698627600000.0,0.2617,0.2832,0.2611,0.2779,858909.9
1698631200000.0,0.2771,0.2828,0.2763,0.2806,822464.1
1698634800000.0,0.2803,0.2818,0.2758,0.279,457488.2
1698638400000.0,0.2794,0.2873,0.2782,0.2811,523748.3
1698642000000.0,0.2814,0.2833,0.2782,0.2782,304899.2
1698645600000.0,0.2784,0.2888,0.2775,0.2845,231907.1
1698649200000.0,0.2843,0.29,0.2771,0.2836,336281.4
1698652800000.0,0.2831,0.2885,0.2811,0.2872,164313.2
1698656400000.0,0.2876,0.2884,0.2757,0.2838,147231.2
1698660000000.0,0.2836,0.2861,0.2817,0.2844,140456.9
1698663600000.0,0.2843,0.2912,0.2843,0.2856,822908.3
1698667200000.0,0.2856,0.2895,0.2826,0.2838,191024.9
1698670800000.0,0.2841,0.2976,0.283,0.2941,497783.6
1698674400000.0,0.2934,0.2993,0.2798,0.281,731826.8
1698678000000.0,0.281,0.2834,0.273,0.2762,503702.7
1698681600000.0,0.276,0.2842,0.2745,0.2825,157165.6
1698685200000.0,0.2824,0.2848,0.2773,0.2773,535348.5
1698688800000.0,0.2778,0.2836,0.2772,0.2826,258402.7
1698692400000.0,0.2829,0.2831,0.2809,0.2829,175821.7
1698696000000.0,0.2833,0.2862,0.2818,0.283,179881.4
1698699600000.0,0.283,0.2856,0.2823,0.2825,258502.3
1698703200000.0,0.2827,0.2847,0.2807,0.2821,384042.0
1698706800000.0,0.2816,0.284,0.2792,0.2792,475473.5
1698710400000.0,0.2791,0.2841,0.2781,0.2791,582264.0
1698714000000.0,0.2791,0.2864,0.2791,0.2852,263675.7
1698717600000.0,0.285,0.2981,0.2849,0.291,618426.4
1698721200000.0,0.2911,0.3026,0.2911,0.3009,442951.7
1698724800000.0,0.3013,0.3165,0.2944,0.3118,554103.5
1698728400000.0,0.3133,0.3265,0.3121,0.3232,441266.9
1698732000000.0,0.3228,0.337,0.3224,0.3279,403601.9
1698735600000.0,0.3278,0.3355,0.3226,0.3246,431978.0
1698739200000.0,0.3252,0.3413,0.319,0.3351,606525.0
1698742800000.0,0.3353,0.3353,0.3277,0.3313,374468.9
1698746400000.0,0.3309,0.3322,0.2975,0.3003,549588.2
1698750000000.0,0.3005,0.3092,0.2965,0.3026,308068.5
1698753600000.0,0.3023,0.3042,0.2955,0.2991,445729.0
1698757200000.0,0.2993,0.3016,0.2942,0.2981,265852.4
1698760800000.0,0.2978,0.3033,0.2977,0.3002,274444.9
1698764400000.0,0.2997,0.2998,0.287,0.2943,431123.7
1698768000000.0,0.2942,0.3016,0.2924,0.2956,393953.3
1698771600000.0,0.2957,0.3004,0.2949,0.3004,111202.5
1698775200000.0,0.3,0.3003,0.2941,0.2992,440960.8
1698778800000.0,0.2991,0.3021,0.298,0.2984,294839.1
1698782400000.0,0.298,0.3013,0.2976,0.2991,166634.5
1698786000000.0,0.2985,0.3009,0.296,0.2996,210478.5
1698789600000.0,0.2992,0.3008,0.2983,0.2985,113065.2
1698793200000.0,0.2984,0.2984,0.2925,0.2959,209608.0
1698796800000.0,0.2963,0.2963,0.291,0.2956,63949.2
1698800400000.0,0.296,0.3007,0.296,0.296,157490.8
1698804000000.0,0.2957,0.3024,0.2957,0.2994,145794.8
1698807600000.0,0.2997,0.3005,0.2947,0.2969,71844.9
1698811200000.0,0.297,0.2982,0.2956,0.2966,12718.0
1698814800000.0,0.2969,0.2977,0.2902,0.2914,106493.4
1698818400000.0,0.2918,0.3022,0.2914,0.2997,70477.4
1698822000000.0,0.3001,0.3068,0.2989,0.2996,283362.8
1698825600000.0,0.2997,0.3003,0.2831,0.2847,271012.5
1698829200000.0,0.2839,0.3033,0.2808,0.2997,653612.5
1698832800000.0,0.3001,0.3013,0.2942,0.2956,90938.5
1698836400000.0,0.2956,0.3022,0.2956,0.3005,146310.4
1698840000000.0,0.3001,0.3009,0.2976,0.2989,132115.2
1698843600000.0,0.2993,0.301,0.2939,0.2974,263683.7
1698847200000.0,0.2973,0.3033,0.293,0.2963,193330.9
1698850800000.0,0.296,0.2973,0.2921,0.2954,143342.5
1698854400000.0,0.2953,0.297,0.2926,0.293,31416.3
1698858000000.0,0.293,0.2946,0.2896,0.2914,352463.4
1698861600000.0,0.2915,0.3007,0.2901,0.299,188676.4
1698865200000.0,0.2997,0.3003,0.2903,0.2926,386388.9
1698868800000.0,0.2922,0.3016,0.2922,0.3016,255081.4
1698872400000.0,0.3017,0.3017,0.2948,0.2985,230598.9
1698876000000.0,0.2989,0.3,0.2932,0.2934,62345.8
1698879600000.0,0.2931,0.2941,0.291,0.2914,258145.7
1698883200000.0,0.2914,0.2968,0.2914,0.2956,430220.5
1698886800000.0,0.296,0.2977,0.2919,0.2928,50353.5
1698890400000.0,0.2926,0.2942,0.2908,0.294,98645.5
1698894000000.0,0.2934,0.2934,0.2866,0.2866,234107.1
1698897600000.0,0.2872,0.2917,0.2869,0.2911,110359.3
1698901200000.0,0.2907,0.2907,0.2835,0.2835,197141.4
1698904800000.0,0.2834,0.2894,0.2831,0.2848,98264.5
1698908400000.0,0.2846,0.286,0.2824,0.2847,84886.0
1698912000000.0,0.285,0.2884,0.2844,0.288,28158.7
1698915600000.0,0.288,0.288,0.2844,0.286,59028.7
1698919200000.0,0.2856,0.2864,0.2841,0.2846,37414.6
1698922800000.0,0.2845,0.2851,0.2831,0.2842,30979.4
1698926400000.0,0.2838,0.2884,0.283,0.2867,32121.5
1698930000000.0,0.2866,0.2888,0.2772,0.2825,163936.5
1698933600000.0,0.2831,0.2905,0.2823,0.288,218744.5
1698937200000.0,0.2879,0.2879,0.2768,0.2777,213950.5
1698940800000.0,0.2782,0.2811,0.2745,0.2798,166583.8
1698944400000.0,0.2794,0.2898,0.2791,0.2897,201469.4
1698948000000.0,0.2898,0.2909,0.286,0.2871,83053.3
1698951600000.0,0.2866,0.2922,0.2866,0.2881,62456.5
1698955200000.0,0.2884,0.2885,0.2813,0.2832,77766.2
1698958800000.0,0.2832,0.2864,0.2817,0.2828,176988.8
1698962400000.0,0.2831,0.2835,0.2795,0.2797,73476.0
1698966000000.0,0.2797,0.2815,0.2792,0.2795,26286.8
1698969600000.0,0.2801,0.2814,0.2765,0.2773,134051.8
1698973200000.0,0.2771,0.2771,0.2693,0.2745,319294.6
1698976800000.0,0.2748,0.2856,0.2748,0.2847,127009.3
1698980400000.0,0.2847,0.2874,0.2811,0.2865,117303.7
1698984000000.0,0.2864,0.2878,0.2792,0.2827,199667.6
1698987600000.0,0.2831,0.2834,0.2789,0.2811,166271.1
1698991200000.0,0.2807,0.2819,0.2773,0.2778,179770.9
1698994800000.0,0.2775,0.2775,0.2727,0.2748,33635.7
1698998400000.0,0.2746,0.2763,0.2719,0.2736,82852.0
1699002000000.0,0.2736,0.2755,0.2722,0.2745,63652.1
1699005600000.0,0.2742,0.2742,0.269,0.2724,60719.7
1699009200000.0,0.272,0.2721,0.2681,0.2681,60360.4
1699012800000.0,0.2681,0.2735,0.268,0.2704,96571.5
1699016400000.0,0.2708,0.2738,0.2681,0.2729,398621.6
1699020000000.0,0.2729,0.2899,0.272,0.2811,660215.4
1699023600000.0,0.2812,0.2836,0.2747,0.2825,297764.1
1699027200000.0,0.2823,0.2915,0.2808,0.2824,245818.9
1699030800000.0,0.2821,0.2831,0.2773,0.2799,90915.3
1699034400000.0,0.2803,0.2816,0.2771,0.2771,42761.1
1699038000000.0,0.2775,0.2778,0.2751,0.2773,33199.2
1699041600000.0,0.2771,0.2772,0.2736,0.2751,191833.3
1699045200000.0,0.2748,0.279,0.2738,0.2785,47994.2
1699048800000.0,0.279,0.2817,0.277,0.2772,49954.1
1699052400000.0,0.2772,0.2779,0.276,0.2774,21129.7
1699056000000.0,0.2775,0.2802,0.2747,0.2759,69649.6
1699059600000.0,0.2755,0.2771,0.2743,0.2767,31137.4
1699063200000.0,0.2763,0.2858,0.2763,0.2847,81057.9
1699066800000.0,0.285,0.291,0.2803,0.2852,715144.6
1699070400000.0,0.2851,0.286,0.2803,0.2827,215388.2
1699074000000.0,0.2823,0.2855,0.2799,0.2855,35143.4
1699077600000.0,0.2856,0.2981,0.2792,0.2954,516052.2
1699081200000.0,0.2956,0.2973,0.2793,0.2793,185277.1
1699084800000.0,0.2797,0.2797,0.2743,0.2785,207176.6
1699088400000.0,0.2788,0.2825,0.2785,0.2787,189663.4
1699092000000.0,0.2788,0.2804,0.2773,0.2797,224657.9
1699095600000.0,0.2796,0.2803,0.2761,0.2775,111607.5
1699099200000.0,0.2771,0.2787,0.2763,0.2784,158285.0
1699102800000.0,0.2781,0.2781,0.2754,0.2758,39253.4
1699106400000.0,0.2755,0.2765,0.2744,0.2765,63724.6
1699110000000.0,0.2766,0.2782,0.2736,0.2757,38278.4
1699113600000.0,0.2751,0.2792,0.2749,0.2771,29080.8
1699117200000.0,0.2771,0.2794,0.2765,0.2775,71851.5
1699120800000.0,0.2771,0.2771,0.2751,0.2759,8289.6
1699124400000.0,0.2756,0.2768,0.2749,0.2767,31972.4
1699128000000.0,0.2763,0.2777,0.2763,0.2767,55512.7
1699131600000.0,0.2765,0.278,0.2759,0.2775,126426.5
1699135200000.0,0.2775,0.282,0.2774,0.282,44209.1
1699138800000.0,0.2818,0.2827,0.2811,0.2822,31866.9
1699142400000.0,0.2822,0.2842,0.279,0.2838,40530.5
1699146000000.0,0.2835,0.2876,0.2835,0.2876,69109.8
1699149600000.0,0.2876,0.2957,0.2876,0.2955,311788.3
1699153200000.0,0.2956,0.3039,0.295,0.3005,627631.7
1699156800000.0,0.3009,0.3018,0.2942,0.2957,200165.9
1699160400000.0,0.2953,0.2967,0.2915,0.2915,77154.2
1699164000000.0,0.2914,0.2973,0.2907,0.2966,237503.8
1699167600000.0,0.2963,0.2977,0.2949,0.2973,87825.1
1699171200000.0,0.2977,0.301,0.2945,0.2945,63456.9
1699174800000.0,0.295,0.3021,0.295,0.3005,330689.9
1699178400000.0,0.2995,0.3043,0.2987,0.3013,401640.3
1699182000000.0,0.3011,0.3026,0.2972,0.2977,181223.0
1699185600000.0,0.2973,0.2994,0.2936,0.2979,62278.0
1699189200000.0,0.2977,0.2983,0.2822,0.2823,231972.0
1699192800000.0,0.2834,0.2888,0.2834,0.284,315590.5
1699196400000.0,0.2842,0.2842,0.28,0.2834,236266.7
1699200000000.0,0.2828,0.284,0.2799,0.2807,81782.2
1699203600000.0,0.2806,0.2831,0.2798,0.2801,84014.8
1699207200000.0,0.2798,0.2932,0.2781,0.2818,435882.6
1699210800000.0,0.2819,0.2827,0.2793,0.2793,80021.5
1699214400000.0,0.2797,0.2833,0.2797,0.2816,110000.3
1699218000000.0,0.2813,0.2813,0.276,0.2787,186444.5
1699221600000.0,0.2788,0.2798,0.2779,0.2796,49523.1
1699225200000.0,0.2797,0.2826,0.2796,0.28,63637.8
1699228800000.0,0.28,0.28,0.2752,0.2788,203583.7
1699232400000.0,0.2791,0.2816,0.2755,0.2763,99772.4
1699236000000.0,0.2767,0.2782,0.2757,0.2767,106993.5
1699239600000.0,0.2771,0.2775,0.2749,0.2768,111261.3
1699243200000.0,0.2768,0.2796,0.2742,0.2761,109679.3
1699246800000.0,0.2765,0.2768,0.2646,0.2731,546981.1
1699250400000.0,0.2736,0.2739,0.2707,0.2707,25847.6
1699254000000.0,0.2712,0.2727,0.2697,0.2715,116777.5
1699257600000.0,0.2716,0.2741,0.269,0.274,65761.5
1699261200000.0,0.2737,0.2753,0.273,0.2739,27674.6
1699264800000.0,0.2742,0.2764,0.2736,0.2762,48625.8
1699268400000.0,0.2763,0.2773,0.2756,0.2773,52909.7
1699272000000.0,0.2767,0.2767,0.2733,0.2764,69564.9
1699275600000.0,0.2767,0.2773,0.2732,0.274,54600.1
1699279200000.0,0.274,0.2773,0.2738,0.2766,234519.5
1699282800000.0,0.2763,0.2764,0.274,0.2744,183323.5
1699286400000.0,0.2748,0.2817,0.2721,0.2815,324843.1
1699290000000.0,0.2811,0.2823,0.2717,0.2733,241906.3
1699293600000.0,0.2733,0.2733,0.2709,0.2723,27273.5
1699297200000.0,0.2718,0.2756,0.2718,0.2751,164284.4
1699300800000.0,0.2755,0.2757,0.2722,0.2742,87866.7
1699304400000.0,0.2742,0.2754,0.272,0.2752,61172.9
1699308000000.0,0.2751,0.2795,0.2751,0.2791,129937.1
1699311600000.0,0.279,0.2798,0.2777,0.2787,105072.2
1699315200000.0,0.2787,0.2787,0.2691,0.2736,83949.8
1699318800000.0,0.2736,0.2753,0.2725,0.273,166662.6
1699322400000.0,0.2727,0.2745,0.2701,0.2701,109881.7
1699326000000.0,0.2701,0.275,0.2701,0.2736,130313.6
1699329600000.0,0.2738,0.2742,0.2704,0.2719,23404.2
1699333200000.0,0.2719,0.2723,0.2705,0.272,22155.9
1699336800000.0,0.2716,0.2716,0.2697,0.2712,61877.1
1699340400000.0,0.2708,0.2708,0.269,0.2703,57333.8
1699344000000.0,0.2704,0.2757,0.2704,0.2736,69771.9
1699347600000.0,0.2739,0.2739,0.2659,0.2676,215951.1
1699351200000.0,0.2673,0.2698,0.2654,0.2683,73749.8
1699354800000.0,0.2682,0.2701,0.2679,0.2691,53517.5
1699358400000.0,0.2694,0.27,0.2659,0.2697,51858.2
1699362000000.0,0.2697,0.2697,0.2657,0.2673,54175.2
1699365600000.0,0.267,0.2694,0.2664,0.2685,61493.1
1699369200000.0,0.2688,0.2694,0.2627,0.2647,132560.8
1699372800000.0,0.2649,0.2685,0.2644,0.2653,138555.4
1699376400000.0,0.2647,0.2672,0.2617,0.267,92311.0
1699380000000.0,0.2673,0.2727,0.2673,0.272,145793.6
1699383600000.0,0.2724,0.2737,0.2703,0.2724,136512.7
1699387200000.0,0.2727,0.2778,0.2722,0.2768,92579.4
1699390800000.0,0.2765,0.2771,0.2737,0.2756,157061.6
1699394400000.0,0.2755,0.2755,0.2712,0.2723,48933.8
1699398000000.0,0.2722,0.2748,0.2722,0.2748,33897.4
1699401600000.0,0.2749,0.2759,0.2727,0.2747,54740.8
1699405200000.0,0.2748,0.2778,0.2745,0.2755,126574.7
1699408800000.0,0.2756,0.2759,0.2743,0.2743,31062.6
1699412400000.0,0.2746,0.2759,0.2737,0.2753,16864.0
1699416000000.0,0.2752,0.2822,0.2752,0.2816,128219.6
1699419600000.0,0.2823,0.2879,0.2803,0.2879,120375.4
1699423200000.0,0.288,0.2942,0.2862,0.2935,216912.5
1699426800000.0,0.2933,0.2974,0.2889,0.2895,406928.3
1699430400000.0,0.2892,0.2945,0.289,0.2945,205535.7
1699434000000.0,0.2943,0.297,0.2915,0.2967,149642.9
1699437600000.0,0.2966,0.3008,0.2946,0.2978,264758.4
1699441200000.0,0.298,0.298,0.2924,0.2931,316664.1
1699444800000.0,0.2932,0.2993,0.2907,0.2923,364657.1
1699448400000.0,0.2918,0.2938,0.2844,0.286,158146.1
1699452000000.0,0.2861,0.2889,0.2831,0.285,97274.8
1699455600000.0,0.2853,0.2858,0.2823,0.2833,111300.4
1699459200000.0,0.2838,0.2859,0.2811,0.2855,25533.3
1699462800000.0,0.2859,0.2921,0.2846,0.2921,335401.8
1699466400000.0,0.292,0.2957,0.2918,0.2938,208403.5
1699470000000.0,0.2934,0.2966,0.2926,0.2943,43338.8
1699473600000.0,0.2942,0.2966,0.2939,0.2944,34898.9
1699477200000.0,0.2947,0.2961,0.293,0.2954,201274.9
1699480800000.0,0.2956,0.2956,0.2914,0.2917,12719.9
1699484400000.0,0.2918,0.2957,0.2912,0.2924,57598.0
1699488000000.0,0.2922,0.2927,0.2898,0.2898,15120.0
1699491600000.0,0.2903,0.293,0.2881,0.289,24389.6
1699495200000.0,0.2884,0.295,0.2882,0.2928,96502.6
1699498800000.0,0.2926,0.2956,0.2889,0.2928,152786.5
1699502400000.0,0.2926,0.2958,0.2924,0.2942,78398.7
1699506000000.0,0.2942,0.2942,0.2893,0.2895,17993.7
1699509600000.0,0.2898,0.2935,0.2876,0.2927,120624.5
1699513200000.0,0.2926,0.2932,0.2851,0.2872,150506.2
1699516800000.0,0.2872,0.2924,0.2864,0.2922,64386.5
1699520400000.0,0.2918,0.2918,0.2875,0.2897,118121.1
1699524000000.0,0.2894,0.2915,0.288,0.2905,36382.5
1699527600000.0,0.2909,0.291,0.285,0.2869,73509.9
1699531200000.0,0.2873,0.2918,0.2871,0.2882,178957.4
1699534800000.0,0.288,0.2899,0.2834,0.2877,121347.7
1699538400000.0,0.2878,0.2953,0.2859,0.295,397863.5
1699542000000.0,0.2946,0.2975,0.2836,0.2843,331313.5
1699545600000.0,0.2847,0.2867,0.2432,0.2577,1629666.6
1699549200000.0,0.2574,0.2608,0.2546,0.2599,483688.3
1699552800000.0,0.2596,0.2597,0.2502,0.2502,172728.2
1699556400000.0,0.2504,0.2519,0.2464,0.2503,338484.7
1699560000000.0,0.2498,0.25,0.2413,0.2476,289704.5
1699563600000.0,0.2474,0.2526,0.2474,0.2526,179474.0
1699567200000.0,0.2524,0.2581,0.252,0.2581,113101.8
1699570800000.0,0.2581,0.2591,0.2565,0.257,148494.0
1699574400000.0,0.2571,0.2585,0.2522,0.2522,150462.4
1699578000000.0,0.2521,0.2562,0.2512,0.2562,209089.0
1699581600000.0,0.2563,0.2575,0.2544,0.257,198584.4
1699585200000.0,0.2569,0.2587,0.2518,0.2518,216364.2
1699588800000.0,0.2522,0.2544,0.2515,0.2526,63188.4
1699592400000.0,0.2528,0.254,0.2503,0.254,153171.8
1699596000000.0,0.2538,0.2544,0.2505,0.2512,85219.2
1699599600000.0,0.2508,0.252,0.2478,0.2502,126380.2
1699603200000.0,0.2502,0.2512,0.2438,0.25,104168.9
1699606800000.0,0.25,0.2533,0.2498,0.2531,75266.6
1699610400000.0,0.2529,0.2541,0.2504,0.2541,50043.6
1699614000000.0,0.2541,0.2554,0.2513,0.2531,164874.4
1699617600000.0,0.253,0.253,0.2484,0.2513,96770.8
1699621200000.0,0.2512,0.2528,0.2422,0.2422,243656.7
1699624800000.0,0.2425,0.2496,0.2394,0.2481,269510.3
1699628400000.0,0.2481,0.2505,0.2479,0.2483,223781.2
1699632000000.0,0.2483,0.2597,0.2474,0.2551,432855.9
1699635600000.0,0.2554,0.2681,0.2554,0.267,818363.9
1699639200000.0,0.2667,0.2689,0.2592,0.2622,384822.1
1699642800000.0,0.262,0.2651,0.2617,0.2645,194070.6
1699646400000.0,0.2647,0.2653,0.2606,0.2632,88307.0
1699650000000.0,0.2633,0.2651,0.2617,0.2651,159083.8
1699653600000.0,0.2652,0.2664,0.2634,0.2645,53506.3
1699657200000.0,0.2645,0.2666,0.2645,0.2655,111313.0
1699660800000.0,0.2657,0.2674,0.2585,0.2629,426408.5
1699664400000.0,0.2632,0.265,0.2574,0.2615,338965.9
1699668000000.0,0.262,0.265,0.2573,0.2626,243925.7
1699671600000.0,0.2623,0.2623,0.2572,0.2603,112430.3
1699675200000.0,0.2601,0.2628,0.2597,0.2628,163224.1
1699678800000.0,0.2623,0.2636,0.2528,0.2603,613024.3
1699682400000.0,0.2603,0.2644,0.2511,0.2517,513742.0
1699686000000.0,0.2516,0.2558,0.2516,0.2535,49739.9
1699689600000.0,0.2538,0.2564,0.2518,0.2526,54700.1
1699693200000.0,0.2529,0.2604,0.2523,0.259,722010.3
1699696800000.0,0.2589,0.2603,0.257,0.2586,54075.7
1699700400000.0,0.2589,0.2599,0.2565,0.2565,56841.8
1699704000000.0,0.2563,0.2605,0.2553,0.2605,27114.2
1699707600000.0,0.2607,0.2626,0.2599,0.2612,138449.6
1699711200000.0,0.2609,0.2622,0.2599,0.2606,241303.2
1699714800000.0,0.2608,0.2613,0.2595,0.2608,42752.1
1699718400000.0,0.2607,0.265,0.2607,0.2632,139145.0
1699722000000.0,0.2629,0.2629,0.2532,0.255,222613.7
1699725600000.0,0.2552,0.2572,0.2536,0.2536,62087.9
1699729200000.0,0.2541,0.2562,0.2538,0.2558,48257.7
1699732800000.0,0.2555,0.2562,0.2522,0.2522,158488.6
1699736400000.0,0.252,0.2538,0.251,0.2514,94412.1
1699740000000.0,0.2517,0.2517,0.2484,0.2501,162278.5
1699743600000.0,0.2508,0.2511,0.2465,0.2494,153104.3
1699747200000.0,0.2492,0.2501,0.2383,0.2433,257295.4
1699750800000.0,0.2428,0.2472,0.2422,0.2466,91855.3
1699754400000.0,0.2464,0.2475,0.2422,0.2437,30525.7
1699758000000.0,0.2439,0.2464,0.2439,0.2457,79758.9
1699761600000.0,0.2456,0.2469,0.2433,0.2442,70026.3
1699765200000.0,0.2442,0.2454,0.2433,0.2451,75367.8
1699768800000.0,0.2453,0.2504,0.2446,0.2497,60426.2
1699772400000.0,0.2504,0.2672,0.25,0.2574,442999.2
1699776000000.0,0.2575,0.2575,0.2534,0.2545,29315.6
1699779600000.0,0.2541,0.2554,0.2524,0.2547,8822.8
1699783200000.0,0.2544,0.2547,0.2523,0.2535,48028.9
1699786800000.0,0.2535,0.2543,0.2532,0.2532,7835.1
1699790400000.0,0.2535,0.2535,0.2495,0.251,191137.2
1699794000000.0,0.2504,0.2514,0.2487,0.2514,38947.1
1699797600000.0,0.2514,0.2559,0.2513,0.2548,59754.1
1699801200000.0,0.255,0.2559,0.252,0.2523,83286.1
1699804800000.0,0.2526,0.2581,0.251,0.2518,316901.6
1699808400000.0,0.252,0.2529,0.2511,0.2516,44950.7
1699812000000.0,0.2517,0.2536,0.2502,0.2534,45958.6
1699815600000.0,0.2532,0.2535,0.2515,0.253,38639.1
1699819200000.0,0.2529,0.2562,0.2524,0.256,50987.1
1699822800000.0,0.2561,0.2593,0.2549,0.2579,106643.9
1699826400000.0,0.258,0.2583,0.2562,0.2575,41373.9
1699830000000.0,0.2578,0.2587,0.2534,0.2566,88413.4
1699833600000.0,0.2569,0.26,0.2533,0.2597,323870.9
1699837200000.0,0.2598,0.262,0.2586,0.2605,175472.7
1699840800000.0,0.2608,0.2628,0.2588,0.2613,115857.3
1699844400000.0,0.2609,0.2612,0.2524,0.2524,104576.8
1699848000000.0,0.2529,0.2538,0.2475,0.2492,276426.7
1699851600000.0,0.2488,0.2557,0.2475,0.2546,208264.5
1699855200000.0,0.2546,0.2546,0.25,0.2517,73472.2
1699858800000.0,0.2518,0.2541,0.2515,0.252,32219.0
1699862400000.0,0.2517,0.2536,0.2516,0.2536,139895.2
1699866000000.0,0.2538,0.2542,0.2523,0.2528,37213.0
1699869600000.0,0.2532,0.2568,0.2517,0.2565,54010.4
1699873200000.0,0.2565,0.2597,0.2512,0.2521,157916.3
1699876800000.0,0.2523,0.2581,0.2521,0.2577,284508.0
1699880400000.0,0.2581,0.2638,0.2543,0.2636,219087.6
1699884000000.0,0.2641,0.2692,0.2559,0.2599,1157464.7
1699887600000.0,0.2598,0.2612,0.2515,0.2542,202203.1
1699891200000.0,0.2544,0.26,0.2541,0.26,273545.5
1699894800000.0,0.2595,0.2604,0.2532,0.2565,147936.4
1699898400000.0,0.2566,0.2599,0.253,0.2589,140282.6
1699902000000.0,0.2589,0.2614,0.2586,0.2592,110926.9
1699905600000.0,0.2591,0.2602,0.2564,0.2566,89039.1
1699909200000.0,0.2568,0.2578,0.2445,0.2452,366641.2
1699912800000.0,0.2449,0.2514,0.2449,0.248,217173.1
1699916400000.0,0.2479,0.2493,0.2441,0.2443,88000.9
1699920000000.0,0.2446,0.2454,0.236,0.2383,514449.1
1699923600000.0,0.2386,0.2457,0.2381,0.2437,533530.4
1699927200000.0,0.2438,0.2458,0.2436,0.2443,81948.6
1699930800000.0,0.2442,0.2462,0.2425,0.2425,106571.0
1699934400000.0,0.2424,0.2443,0.2414,0.2419,98758.3
1699938000000.0,0.242,0.2444,0.242,0.2441,84982.0
1699941600000.0,0.2442,0.2455,0.2435,0.2446,114857.5
1699945200000.0,0.2443,0.2474,0.2439,0.2465,82938.9
1699948800000.0,0.2461,0.2467,0.2444,0.2467,100949.9
1699952400000.0,0.2464,0.2464,0.2413,0.2414,86537.8
1699956000000.0,0.2413,0.2416,0.2389,0.2401,40597.2
1699959600000.0,0.2398,0.2398,0.2347,0.2374,132538.0
1699963200000.0,0.2374,0.2403,0.2371,0.2403,106490.5
1699966800000.0,0.2403,0.2454,0.2347,0.244,419227.6
1699970400000.0,0.2437,0.2458,0.2434,0.245,75630.0
1699974000000.0,0.245,0.245,0.2389,0.2425,50167.0
1699977600000.0,0.2426,0.2446,0.2425,0.2437,60884.6
1699981200000.0,0.2436,0.2436,0.2386,0.2386,76352.1
1699984800000.0,0.2388,0.2398,0.2227,0.2258,421372.1
1699988400000.0,0.2258,0.2308,0.2245,0.2278,287735.2
1699992000000.0,0.2279,0.232,0.2279,0.2295,161444.2
1699995600000.0,0.2294,0.2323,0.2293,0.2318,117734.7
1699999200000.0,0.2316,0.2336,0.2311,0.233,67742.1
1700002800000.0,0.2333,0.2346,0.2323,0.2323,7969.7
1700006400000.0,0.233,0.2364,0.2324,0.2351,99656.0
1700010000000.0,0.2353,0.2357,0.2329,0.2339,50562.7
1700013600000.0,0.2339,0.2352,0.2333,0.2352,89309.6
1700017200000.0,0.2348,0.2355,0.2338,0.2338,58187.1
1700020800000.0,0.2336,0.2377,0.2336,0.2377,51423.5
1700024400000.0,0.2376,0.241,0.2369,0.2408,62979.8
1700028000000.0,0.2406,0.2411,0.2392,0.2399,34803.3
1700031600000.0,0.2401,0.2412,0.2399,0.2404,61046.5
1700035200000.0,0.2406,0.2422,0.2406,0.2422,22459.9
1700038800000.0,0.2423,0.2425,0.2385,0.2385,53944.9
1700042400000.0,0.2389,0.2393,0.2385,0.2391,43642.3
1700046000000.0,0.2392,0.2413,0.2392,0.24,56012.0
1700049600000.0,0.2401,0.2401,0.2373,0.2377,220001.8
1700053200000.0,0.238,0.238,0.2356,0.2376,69245.8
1700056800000.0,0.2376,0.2382,0.2345,0.2351,88426.4
1700060400000.0,0.2348,0.2374,0.2348,0.2374,56201.9
1700064000000.0,0.2377,0.2392,0.2353,0.2372,64552.8
1700067600000.0,0.2369,0.2369,0.2345,0.2351,85263.2
1700071200000.0,0.2349,0.2408,0.2346,0.2372,365978.5
1700074800000.0,0.2371,0.2393,0.2359,0.2393,282571.7
1700078400000.0,0.2395,0.2398,0.2365,0.237,99596.3
1700082000000.0,0.237,0.237,0.2317,0.2334,114788.9
1700085600000.0,0.2334,0.2368,0.2332,0.2363,44202.6
1700089200000.0,0.236,0.2397,0.2355,0.2383,89957.2
1700092800000.0,0.2383,0.2461,0.2366,0.2456,239378.0
1700096400000.0,0.2456,0.2479,0.241,0.241,318370.8
1700100000000.0,0.2408,0.2455,0.2393,0.2434,64167.9
1700103600000.0,0.2435,0.244,0.2411,0.2424,21450.4
1700107200000.0,0.2419,0.2422,0.2405,0.2422,16621.1
1700110800000.0,0.2419,0.2425,0.2395,0.2425,29122.0
1700114400000.0,0.2428,0.2432,0.2407,0.2417,8805.5
1700118000000.0,0.2417,0.2424,0.2404,0.2404,18944.1
1700121600000.0,0.2407,0.2407,0.2346,0.236,100235.4
1700125200000.0,0.2357,0.2365,0.2323,0.2347,200767.2
1700128800000.0,0.2345,0.242,0.2345,0.2377,136925.6
1700132400000.0,0.238,0.2398,0.2348,0.2351,32541.7
1700136000000.0,0.2348,0.2364,0.2334,0.2359,56787.7
1700139600000.0,0.2357,0.2444,0.2337,0.2369,152715.9
1700143200000.0,0.2374,0.2413,0.2346,0.2404,61969.9
1700146800000.0,0.2401,0.2452,0.2381,0.2404,154983.3
1700150400000.0,0.2401,0.2401,0.2374,0.2392,69794.9
1700154000000.0,0.239,0.2447,0.2389,0.2415,62875.1
1700157600000.0,0.241,0.2425,0.2398,0.2419,30512.1
1700161200000.0,0.2419,0.2422,0.2333,0.2409,71478.5
1700164800000.0,0.241,0.2419,0.2382,0.2389,98132.0
1700168400000.0,0.2392,0.2404,0.2346,0.2396,45863.9
1700172000000.0,0.2395,0.243,0.2392,0.2407,40268.0
1700175600000.0,0.241,0.2429,0.2377,0.2429,48202.9
1700179200000.0,0.2424,0.2453,0.2413,0.2452,164913.2
1700182800000.0,0.2449,0.2471,0.2429,0.2465,87125.0
1700186400000.0,0.247,0.247,0.2444,0.2458,26888.9
1700190000000.0,0.2455,0.2455,0.2432,0.2443,58317.4
1700193600000.0,0.2446,0.2449,0.2401,0.2401,11061.2
1700197200000.0,0.2407,0.2424,0.2399,0.2422,6624.0
1700200800000.0,0.2425,0.2428,0.2416,0.2416,24168.8
1700204400000.0,0.2419,0.2419,0.238,0.238,5214.8
1700208000000.0,0.2383,0.2425,0.2383,0.2419,10079.4
1700211600000.0,0.2422,0.2517,0.2407,0.2416,317649.3
1700215200000.0,0.2413,0.2413,0.2353,0.2368,173372.3
1700218800000.0,0.2371,0.2384,0.2319,0.2329,160418.0
1700222400000.0,0.2327,0.2327,0.2292,0.2327,89095.6
1700226000000.0,0.233,0.2373,0.2312,0.2318,102820.9
1700229600000.0,0.2321,0.233,0.2274,0.2296,542994.1
1700233200000.0,0.2299,0.2407,0.2278,0.2357,151908.5
1700236800000.0,0.236,0.24,0.233,0.2374,127247.9
1700240400000.0,0.2376,0.2425,0.2376,0.2419,231663.6
1700244000000.0,0.2416,0.2426,0.2386,0.2406,211225.9
1700247600000.0,0.241,0.241,0.2377,0.239,189513.4
1700251200000.0,0.2389,0.2401,0.2365,0.2382,38584.9
1700254800000.0,0.2382,0.2389,0.2368,0.2381,7849.0
1700258400000.0,0.2383,0.2416,0.2383,0.2413,16289.5
1700262000000.0,0.241,0.242,0.2398,0.242,87247.1
1700265600000.0,0.2416,0.242,0.2395,0.2407,15669.8
1700269200000.0,0.241,0.2422,0.2401,0.2419,6463.2
1700272800000.0,0.2422,0.2434,0.2413,0.243,4246.1
1700276400000.0,0.2428,0.2428,0.2383,0.2383,11342.8
1700280000000.0,0.2385,0.243,0.2385,0.2419,11446.7
1700283600000.0,0.2416,0.2419,0.2387,0.2389,6786.7
1700287200000.0,0.2387,0.2416,0.2369,0.2374,15724.3
1700290800000.0,0.2371,0.2425,0.2335,0.2419,31450.4
1700294400000.0,0.2421,0.2476,0.2377,0.2423,98306.7
1700298000000.0,0.2425,0.2435,0.2363,0.2375,25711.2
1700301600000.0,0.2375,0.2401,0.2368,0.2401,32335.5
1700305200000.0,0.2398,0.2398,0.2358,0.2363,3447.7
1700308800000.0,0.236,0.2368,0.235,0.235,21808.3
1700312400000.0,0.2351,0.2421,0.2336,0.2401,337891.7
1700316000000.0,0.2404,0.2449,0.2404,0.2416,69820.2
1700319600000.0,0.2419,0.2426,0.2395,0.2419,229850.1
1700323200000.0,0.2419,0.2442,0.2404,0.2404,129526.9
1700326800000.0,0.2404,0.2415,0.2404,0.241,92360.0
1700330400000.0,0.2411,0.2433,0.24,0.2433,11463.0
1700334000000.0,0.2428,0.2434,0.2422,0.2425,1640.0
1700337600000.0,0.2422,0.2431,0.2411,0.2415,20781.2
1700341200000.0,0.2415,0.2424,0.2414,0.2414,6700.5
1700344800000.0,0.2413,0.2422,0.2404,0.2422,13944.2
1700348400000.0,0.2419,0.2432,0.2419,0.2428,4904.2
1700352000000.0,0.2424,0.2425,0.2382,0.2382,32821.5
1700355600000.0,0.2386,0.2393,0.2355,0.2377,22335.9
1700359200000.0,0.2378,0.2387,0.2368,0.2382,11451.0
1700362800000.0,0.2381,0.2401,0.2375,0.2401,2759.9
1700366400000.0,0.2404,0.2404,0.2371,0.2381,3285.9
1700370000000.0,0.2377,0.2388,0.2377,0.2384,70810.7
1700373600000.0,0.238,0.2404,0.238,0.2401,8558.5
1700377200000.0,0.2402,0.2406,0.2395,0.2395,31858.1
1700380800000.0,0.2392,0.2408,0.2392,0.2398,19118.7
1700384400000.0,0.2395,0.2409,0.2389,0.2407,14332.2
1700388000000.0,0.2406,0.241,0.2399,0.2402,10727.4
1700391600000.0,0.2402,0.2407,0.2395,0.2404,1351.8
1700395200000.0,0.2405,0.2407,0.2386,0.2397,4289.0
1700398800000.0,0.2397,0.2404,0.2395,0.2397,12359.2
1700402400000.0,0.2397,0.2398,0.2389,0.2395,5794.7
1700406000000.0,0.2392,0.2407,0.2389,0.2401,7081.3
1700409600000.0,0.2404,0.2407,0.2395,0.2395,32399.2
1700413200000.0,0.2399,0.2413,0.2397,0.2401,19318.7
1700416800000.0,0.2403,0.2432,0.2401,0.2432,14715.1
1700420400000.0,0.2433,0.2438,0.2425,0.2438,207954.8
1700424000000.0,0.2438,0.2443,0.2425,0.2442,109616.4
1700427600000.0,0.2442,0.2446,0.2434,0.2437,14854.8
1700431200000.0,0.244,0.2443,0.2422,0.2423,24081.8
1700434800000.0,0.2425,0.2458,0.2425,0.2442,68668.4
1700438400000.0,0.2446,0.2464,0.2431,0.2464,24556.5
1700442000000.0,0.2461,0.2466,0.2449,0.2449,244844.5
1700445600000.0,0.245,0.2454,0.2445,0.2454,3477.9
1700449200000.0,0.2455,0.2458,0.2439,0.245,23223.2
1700452800000.0,0.2446,0.2475,0.2442,0.2475,55834.9
1700456400000.0,0.2474,0.2491,0.2452,0.2475,51784.9
1700460000000.0,0.2471,0.2544,0.247,0.2544,59435.0
1700463600000.0,0.2544,0.2575,0.2517,0.2572,128198.2
1700467200000.0,0.2571,0.2654,0.2565,0.262,291827.7
1700470800000.0,0.2619,0.2619,0.2545,0.2574,126857.1
1700474400000.0,0.2577,0.2595,0.2562,0.2576,31850.4
1700478000000.0,0.2577,0.2589,0.2535,0.2544,313247.8
1700481600000.0,0.2547,0.2563,0.2535,0.2558,7974.8
1700485200000.0,0.256,0.2574,0.2539,0.2539,23749.1
1700488800000.0,0.2542,0.2585,0.2518,0.258,32931.0
1700492400000.0,0.2577,0.26,0.2565,0.2583,17036.1
1700496000000.0,0.2586,0.2598,0.2564,0.2571,41976.8
1700499600000.0,0.2569,0.2625,0.2563,0.2623,120257.0
1700503200000.0,0.2626,0.2628,0.2572,0.2573,68589.8
1700506800000.0,0.2571,0.2571,0.2523,0.2538,11733.5
1700510400000.0,0.2541,0.2547,0.2523,0.2525,16246.1
1700514000000.0,0.2523,0.2523,0.2481,0.2499,147396.0
1700517600000.0,0.25,0.2523,0.2487,0.2505,82135.8
1700521200000.0,0.2508,0.2515,0.2495,0.2503,5702.8
1700524800000.0,0.2498,0.2554,0.2498,0.2554,38667.5
1700528400000.0,0.2554,0.2554,0.2529,0.2535,45816.6
1700532000000.0,0.2533,0.2533,0.2464,0.247,127403.6
1700535600000.0,0.2473,0.2494,0.2473,0.2489,24527.6
1700539200000.0,0.2491,0.2494,0.2468,0.2476,8527.5
1700542800000.0,0.2479,0.2491,0.2477,0.2487,139077.5
1700546400000.0,0.2485,0.2494,0.2473,0.2473,16959.0
1700550000000.0,0.247,0.247,0.2441,0.2441,415819.2
1700553600000.0,0.2445,0.2454,0.2445,0.2454,8110.2
1700557200000.0,0.2455,0.2467,0.2449,0.2449,815.6
1700560800000.0,0.2447,0.2455,0.2446,0.2446,4231.6
1700564400000.0,0.2449,0.2449,0.241,0.241,149189.3
1700568000000.0,0.2413,0.2422,0.2409,0.2419,26365.8
1700571600000.0,0.2418,0.2426,0.241,0.2416,5801.9
1700575200000.0,0.2413,0.2413,0.2383,0.2413,42024.5
1700578800000.0,0.2416,0.2419,0.233,0.2398,70722.5
1700582400000.0,0.2401,0.2407,0.2371,0.2395,16951.7
1700586000000.0,0.2392,0.2392,0.2298,0.2316,26457.9
1700589600000.0,0.2314,0.2314,0.225,0.229,95758.3
1700593200000.0,0.2287,0.2336,0.2287,0.2318,96118.3
1700596800000.0,0.2316,0.2375,0.2305,0.2334,13793.9
1700600400000.0,0.2333,0.2345,0.2309,0.2313,93110.7
1700604000000.0,0.2311,0.2311,0.2248,0.2299,157214.1
1700607600000.0,0.2296,0.2383,0.2281,0.2333,71653.1
1700611200000.0,0.2331,0.244,0.233,0.241,251953.0
1700614800000.0,0.2413,0.2418,0.2395,0.2396,107083.0
1700618400000.0,0.2401,0.2425,0.238,0.2418,89036.8
1700622000000.0,0.2416,0.2416,0.2391,0.24,8312.4
1700625600000.0,0.2395,0.2408,0.239,0.24,68691.2
1700629200000.0,0.2401,0.2419,0.2398,0.2398,14630.0
1700632800000.0,0.2401,0.2439,0.2401,0.2436,151622.2
1700636400000.0,0.2439,0.2444,0.241,0.2416,14363.0
1700640000000.0,0.2419,0.2468,0.2416,0.2464,28438.7
1700643600000.0,0.2461,0.2478,0.2449,0.2475,12354.2
1700647200000.0,0.2478,0.2482,0.2458,0.2477,8619.2
1700650800000.0,0.2482,0.2504,0.2471,0.2482,17327.9
1700654400000.0,0.2484,0.2547,0.2484,0.2526,44652.0
1700658000000.0,0.2532,0.255,0.25,0.2503,27277.3
1700661600000.0,0.2508,0.2529,0.2504,0.2523,32991.2
1700665200000.0,0.2521,0.258,0.2517,0.2562,26809.4
1700668800000.0,0.2565,0.2598,0.2533,0.2558,335609.4
1700672400000.0,0.2555,0.2583,0.2538,0.2557,143841.2
1700676000000.0,0.256,0.2678,0.2554,0.2658,239851.8
1700679600000.0,0.2654,0.27,0.2644,0.2682,798960.7
1700683200000.0,0.2685,0.2751,0.2666,0.2742,322526.0
1700686800000.0,0.2745,0.2794,0.2682,0.27,174620.1
1700690400000.0,0.2704,0.2716,0.2576,0.2583,188698.9
1700694000000.0,0.2585,0.2593,0.2564,0.259,49150.0
1700697600000.0,0.2594,0.2595,0.2531,0.2552,59242.4
1700701200000.0,0.2554,0.2571,0.2552,0.2556,8542.1
1700704800000.0,0.2554,0.2554,0.2523,0.2523,23797.4
1700708400000.0,0.2522,0.253,0.2508,0.253,16034.5
1700712000000.0,0.2526,0.2554,0.2523,0.2538,18388.9
1700715600000.0,0.2535,0.2566,0.253,0.2562,11654.3
1700719200000.0,0.2566,0.2621,0.2566,0.2568,29434.7
1700722800000.0,0.2569,0.2577,0.2561,0.2574,14495.6
1700726400000.0,0.2576,0.2583,0.256,0.2577,3486.0
1700730000000.0,0.2578,0.2578,0.2554,0.2558,14270.5
1700733600000.0,0.2554,0.2554,0.2529,0.2529,14712.0
1700737200000.0,0.2531,0.2538,0.2515,0.253,9070.9
1700740800000.0,0.253,0.2532,0.2509,0.2509,8105.7
1700744400000.0,0.2509,0.255,0.2504,0.2535,223707.8
1700748000000.0,0.2538,0.2555,0.2509,0.2526,226231.2
1700751600000.0,0.2525,0.2529,0.2502,0.2508,24613.1
1700755200000.0,0.2511,0.2524,0.2456,0.2478,110405.1
1700758800000.0,0.2481,0.2494,0.2476,0.2478,26952.1
1700762400000.0,0.248,0.2485,0.247,0.247,11115.6
1700766000000.0,0.2473,0.2473,0.2453,0.2468,50927.8
1700769600000.0,0.2467,0.2477,0.2457,0.2461,92104.7
1700773200000.0,0.2462,0.2472,0.246,0.2472,10605.7
1700776800000.0,0.2472,0.2483,0.2467,0.2483,6071.3
1700780400000.0,0.2485,0.2485,0.2464,0.2471,7074.5
1700784000000.0,0.2467,0.2467,0.2432,0.2455,62115.9
1700787600000.0,0.2458,0.2469,0.2445,0.2445,19777.1
1700791200000.0,0.2445,0.2461,0.2444,0.2461,11712.1
1700794800000.0,0.2463,0.2467,0.2455,0.2467,51584.3
1700798400000.0,0.2466,0.247,0.2464,0.2467,990.0
1700802000000.0,0.2467,0.2476,0.246,0.2476,19177.1
1700805600000.0,0.2478,0.248,0.246,0.246,45104.0
1700809200000.0,0.246,0.2473,0.2453,0.2473,7592.1
1700812800000.0,0.2473,0.2473,0.246,0.246,150551.2
1700816400000.0,0.246,0.2486,0.2458,0.2472,107694.6
1700820000000.0,0.2472,0.2473,0.2453,0.2453,62722.4
1700823600000.0,0.2452,0.247,0.2448,0.2452,80473.6
1700827200000.0,0.2451,0.2461,0.2428,0.2434,6990.8
1700830800000.0,0.2431,0.2444,0.2427,0.2444,52118.4
1700834400000.0,0.2446,0.2452,0.2434,0.2446,13115.5
1700838000000.0,0.2451,0.2474,0.2448,0.2465,46630.0
1700841600000.0,0.2465,0.2472,0.2425,0.2437,45848.5
1700845200000.0,0.2434,0.2452,0.2434,0.2443,24772.8
1700848800000.0,0.2443,0.2446,0.2437,0.244,10841.7
1700852400000.0,0.2437,0.2437,0.2425,0.2429,3278.8
1700856000000.0,0.2427,0.2433,0.242,0.2433,125048.2
1700859600000.0,0.243,0.2435,0.2427,0.243,19753.0
1700863200000.0,0.2428,0.2433,0.2409,0.2425,44720.5
1700866800000.0,0.2425,0.243,0.241,0.2428,9321.6
1700870400000.0,0.2426,0.2433,0.2406,0.242,32511.2
1700874000000.0,0.2425,0.2453,0.2425,0.2453,20394.7
1700877600000.0,0.2452,0.2462,0.2445,0.246,13384.3
1700881200000.0,0.2462,0.2482,0.2462,0.2477,41474.6
1700884800000.0,0.2482,0.252,0.2477,0.2515,103407.4
1700888400000.0,0.2517,0.2517,0.2462,0.2462,25732.7
1700892000000.0,0.2467,0.2469,0.245,0.2452,13301.6
1700895600000.0,0.2455,0.247,0.245,0.247,4111.7
1700899200000.0,0.2467,0.2467,0.2436,0.2436,2647.1
1700902800000.0,0.2438,0.2443,0.2438,0.244,3315.8
1700906400000.0,0.2437,0.2479,0.2427,0.2475,46126.1
1700910000000.0,0.2475,0.2475,0.244,0.2446,13077.6
1700913600000.0,0.2447,0.245,0.2441,0.2444,6847.4
1700917200000.0,0.244,0.2452,0.2437,0.2449,10530.0
1700920800000.0,0.2446,0.2467,0.2446,0.2467,38117.8
1700924400000.0,0.2464,0.247,0.2454,0.2456,22967.4
1700928000000.0,0.2455,0.2479,0.2455,0.2479,39579.6
1700931600000.0,0.2482,0.2483,0.2476,0.248,3847.0
1700935200000.0,0.2482,0.2486,0.248,0.2481,5178.6
1700938800000.0,0.2479,0.2484,0.247,0.2471,5543.8
1700942400000.0,0.2472,0.249,0.2472,0.249,31124.9
1700946000000.0,0.2485,0.2486,0.2476,0.2485,37341.7
1700949600000.0,0.2482,0.2497,0.2479,0.2497,5776.4
1700953200000.0,0.2494,0.251,0.2492,0.2509,6426.4
1700956800000.0,0.2511,0.2569,0.2508,0.2569,99870.8
1700960400000.0,0.2569,0.2571,0.2514,0.2517,44497.5
1700964000000.0,0.2518,0.2559,0.2502,0.2555,41869.0
1700967600000.0,0.2554,0.2554,0.2491,0.2491,49718.2
1700971200000.0,0.2494,0.2495,0.2458,0.2478,52181.3
1700974800000.0,0.2474,0.2507,0.2474,0.2497,5047.5
1700978400000.0,0.2494,0.2501,0.2479,0.2493,4953.3
1700982000000.0,0.2494,0.2503,0.249,0.249,1708.3
1700985600000.0,0.2493,0.2508,0.2471,0.2471,9870.9
1700989200000.0,0.247,0.2489,0.2469,0.2489,20416.7
1700992800000.0,0.2485,0.249,0.2467,0.2467,50867.7
1700996400000.0,0.247,0.2479,0.2446,0.2449,38643.6
1701000000000.0,0.2452,0.2479,0.2439,0.2479,100293.2
1701003600000.0,0.2476,0.2479,0.2452,0.247,39158.3
1701007200000.0,0.2467,0.2467,0.2439,0.2447,21777.7
1701010800000.0,0.2443,0.2476,0.2435,0.2436,31127.3
1701014400000.0,0.2434,0.2451,0.237,0.2403,175938.5
1701018000000.0,0.2401,0.2428,0.2398,0.242,7780.1
1701021600000.0,0.2419,0.243,0.241,0.2413,9042.4
1701025200000.0,0.2416,0.2434,0.2416,0.2434,7024.7
1701028800000.0,0.2435,0.2437,0.242,0.2431,29667.0
1701032400000.0,0.2432,0.2432,0.2407,0.2416,23273.5
1701036000000.0,0.2415,0.243,0.2415,0.2429,34110.1
1701039600000.0,0.2427,0.2427,0.2404,0.2417,13538.6
1701043200000.0,0.2413,0.2425,0.2407,0.2407,2051.3
1701046800000.0,0.241,0.241,0.2386,0.2392,56537.8
1701050400000.0,0.2395,0.2395,0.2377,0.2384,110030.2
1701054000000.0,0.2385,0.2386,0.2357,0.2382,513800.1
1701057600000.0,0.2383,0.2407,0.2382,0.2398,33797.6
1701061200000.0,0.2401,0.2402,0.2383,0.2383,9591.2
1701064800000.0,0.2381,0.2438,0.2381,0.2401,66565.5
1701068400000.0,0.2404,0.241,0.2368,0.2386,101490.0
1701072000000.0,0.2389,0.2428,0.2385,0.241,31069.0
1701075600000.0,0.2413,0.2435,0.2413,0.2425,21578.8
1701079200000.0,0.2422,0.2422,0.2388,0.2407,10660.0
1701082800000.0,0.241,0.2416,0.2379,0.2413,94864.7
1701086400000.0,0.241,0.2428,0.2407,0.2425,11834.9
1701090000000.0,0.2422,0.2443,0.242,0.244,58321.6
1701093600000.0,0.2437,0.2446,0.2415,0.2419,49336.9
1701097200000.0,0.2418,0.2448,0.2412,0.2412,72971.4
1701100800000.0,0.2416,0.2458,0.2416,0.2458,41616.3
1701104400000.0,0.2461,0.247,0.2444,0.2452,105480.3
1701108000000.0,0.2455,0.2461,0.2428,0.2428,78187.3
1701111600000.0,0.2427,0.2436,0.2401,0.241,23707.9
1701115200000.0,0.2413,0.2421,0.236,0.2361,37619.9
1701118800000.0,0.2363,0.2425,0.2363,0.241,31353.6
1701122400000.0,0.2413,0.2425,0.2404,0.2425,853.8
1701126000000.0,0.2427,0.2443,0.2427,0.243,43859.7
1701129600000.0,0.2434,0.2464,0.2434,0.245,115466.1
1701133200000.0,0.2449,0.2449,0.2413,0.2421,60664.6
1701136800000.0,0.2419,0.2419,0.2401,0.241,2950.2
1701140400000.0,0.241,0.2415,0.2404,0.2405,4029.0
1701144000000.0,0.2404,0.2459,0.2379,0.2431,290603.9
1701147600000.0,0.2431,0.2434,0.2332,0.2336,182870.2
1701151200000.0,0.2333,0.2357,0.2332,0.2354,46940.4
1701154800000.0,0.2357,0.2364,0.2317,0.234,12661.6
1701158400000.0,0.2341,0.2341,0.2303,0.2303,55781.0
1701162000000.0,0.2302,0.2398,0.2294,0.2389,77765.4
1701165600000.0,0.2386,0.2404,0.2357,0.238,74841.7
1701169200000.0,0.2378,0.2513,0.2378,0.25,192718.7
1701172800000.0,0.2497,0.2527,0.2482,0.2517,236556.2
1701176400000.0,0.252,0.2528,0.2485,0.2509,68863.0
1701180000000.0,0.2513,0.2543,0.2508,0.2535,122600.1
1701183600000.0,0.2532,0.2535,0.2479,0.2511,131670.3
1701187200000.0,0.2511,0.2564,0.2497,0.2517,92964.9
1701190800000.0,0.2516,0.2542,0.2514,0.2524,36243.8
1701194400000.0,0.2526,0.2539,0.2514,0.252,8568.4
1701198000000.0,0.252,0.2541,0.2517,0.2535,9704.6
1701201600000.0,0.2533,0.2539,0.2523,0.2538,5018.3
1701205200000.0,0.2535,0.2535,0.2512,0.2523,19186.2
1701208800000.0,0.252,0.2523,0.25,0.2505,15963.1
1701212400000.0,0.2508,0.2542,0.2507,0.2532,13869.3
1701216000000.0,0.2535,0.2538,0.2517,0.2526,1907.3
1701219600000.0,0.2529,0.2529,0.2507,0.2511,7198.8
1701223200000.0,0.2508,0.2526,0.2505,0.2524,34737.6
1701226800000.0,0.2524,0.2525,0.2513,0.2524,9610.2
1701230400000.0,0.2521,0.2532,0.252,0.2526,17236.4
1701234000000.0,0.2523,0.2523,0.2485,0.2491,23578.3
1701237600000.0,0.2488,0.2497,0.2487,0.2494,168863.3
1701241200000.0,0.2495,0.25,0.2484,0.2491,8284.2
1701244800000.0,0.2494,0.2508,0.2488,0.2505,14548.0
1701248400000.0,0.2504,0.2532,0.25,0.25,10196.2
1701252000000.0,0.2497,0.25,0.2452,0.2462,27404.5
1701255600000.0,0.2458,0.2471,0.2458,0.2458,6855.2
1701259200000.0,0.2455,0.2455,0.2433,0.2439,33508.5
1701262800000.0,0.2437,0.2459,0.2431,0.2457,25442.0
1701266400000.0,0.2458,0.2468,0.2434,0.2437,15258.1
1701270000000.0,0.244,0.2451,0.2427,0.2451,19719.6
1701273600000.0,0.2446,0.2446,0.2424,0.2431,121072.9
1701277200000.0,0.2428,0.2444,0.2422,0.2444,30540.1
1701280800000.0,0.2446,0.2458,0.2444,0.2458,3667.7
1701284400000.0,0.2461,0.2461,0.2444,0.2461,19228.2
1701288000000.0,0.2464,0.2473,0.2455,0.2455,16906.4
1701291600000.0,0.2458,0.2464,0.2452,0.2458,3849.8
1701295200000.0,0.246,0.2467,0.2458,0.2459,93640.2
1701298800000.0,0.2458,0.2532,0.2451,0.2524,38458.8
1701302400000.0,0.2527,0.2565,0.2474,0.2514,611851.4
1701306000000.0,0.2511,0.2511,0.2483,0.2491,43744.9
1701309600000.0,0.2491,0.25,0.2485,0.25,34417.4
1701313200000.0,0.2504,0.2517,0.2501,0.2517,20258.3
1701316800000.0,0.2517,0.2524,0.2485,0.2485,21488.3
1701320400000.0,0.2483,0.2488,0.2471,0.2488,19342.9
1701324000000.0,0.2491,0.2508,0.2487,0.25,81572.9
1701327600000.0,0.2504,0.2504,0.2488,0.2497,4134.0
1701331200000.0,0.2494,0.2529,0.2494,0.252,18566.1
1701334800000.0,0.2523,0.2535,0.2494,0.2512,201323.9
1701338400000.0,0.2508,0.2511,0.2482,0.2482,23504.3
1701342000000.0,0.248,0.2494,0.2478,0.2494,44628.9
1701345600000.0,0.2497,0.2504,0.2492,0.2496,11018.5
1701349200000.0,0.2491,0.2582,0.2452,0.2577,135518.0
1701352800000.0,0.258,0.2607,0.2473,0.2482,250270.2
1701356400000.0,0.2479,0.2514,0.2479,0.2488,50901.0
1701360000000.0,0.2491,0.2503,0.2488,0.2493,109838.0
1701363600000.0,0.2493,0.2508,0.2493,0.2494,17231.9
1701367200000.0,0.2493,0.2494,0.2485,0.2488,756.9
1701370800000.0,0.2485,0.2507,0.2484,0.2494,44710.6
1701374400000.0,0.2491,0.2494,0.2482,0.2486,96564.8
1701378000000.0,0.2487,0.2508,0.2484,0.2508,30100.0
1701381600000.0,0.2504,0.251,0.2491,0.2493,10778.5
1701385200000.0,0.2488,0.2501,0.2487,0.2501,958.5
1701388800000.0,0.2497,0.2497,0.2466,0.2478,13637.4
1701392400000.0,0.2476,0.2504,0.2473,0.2504,10858.2
1701396000000.0,0.25,0.2516,0.25,0.2511,12835.2
1701399600000.0,0.2508,0.2519,0.2508,0.2514,72517.5
1701403200000.0,0.2513,0.2513,0.25,0.25,12173.6
1701406800000.0,0.25,0.25,0.2491,0.2495,4603.1
1701410400000.0,0.2494,0.2506,0.2494,0.2506,6858.4
1701414000000.0,0.2504,0.2504,0.2492,0.2496,568.6
1701417600000.0,0.2498,0.25,0.2491,0.2491,18189.0
1701421200000.0,0.2494,0.2511,0.2494,0.2504,168117.8
1701424800000.0,0.2508,0.2508,0.25,0.2501,24101.0
1701428400000.0,0.2505,0.2513,0.25,0.2506,2012.9
1701432000000.0,0.2511,0.2511,0.2485,0.2489,18239.9
1701435600000.0,0.2491,0.2505,0.2491,0.2502,2235.3
1701439200000.0,0.2502,0.2524,0.2501,0.2511,73958.8
1701442800000.0,0.2514,0.2517,0.2491,0.2499,81070.6
1701446400000.0,0.2497,0.2515,0.2494,0.2507,7558.3
1701450000000.0,0.2506,0.2507,0.2497,0.25,13850.8
1701453600000.0,0.2503,0.2503,0.2496,0.2497,13304.3
1701457200000.0,0.2498,0.2507,0.2498,0.2506,6277.1
1701460800000.0,0.2508,0.2508,0.2495,0.2499,14666.3
1701464400000.0,0.2502,0.2509,0.2502,0.2504,4774.3
1701468000000.0,0.2503,0.2506,0.25,0.25,9595.5
1701471600000.0,0.2501,0.2508,0.2501,0.2508,41053.3
1701475200000.0,0.2509,0.2512,0.2503,0.2511,72041.0
1701478800000.0,0.2514,0.2531,0.2511,0.2528,35802.1
1701482400000.0,0.2531,0.2531,0.2511,0.2513,4332.2
1701486000000.0,0.2514,0.2536,0.2514,0.2535,12793.7
1701489600000.0,0.2537,0.2552,0.2537,0.2552,121018.9
1701493200000.0,0.2549,0.2565,0.2545,0.2565,12608.8
1701496800000.0,0.2565,0.2593,0.2564,0.2593,98534.5
1701500400000.0,0.259,0.2605,0.2589,0.2604,195442.5
1701504000000.0,0.2605,0.2609,0.259,0.2609,288198.9
1701507600000.0,0.261,0.2656,0.2532,0.2541,138477.5
1701511200000.0,0.2544,0.2553,0.2532,0.2532,4120.9
1701514800000.0,0.253,0.254,0.252,0.2525,76971.9
1701518400000.0,0.252,0.2531,0.251,0.2516,5805.7
1701522000000.0,0.2514,0.2529,0.2514,0.2529,67221.1
1701525600000.0,0.2529,0.2529,0.2499,0.2517,66511.6
1701529200000.0,0.2517,0.2524,0.251,0.2524,68452.5
1701532800000.0,0.252,0.2687,0.2511,0.2679,279017.8
1701536400000.0,0.2676,0.2678,0.2609,0.2621,165148.8
1701540000000.0,0.2624,0.2626,0.2581,0.2592,23207.1
1701543600000.0,0.2591,0.2635,0.2589,0.2621,125469.8
1701547200000.0,0.2623,0.265,0.2623,0.265,54992.2
1701550800000.0,0.2648,0.265,0.2635,0.2643,57630.3
1701554400000.0,0.2641,0.2641,0.2616,0.262,22682.9
1701558000000.0,0.2623,0.265,0.2623,0.2644,141045.5
1701561600000.0,0.2651,0.2655,0.2536,0.257,199980.6
1701565200000.0,0.2572,0.2583,0.2541,0.2547,328962.8
1701568800000.0,0.2544,0.2551,0.252,0.2523,161291.6
1701572400000.0,0.252,0.252,0.2504,0.2513,48648.3
1701576000000.0,0.2511,0.252,0.2503,0.2503,21132.2
1701579600000.0,0.2502,0.2615,0.2501,0.2586,176116.2
1701583200000.0,0.2583,0.2583,0.2517,0.2522,7373.4
1701586800000.0,0.2523,0.2531,0.2515,0.2529,32093.9
1701590400000.0,0.2528,0.2541,0.2521,0.2535,108179.7
1701594000000.0,0.2532,0.2534,0.2523,0.2526,8141.0
1701597600000.0,0.2523,0.2526,0.2515,0.2526,34266.4
1701601200000.0,0.2523,0.2523,0.2502,0.2519,34936.9
1701604800000.0,0.2518,0.2662,0.2509,0.2544,417241.1
1701608400000.0,0.2545,0.2583,0.2544,0.2577,90248.9
1701612000000.0,0.2575,0.2575,0.2555,0.2558,181903.7
1701615600000.0,0.2557,0.2586,0.2544,0.258,79439.4
1701619200000.0,0.2577,0.258,0.2558,0.2571,4925.5
1701622800000.0,0.2571,0.2571,0.2558,0.2565,5835.0
1701626400000.0,0.2562,0.2577,0.2559,0.2567,186732.2
1701630000000.0,0.2571,0.258,0.2565,0.2577,1328.1
1701633600000.0,0.258,0.2587,0.2558,0.2558,44016.7
1701637200000.0,0.256,0.2567,0.2552,0.2567,14383.0
1701640800000.0,0.2568,0.2577,0.2564,0.2571,1840.0
1701644400000.0,0.2572,0.2578,0.2538,0.2554,52198.5
1701648000000.0,0.2554,0.2562,0.2546,0.2562,29070.8
1701651600000.0,0.2562,0.264,0.2562,0.264,84507.5
1701655200000.0,0.264,0.2651,0.262,0.2647,110773.8
1701658800000.0,0.2646,0.2696,0.2646,0.2688,486353.5
1701662400000.0,0.2691,0.2781,0.269,0.2751,120269.3
1701666000000.0,0.2751,0.2779,0.2704,0.2766,285849.1
1701669600000.0,0.2763,0.2763,0.2689,0.2697,134125.1
1701673200000.0,0.27,0.2733,0.2647,0.2649,61502.0
1701676800000.0,0.2652,0.2681,0.2621,0.2668,63910.8
1701680400000.0,0.2673,0.2679,0.265,0.265,31008.0
1701684000000.0,0.2654,0.2708,0.265,0.2656,31390.5
1701687600000.0,0.2658,0.2672,0.2538,0.2662,118591.6
1701691200000.0,0.2656,0.2738,0.2656,0.2738,23327.3
1701694800000.0,0.2731,0.2765,0.2707,0.2716,133038.1
1701698400000.0,0.2719,0.2767,0.267,0.2767,128567.1
1701702000000.0,0.2768,0.2769,0.2663,0.2712,202514.9
1701705600000.0,0.2708,0.2761,0.2685,0.2748,38818.4
1701709200000.0,0.2745,0.2761,0.2712,0.2734,26079.6
1701712800000.0,0.273,0.2764,0.2728,0.2755,124423.3
1701716400000.0,0.2751,0.2751,0.2716,0.2736,49373.7
1701720000000.0,0.2733,0.2748,0.2724,0.2747,25058.1
1701723600000.0,0.2745,0.2762,0.2739,0.274,43293.6
1701727200000.0,0.2739,0.2743,0.2713,0.2727,20208.9
1701730800000.0,0.2724,0.2744,0.2699,0.2726,46432.5
1701734400000.0,0.272,0.2782,0.2713,0.2767,46930.7
1701738000000.0,0.2768,0.2771,0.2708,0.271,21854.5
1701741600000.0,0.2704,0.2708,0.2671,0.2694,29567.1
1701745200000.0,0.2694,0.2711,0.2678,0.2679,26755.8
1701748800000.0,0.2682,0.2697,0.2673,0.2694,4204.1
1701752400000.0,0.2694,0.2708,0.2681,0.2704,55860.0
1701756000000.0,0.2705,0.2712,0.2685,0.2691,15555.2
1701759600000.0,0.2688,0.2688,0.2635,0.2654,22292.4
1701763200000.0,0.2658,0.2676,0.2647,0.2673,23322.5
1701766800000.0,0.2676,0.27,0.2676,0.2685,24730.0
1701770400000.0,0.2688,0.2692,0.2655,0.2655,7204.7
1701774000000.0,0.2654,0.2679,0.2647,0.2665,1289.4
1701777600000.0,0.2668,0.2679,0.266,0.2679,25210.7
1701781200000.0,0.2682,0.2685,0.2646,0.2647,29717.3
1701784800000.0,0.2644,0.2673,0.2644,0.2663,7423.2
1701788400000.0,0.267,0.268,0.2664,0.268,39317.9
1701792000000.0,0.2682,0.2691,0.2654,0.2691,33120.6
1701795600000.0,0.2694,0.2705,0.2668,0.2704,136564.9
1701799200000.0,0.2704,0.2704,0.2679,0.269,86525.9
1701802800000.0,0.2688,0.2688,0.2607,0.2688,671248.8
1701806400000.0,0.269,0.269,0.2657,0.2662,25293.3
1701810000000.0,0.2666,0.2683,0.2662,0.2664,16232.9
1701813600000.0,0.2666,0.2666,0.265,0.2654,2362.9
1701817200000.0,0.2654,0.2691,0.2651,0.2691,37260.2
1701820800000.0,0.2688,0.2716,0.2668,0.2691,70366.6
1701824400000.0,0.2694,0.2708,0.2679,0.27,28499.8
1701828000000.0,0.2704,0.2706,0.2676,0.2697,16530.0
1701831600000.0,0.2699,0.2719,0.2679,0.2705,62527.8
1701835200000.0,0.2704,0.274,0.2704,0.2725,199876.2
1701838800000.0,0.2724,0.2724,0.2654,0.2666,51447.9
1701842400000.0,0.267,0.267,0.262,0.2644,21757.4
1701846000000.0,0.2642,0.2658,0.2635,0.2658,10418.2
1701849600000.0,0.2654,0.2691,0.2654,0.2691,8415.1
1701853200000.0,0.2694,0.27,0.2679,0.2682,13276.2
1701856800000.0,0.2685,0.2721,0.2662,0.2721,28232.7
1701860400000.0,0.2723,0.2724,0.2654,0.2675,11347.3
1701864000000.0,0.2675,0.2692,0.2675,0.2677,20330.9
1701867600000.0,0.2676,0.2693,0.2654,0.267,11943.4
1701871200000.0,0.2673,0.2679,0.2644,0.2654,11218.5
1701874800000.0,0.2655,0.27,0.265,0.2691,12521.1
1701878400000.0,0.2694,0.2697,0.2667,0.2678,27584.6
1701882000000.0,0.2682,0.2685,0.267,0.267,53584.7
1701885600000.0,0.2673,0.2676,0.2669,0.2672,26044.6
1701889200000.0,0.2672,0.2676,0.2669,0.2676,30518.2
1701892800000.0,0.2676,0.2679,0.2642,0.2642,47406.4
1701896400000.0,0.2647,0.2652,0.262,0.2638,16210.1
1701900000000.0,0.2641,0.265,0.26,0.2613,125030.0
1701903600000.0,0.2617,0.2617,0.2603,0.2613,5134.7
1701907200000.0,0.2614,0.2632,0.2606,0.2623,28191.7
1701910800000.0,0.262,0.262,0.2599,0.2613,5596.7
1701914400000.0,0.2609,0.2733,0.2592,0.2716,681061.4
1701918000000.0,0.2706,0.2712,0.2643,0.2682,175214.2
1701921600000.0,0.2682,0.2682,0.2658,0.2668,5359.5
1701925200000.0,0.2666,0.2679,0.2664,0.2676,615.0
1701928800000.0,0.2673,0.2682,0.2673,0.2682,8670.0
1701932400000.0,0.2685,0.2703,0.2685,0.2703,618.8
1701936000000.0,0.2704,0.2716,0.2688,0.27,52558.8
1701939600000.0,0.2704,0.2712,0.2658,0.2712,33310.0
1701943200000.0,0.2716,0.2725,0.2699,0.2722,50279.6
1701946800000.0,0.272,0.2724,0.27,0.2708,10440.4
1701950400000.0,0.2704,0.2713,0.269,0.2713,47842.1
1701954000000.0,0.2716,0.2755,0.2714,0.2755,101690.1
1701957600000.0,0.2753,0.2757,0.2727,0.2737,46568.3
1701961200000.0,0.2739,0.2743,0.2721,0.2727,42065.6
1701964800000.0,0.2724,0.274,0.2716,0.273,121671.6
1701968400000.0,0.2727,0.2745,0.2724,0.2736,11113.3
1701972000000.0,0.2733,0.2733,0.2706,0.2712,8847.3
1701975600000.0,0.2711,0.2711,0.2683,0.2703,28069.2
1701979200000.0,0.2697,0.2713,0.2686,0.2694,7104.8
1701982800000.0,0.2694,0.272,0.2694,0.2714,7866.6
1701986400000.0,0.2709,0.2716,0.2698,0.27,13187.8
1701990000000.0,0.2704,0.2719,0.2704,0.2714,11891.0
1701993600000.0,0.2714,0.2777,0.2714,0.2767,42439.1
1701997200000.0,0.2763,0.2773,0.2745,0.2758,79515.8
1702000800000.0,0.2763,0.2764,0.2671,0.2676,105968.2
1702004400000.0,0.2675,0.2724,0.2671,0.2722,61485.7
1702008000000.0,0.2721,0.2734,0.2721,0.2727,18569.2
1702011600000.0,0.2727,0.2745,0.2726,0.2745,6462.3
1702015200000.0,0.2742,0.2755,0.2739,0.2745,9417.7
1702018800000.0,0.2742,0.2754,0.2724,0.2748,23885.2
1702022400000.0,0.2745,0.2745,0.2724,0.2724,3960.1
1702026000000.0,0.2727,0.2733,0.2713,0.2713,14664.5
1702029600000.0,0.2712,0.2714,0.2704,0.2706,72023.1
1702033200000.0,0.2708,0.2733,0.2708,0.2727,13538.9
1702036800000.0,0.2727,0.2743,0.272,0.2743,40067.2
1702040400000.0,0.2739,0.2739,0.2724,0.2727,1318.7
1702044000000.0,0.273,0.2736,0.2716,0.2717,10150.5
1702047600000.0,0.272,0.2725,0.2708,0.2708,11683.6
1702051200000.0,0.2705,0.2725,0.2705,0.2715,11815.2
1702054800000.0,0.2708,0.2708,0.2695,0.2703,9236.8
1702058400000.0,0.2705,0.2707,0.2701,0.2703,46684.0
1702062000000.0,0.27,0.2718,0.2698,0.2718,54006.0
1702065600000.0,0.2716,0.2725,0.2714,0.272,15607.8
1702069200000.0,0.2721,0.2727,0.2708,0.2716,95082.6
1702072800000.0,0.2714,0.2715,0.2709,0.2711,6244.4
1702076400000.0,0.2712,0.2727,0.2708,0.2725,6727.2
1702080000000.0,0.2727,0.2832,0.2727,0.2802,154426.5
1702083600000.0,0.2801,0.2801,0.2747,0.2756,16147.7
1702087200000.0,0.2751,0.2751,0.2732,0.2739,80920.7
1702090800000.0,0.2741,0.2768,0.2732,0.2765,12050.5
1702094400000.0,0.2763,0.2782,0.2749,0.2779,6162.0
1702098000000.0,0.2775,0.2775,0.2757,0.2757,9632.7
1702101600000.0,0.2763,0.2884,0.2753,0.2868,446889.1
1702105200000.0,0.2864,0.2878,0.2785,0.2809,83722.6
1702108800000.0,0.2815,0.2837,0.2757,0.2797,127319.4
1702112400000.0,0.28,0.2839,0.2767,0.2811,46778.4
1702116000000.0,0.2815,0.2837,0.2794,0.2807,72056.2
1702119600000.0,0.2803,0.2827,0.2794,0.2801,29644.6
1702123200000.0,0.28,0.2819,0.2792,0.2811,14945.2
1702126800000.0,0.2807,0.2831,0.2807,0.2831,13179.8
1702130400000.0,0.2827,0.2836,0.2776,0.2799,34335.6
1702134000000.0,0.2803,0.2824,0.2797,0.2821,7558.6
1702137600000.0,0.2815,0.2817,0.2791,0.2797,19450.2
1702141200000.0,0.2794,0.2794,0.2771,0.278,9734.2
1702144800000.0,0.2783,0.2794,0.2763,0.2791,45253.8
1702148400000.0,0.2788,0.2792,0.278,0.2785,74901.8
1702152000000.0,0.2788,0.285,0.2762,0.2827,217057.7
1702155600000.0,0.2823,0.2823,0.2787,0.2816,6460.7
1702159200000.0,0.2812,0.2827,0.2803,0.2803,2469.3
1702162800000.0,0.2807,0.2815,0.2746,0.2774,29783.9
1702166400000.0,0.2775,0.2809,0.2768,0.2809,20885.1
1702170000000.0,0.2803,0.2811,0.2786,0.2811,8434.8
1702173600000.0,0.2811,0.2947,0.2807,0.2881,251651.4
1702177200000.0,0.2888,0.2914,0.2884,0.2901,96209.8
1702180800000.0,0.2904,0.2907,0.2856,0.2868,24993.4
1702184400000.0,0.2865,0.2865,0.2851,0.2864,5605.6
1702188000000.0,0.2868,0.2895,0.2852,0.2892,13365.4
1702191600000.0,0.2888,0.2914,0.2876,0.2886,43568.0
1702195200000.0,0.2884,0.2884,0.2847,0.2868,35082.7
1702198800000.0,0.2869,0.2882,0.2823,0.2868,74240.7
1702202400000.0,0.2864,0.2938,0.2816,0.2844,156808.1
1702206000000.0,0.2841,0.2872,0.2829,0.2847,30100.2
1702209600000.0,0.2844,0.2868,0.2844,0.2868,4039.0
1702213200000.0,0.2871,0.2892,0.2861,0.2875,65642.3
1702216800000.0,0.288,0.2914,0.288,0.29,36428.7
1702220400000.0,0.2904,0.2909,0.2888,0.2888,15544.6
1702224000000.0,0.2891,0.2922,0.2824,0.285,83115.3
1702227600000.0,0.2847,0.2847,0.2801,0.2808,7740.1
1702231200000.0,0.2808,0.2841,0.2808,0.2827,25635.7
1702234800000.0,0.2823,0.2835,0.2811,0.2829,27948.5
1702238400000.0,0.2835,0.285,0.2835,0.285,20287.1
1702242000000.0,0.2847,0.2853,0.2827,0.2829,10130.1
1702245600000.0,0.2824,0.2853,0.2823,0.2835,195276.2
1702249200000.0,0.2836,0.2856,0.2831,0.284,74942.8
1702252800000.0,0.2841,0.2848,0.2823,0.2825,15298.9
1702256400000.0,0.2823,0.2823,0.2775,0.2811,31927.9
1702260000000.0,0.2807,0.2897,0.2704,0.2859,372259.8
1702263600000.0,0.2849,0.3081,0.2849,0.3053,656602.0
1702267200000.0,0.3049,0.3077,0.286,0.2876,248835.2
1702270800000.0,0.288,0.2937,0.288,0.2935,440958.0
1702274400000.0,0.293,0.2959,0.288,0.2959,363509.1
1702278000000.0,0.2956,0.2977,0.2895,0.2895,36412.0
1702281600000.0,0.2898,0.2907,0.2867,0.2876,33474.4
1702285200000.0,0.2872,0.2907,0.2862,0.2907,10313.1
1702288800000.0,0.2911,0.2946,0.2911,0.2925,13909.2
1702292400000.0,0.293,0.2938,0.2882,0.2926,76999.9
1702296000000.0,0.293,0.2932,0.2915,0.2926,36428.2
1702299600000.0,0.293,0.293,0.2838,0.288,34298.4
1702303200000.0,0.2884,0.2892,0.2819,0.283,34206.0
1702306800000.0,0.2835,0.2865,0.2822,0.2856,52226.9
1702310400000.0,0.2855,0.2862,0.2834,0.2842,31728.5
1702314000000.0,0.2843,0.2845,0.274,0.2745,86906.0
1702317600000.0,0.2746,0.2755,0.2666,0.2694,118527.4
1702321200000.0,0.2693,0.2698,0.2666,0.2697,94730.8
1702324800000.0,0.2694,0.271,0.2685,0.2705,18952.3
1702328400000.0,0.2708,0.2724,0.2698,0.2701,47084.2
1702332000000.0,0.2708,0.2733,0.2704,0.2724,14665.0
1702335600000.0,0.272,0.272,0.2688,0.2691,112807.3
1702339200000.0,0.2694,0.2732,0.2689,0.2697,31164.9
1702342800000.0,0.2695,0.272,0.2691,0.2719,52404.7
1702346400000.0,0.2722,0.2739,0.2722,0.2739,100532.6
1702350000000.0,0.274,0.274,0.2713,0.2718,56087.5
1702353600000.0,0.272,0.2722,0.2647,0.2654,18935.4
1702357200000.0,0.2658,0.2675,0.2648,0.266,66526.5
1702360800000.0,0.2654,0.266,0.2623,0.2644,83377.8
1702364400000.0,0.2647,0.2702,0.2647,0.2689,31623.1
1702368000000.0,0.2694,0.2694,0.2662,0.2668,26074.7
1702371600000.0,0.2666,0.2668,0.2653,0.2663,9544.6
1702375200000.0,0.2662,0.2666,0.2644,0.2662,9506.3
1702378800000.0,0.2665,0.2665,0.2641,0.2646,63992.2
1702382400000.0,0.2643,0.2779,0.2643,0.2764,206978.2
1702386000000.0,0.2763,0.2844,0.2731,0.2822,302167.6
1702389600000.0,0.2827,0.2831,0.2779,0.282,56689.8
1702393200000.0,0.2823,0.2846,0.2796,0.2837,113934.2
1702396800000.0,0.2841,0.2885,0.2835,0.2885,178107.7
1702400400000.0,0.2888,0.293,0.2835,0.2855,365797.8
1702404000000.0,0.2853,0.2985,0.285,0.2981,130320.2
1702407600000.0,0.2985,0.3042,0.2985,0.3041,215316.6
1702411200000.0,0.3037,0.31,0.3025,0.309,802008.9
1702414800000.0,0.3088,0.3155,0.3067,0.3098,421474.7
1702418400000.0,0.3094,0.3129,0.2874,0.2969,775792.7
1702422000000.0,0.2963,0.2992,0.2956,0.2965,444801.7
1702425600000.0,0.2973,0.2979,0.2895,0.2896,216943.9
1702429200000.0,0.2895,0.2898,0.2816,0.2816,106679.6
1702432800000.0,0.2832,0.2862,0.2828,0.2862,299429.7
1702436400000.0,0.2864,0.2905,0.2854,0.2901,230615.9
1702440000000.0,0.29,0.29,0.284,0.2851,518405.1
1702443600000.0,0.2849,0.2849,0.2791,0.2825,168440.7
1702447200000.0,0.2824,0.2947,0.2815,0.2876,124758.1
1702450800000.0,0.2872,0.2872,0.2797,0.2812,88058.0
1702454400000.0,0.2815,0.2898,0.2807,0.2831,116235.2
1702458000000.0,0.2835,0.2835,0.2805,0.2806,18055.5
1702461600000.0,0.2807,0.2903,0.2799,0.2827,98902.2
1702465200000.0,0.2829,0.2833,0.2777,0.2788,152001.4
1702468800000.0,0.2786,0.2797,0.2724,0.2727,59183.8
1702472400000.0,0.2724,0.2756,0.272,0.275,178629.8
1702476000000.0,0.2748,0.2831,0.2745,0.2821,216366.1
1702479600000.0,0.2821,0.2864,0.2814,0.2814,62588.5
1702483200000.0,0.2813,0.2847,0.2799,0.2811,5347.1
1702486800000.0,0.2812,0.2838,0.2807,0.2823,25220.4
1702490400000.0,0.2827,0.2847,0.2823,0.2826,29386.0
1702494000000.0,0.2829,0.2873,0.2829,0.2852,50810.3
1702497600000.0,0.2856,0.287,0.2845,0.2851,26818.0
1702501200000.0,0.2855,0.2884,0.2848,0.2876,105102.0
1702504800000.0,0.2879,0.2888,0.2838,0.2848,99028.5
1702508400000.0,0.2853,0.2856,0.2827,0.2839,10143.3
1702512000000.0,0.2841,0.286,0.2827,0.286,83583.1
1702515600000.0,0.2864,0.2893,0.2864,0.2888,21716.6
1702519200000.0,0.2888,0.2888,0.2847,0.2853,6352.1
1702522800000.0,0.2856,0.2856,0.28,0.2823,22798.4
1702526400000.0,0.2819,0.2819,0.2794,0.2803,45935.0
1702530000000.0,0.2807,0.2815,0.2779,0.2797,58195.1
1702533600000.0,0.2794,0.2828,0.2767,0.2828,35941.3
1702537200000.0,0.283,0.2835,0.2799,0.2805,12059.7
1702540800000.0,0.2803,0.2804,0.2788,0.2794,26990.7
1702544400000.0,0.2791,0.2824,0.2786,0.2819,108460.7
1702548000000.0,0.2817,0.2831,0.2811,0.2831,1527.4
1702551600000.0,0.283,0.2831,0.2804,0.2831,16807.3
1702555200000.0,0.283,0.283,0.2807,0.2811,40331.0
1702558800000.0,0.2813,0.2813,0.2686,0.2794,361224.7
1702562400000.0,0.2791,0.2791,0.2755,0.277,115477.1
1702566000000.0,0.2771,0.2784,0.2761,0.2775,75136.9
1702569600000.0,0.2771,0.2809,0.2767,0.2807,90703.2
1702573200000.0,0.2808,0.2814,0.2797,0.2801,182618.3
1702576800000.0,0.28,0.2814,0.2786,0.2799,101566.3
1702580400000.0,0.2797,0.2802,0.2745,0.2787,540167.5
1702584000000.0,0.2785,0.2787,0.277,0.2777,92338.1
1702587600000.0,0.2778,0.2784,0.2767,0.2767,15306.7
1702591200000.0,0.2771,0.2777,0.2763,0.2766,108507.9
1702594800000.0,0.2763,0.2767,0.275,0.2759,40626.7
1702598400000.0,0.2759,0.2767,0.2738,0.2758,141816.3
1702602000000.0,0.2758,0.2765,0.2747,0.2762,112188.8
1702605600000.0,0.2762,0.2781,0.2755,0.277,14666.1
1702609200000.0,0.2775,0.2791,0.2771,0.2775,14620.6
1702612800000.0,0.2771,0.2771,0.2752,0.2753,21332.4
1702616400000.0,0.2753,0.276,0.2731,0.2739,21400.5
1702620000000.0,0.2741,0.2769,0.2741,0.2766,31657.1
1702623600000.0,0.2767,0.2771,0.2742,0.2743,28648.4
1702627200000.0,0.2743,0.2757,0.2739,0.2757,52137.7
1702630800000.0,0.2759,0.2765,0.2754,0.2754,79843.1
1702634400000.0,0.2754,0.2763,0.2747,0.2763,10433.7
1702638000000.0,0.276,0.2775,0.276,0.2768,3564.4
1702641600000.0,0.2775,0.2807,0.2764,0.2787,75480.2
1702645200000.0,0.2786,0.2813,0.2785,0.2802,97324.7
1702648800000.0,0.2803,0.2889,0.2794,0.2856,360607.8
1702652400000.0,0.2853,0.3039,0.284,0.2981,1099364.8
1702656000000.0,0.298,0.3055,0.2919,0.2923,415974.2
1702659600000.0,0.2926,0.2965,0.2903,0.2953,193253.0
1702663200000.0,0.2951,0.3018,0.2951,0.2997,100654.3
1702666800000.0,0.3,0.304,0.2986,0.304,279389.6
1702670400000.0,0.3033,0.3053,0.3002,0.3006,118200.6
1702674000000.0,0.3001,0.302,0.2985,0.2991,89362.9
1702677600000.0,0.2985,0.3076,0.2985,0.3026,140357.5
1702681200000.0,0.3026,0.3068,0.2954,0.2979,327074.2
1702684800000.0,0.2981,0.3017,0.2933,0.3001,123135.7
1702688400000.0,0.3005,0.3045,0.298,0.2982,72469.2
1702692000000.0,0.2989,0.3023,0.2974,0.3005,51103.5
1702695600000.0,0.3009,0.3012,0.2939,0.2939,22801.7
1702699200000.0,0.294,0.3022,0.2923,0.3009,105588.7
1702702800000.0,0.3013,0.3042,0.2889,0.3037,441706.3
1702706400000.0,0.3033,0.3118,0.2922,0.299,623413.1
1702710000000.0,0.299,0.3,0.2974,0.2989,28086.1
1702713600000.0,0.2993,0.3034,0.2991,0.3017,86302.9
1702717200000.0,0.302,0.311,0.2975,0.298,598793.3
1702720800000.0,0.2985,0.3013,0.297,0.3001,111564.4
1702724400000.0,0.3005,0.302,0.2965,0.2966,28877.6
1702728000000.0,0.2963,0.2977,0.2953,0.2966,27546.6
1702731600000.0,0.2964,0.3001,0.2964,0.2997,44029.6
1702735200000.0,0.2997,0.3016,0.2985,0.2985,76354.0
1702738800000.0,0.2985,0.2996,0.2963,0.2963,28067.2
1702742400000.0,0.2961,0.2977,0.2936,0.2963,46405.3
1702746000000.0,0.2963,0.3001,0.2963,0.2989,46290.0
1702749600000.0,0.2981,0.3018,0.2973,0.3001,94421.2
1702753200000.0,0.2999,0.3009,0.2974,0.2984,90964.8
1702756800000.0,0.2986,0.3013,0.2986,0.3001,14043.0
1702760400000.0,0.3,0.3,0.2971,0.2976,29356.3
1702764000000.0,0.2973,0.3016,0.2968,0.3013,8300.4
1702767600000.0,0.3009,0.3009,0.299,0.2996,10623.7
1702771200000.0,0.3001,0.3008,0.2984,0.299,18438.0
1702774800000.0,0.2995,0.3023,0.2979,0.3023,28317.0
1702778400000.0,0.302,0.3022,0.297,0.3001,75559.2
1702782000000.0,0.3005,0.3007,0.2913,0.2918,90612.1
1702785600000.0,0.2919,0.2958,0.2904,0.2958,64599.0
1702789200000.0,0.2959,0.3105,0.29,0.2922,280155.0
1702792800000.0,0.2922,0.3008,0.2922,0.2993,88793.4
1702796400000.0,0.2993,0.3009,0.297,0.2981,38290.0
1702800000000.0,0.298,0.3,0.2959,0.2977,36109.2
1702803600000.0,0.2981,0.3301,0.2956,0.326,460569.4
1702807200000.0,0.3256,0.3494,0.316,0.3456,740098.7
1702810800000.0,0.3447,0.3565,0.3359,0.3558,712091.5
1702814400000.0,0.3548,0.3549,0.3425,0.3486,576702.7
1702818000000.0,0.3488,0.3501,0.3355,0.3457,484181.6
1702821600000.0,0.3453,0.3555,0.3421,0.3488,704721.5
1702825200000.0,0.3483,0.3588,0.343,0.3549,311404.4
1702828800000.0,0.3552,0.3672,0.3398,0.3662,412108.1
1702832400000.0,0.3653,0.3721,0.3444,0.3513,1161876.6
1702836000000.0,0.3517,0.3622,0.3475,0.3603,500659.7
1702839600000.0,0.3602,0.3604,0.3522,0.3527,180834.0
1702843200000.0,0.353,0.3538,0.3487,0.3498,167887.5
1702846800000.0,0.3494,0.3494,0.3427,0.3433,219063.9
1702850400000.0,0.3436,0.3497,0.3431,0.3465,391329.0
1702854000000.0,0.3466,0.3501,0.3432,0.3452,600765.2
1702857600000.0,0.3446,0.3526,0.3425,0.3453,476168.5
1702861200000.0,0.3447,0.3513,0.3412,0.3457,222798.1
1702864800000.0,0.3457,0.363,0.3277,0.3344,1721740.2
1702868400000.0,0.3351,0.3493,0.3348,0.3472,342790.6
1702872000000.0,0.3474,0.3535,0.3458,0.3509,380637.7
1702875600000.0,0.3513,0.3558,0.3481,0.3488,358962.8
1702879200000.0,0.3492,0.3499,0.3305,0.3359,291093.8
1702882800000.0,0.3355,0.3476,0.3303,0.3461,284650.3
1702886400000.0,0.3457,0.3512,0.338,0.3445,250242.0
1702890000000.0,0.3444,0.3483,0.3382,0.3402,321312.1
1702893600000.0,0.3397,0.3518,0.3358,0.3505,436511.8
1702897200000.0,0.35,0.3618,0.3475,0.3593,309507.8
1702900800000.0,0.3598,0.3641,0.3525,0.3549,578132.1
1702904400000.0,0.3553,0.3677,0.3553,0.3647,322671.0
1702908000000.0,0.3648,0.3723,0.3466,0.3527,718234.6
1702911600000.0,0.3528,0.3613,0.3491,0.3495,312474.7
1702915200000.0,0.3492,0.3513,0.343,0.3472,119856.2
1702918800000.0,0.3475,0.3501,0.3439,0.3473,292663.2
1702922400000.0,0.3475,0.3565,0.3465,0.3564,157806.7
1702926000000.0,0.3558,0.3588,0.3457,0.3479,173410.2
1702929600000.0,0.3483,0.35,0.3415,0.3453,310951.0
1702933200000.0,0.3461,0.3525,0.3445,0.3489,214767.8
1702936800000.0,0.3483,0.3483,0.3423,0.3444,202420.5
1702940400000.0,0.3448,0.3448,0.333,0.3362,213709.5
1702944000000.0,0.3365,0.3539,0.3311,0.3455,721599.0
1702947600000.0,0.3453,0.353,0.3419,0.3529,199410.8
1702951200000.0,0.3527,0.3528,0.347,0.3509,88268.0
1702954800000.0,0.3513,0.3551,0.3479,0.3488,93108.4
1702958400000.0,0.349,0.3516,0.3488,0.3509,12346.1
1702962000000.0,0.3513,0.3517,0.347,0.3488,69414.2
1702965600000.0,0.3483,0.3502,0.3461,0.3502,18148.3
1702969200000.0,0.3496,0.3511,0.341,0.341,75148.4
1702972800000.0,0.3411,0.3415,0.3351,0.3354,115359.0
1702976400000.0,0.3355,0.3379,0.3316,0.3323,82177.4
1702980000000.0,0.3321,0.3366,0.3321,0.3335,100735.6
1702983600000.0,0.3331,0.3346,0.3322,0.3339,97462.4
1702987200000.0,0.3335,0.3422,0.3324,0.3422,270009.0
1702990800000.0,0.3423,0.3437,0.3382,0.3402,110155.1
1702994400000.0,0.3405,0.3445,0.3403,0.3406,49879.3
1702998000000.0,0.3404,0.3574,0.3404,0.3549,631948.5
1703001600000.0,0.3549,0.3573,0.3454,0.3454,190712.1
1703005200000.0,0.3453,0.3494,0.344,0.3448,105664.6
1703008800000.0,0.3453,0.3494,0.3448,0.3484,26102.4
1703012400000.0,0.3479,0.3502,0.3461,0.3491,58653.3
1703016000000.0,0.3492,0.351,0.3482,0.35,43348.9
1703019600000.0,0.35,0.3517,0.3475,0.3492,13387.8
1703023200000.0,0.3488,0.3488,0.3434,0.3461,79270.4
1703026800000.0,0.3465,0.3473,0.3436,0.3442,46362.5
1703030400000.0,0.3441,0.3515,0.3431,0.3509,69613.3
1703034000000.0,0.3506,0.3554,0.3488,0.3526,49324.5
1703037600000.0,0.3523,0.3526,0.3488,0.3522,63285.6
1703041200000.0,0.3527,0.3592,0.3522,0.3575,89370.3
1703044800000.0,0.358,0.362,0.3461,0.3487,165288.1
1703048400000.0,0.3482,0.3482,0.3414,0.3455,51166.8
1703052000000.0,0.3448,0.3614,0.3438,0.3445,250568.4
1703055600000.0,0.344,0.3462,0.3421,0.3427,142682.7
1703059200000.0,0.3431,0.3454,0.343,0.3444,45014.1
1703062800000.0,0.3448,0.3475,0.3373,0.3387,39103.1
1703066400000.0,0.3389,0.3389,0.3334,0.3334,24928.4
1703070000000.0,0.333,0.334,0.3307,0.3315,112949.1
1703073600000.0,0.3315,0.3318,0.3303,0.3308,65367.0
1703077200000.0,0.3305,0.3325,0.3303,0.3308,152410.1
1703080800000.0,0.331,0.3339,0.33,0.3309,155571.0
1703084400000.0,0.3313,0.3384,0.33,0.3346,219635.3
1703088000000.0,0.3347,0.3347,0.3305,0.3309,134564.1
1703091600000.0,0.3313,0.332,0.3308,0.3312,61367.8
1703095200000.0,0.3305,0.3317,0.3303,0.3309,111122.5
1703098800000.0,0.3309,0.3322,0.3307,0.3311,80995.4
1703102400000.0,0.3312,0.3314,0.3301,0.3314,101718.9
1703106000000.0,0.3315,0.3321,0.33,0.33,150473.4
1703109600000.0,0.3301,0.3305,0.3293,0.3296,388988.6
1703113200000.0,0.3296,0.3305,0.3293,0.33,244275.7
1703116800000.0,0.3299,0.3329,0.3299,0.3301,183268.0
1703120400000.0,0.3302,0.3323,0.3298,0.3318,102692.5
1703124000000.0,0.3322,0.3364,0.3305,0.3343,263114.3
1703127600000.0,0.3347,0.3445,0.333,0.3434,434086.7
1703131200000.0,0.3436,0.3468,0.3411,0.3438,218480.3
1703134800000.0,0.3444,0.3492,0.3436,0.3444,98611.0
1703138400000.0,0.3448,0.3551,0.3435,0.3543,310331.3
1703142000000.0,0.3542,0.3609,0.3534,0.3584,526244.9
1703145600000.0,0.358,0.3688,0.3553,0.3622,344144.8
1703149200000.0,0.3625,0.367,0.3611,0.3644,98713.7
1703152800000.0,0.3646,0.3685,0.3637,0.3641,69419.4
1703156400000.0,0.3639,0.374,0.3639,0.3715,145048.0
1703160000000.0,0.3719,0.3781,0.3653,0.374,410449.8
1703163600000.0,0.3735,0.3818,0.3726,0.3811,529263.9
1703167200000.0,0.3811,0.393,0.3777,0.38,1433160.9
1703170800000.0,0.3805,0.388,0.38,0.384,254071.2
1703174400000.0,0.3843,0.388,0.3626,0.3711,771662.2
1703178000000.0,0.3711,0.3711,0.359,0.3636,381050.2
1703181600000.0,0.3637,0.37,0.3615,0.367,380762.3
1703185200000.0,0.3669,0.3707,0.3659,0.3679,84635.9
1703188800000.0,0.3675,0.3693,0.3634,0.3645,146857.8
1703192400000.0,0.3645,0.3658,0.3611,0.363,69520.8
1703196000000.0,0.3625,0.364,0.3621,0.364,80570.4
1703199600000.0,0.3636,0.3639,0.3611,0.3616,177360.6
1703203200000.0,0.3615,0.3628,0.3575,0.3611,340871.1
1703206800000.0,0.3616,0.3627,0.3578,0.3581,172884.2
1703210400000.0,0.3578,0.3604,0.3519,0.3546,68479.4
1703214000000.0,0.3548,0.3548,0.3507,0.354,112656.0
1703217600000.0,0.3545,0.3573,0.3528,0.3566,122266.1
1703221200000.0,0.3566,0.3574,0.3549,0.3553,41595.9
1703224800000.0,0.3549,0.3555,0.3505,0.3513,132242.0
1703228400000.0,0.3514,0.3572,0.3509,0.3559,90567.0
1703232000000.0,0.3565,0.3572,0.3483,0.3492,42775.9
1703235600000.0,0.3496,0.35,0.3442,0.3463,32105.4
1703239200000.0,0.347,0.3471,0.3439,0.3457,34509.6
1703242800000.0,0.3454,0.3476,0.3448,0.3466,6473.0
1703246400000.0,0.3475,0.3479,0.3449,0.347,70177.6
1703250000000.0,0.3472,0.3513,0.3458,0.3503,39572.6
1703253600000.0,0.35,0.3503,0.3426,0.3452,123939.5
1703257200000.0,0.3456,0.3456,0.342,0.3448,55860.6
1703260800000.0,0.3446,0.345,0.343,0.3449,30101.3
1703264400000.0,0.3452,0.3453,0.3406,0.3423,45978.4
1703268000000.0,0.3425,0.3431,0.3401,0.3401,17621.4
1703271600000.0,0.3406,0.3406,0.3364,0.337,75688.2
1703275200000.0,0.3365,0.3385,0.3355,0.3379,22089.7
1703278800000.0,0.3385,0.3397,0.3373,0.3383,63303.8
1703282400000.0,0.338,0.3412,0.3372,0.3399,183625.3
1703286000000.0,0.3395,0.3403,0.3386,0.3395,10394.2
1703289600000.0,0.3393,0.3421,0.3385,0.341,66815.2
1703293200000.0,0.341,0.3419,0.336,0.336,20789.4
1703296800000.0,0.3368,0.3376,0.3339,0.334,153049.7
1703300400000.0,0.3339,0.3343,0.3329,0.3339,86968.9
1703304000000.0,0.3343,0.3461,0.3343,0.3461,505089.0
1703307600000.0,0.3465,0.3531,0.3453,0.3496,314029.6
1703311200000.0,0.3498,0.3544,0.3432,0.3527,190000.9
1703314800000.0,0.3517,0.3517,0.3465,0.3495,112870.8
1703318400000.0,0.35,0.3509,0.3473,0.3492,60065.3
1703322000000.0,0.3488,0.3503,0.3455,0.349,34440.3
1703325600000.0,0.3492,0.35,0.3475,0.3487,22306.6
1703329200000.0,0.3492,0.3527,0.3492,0.3522,64242.7
1703332800000.0,0.3527,0.354,0.3505,0.3531,32527.9
1703336400000.0,0.3535,0.3594,0.3513,0.3584,108207.1
1703340000000.0,0.3588,0.3588,0.3531,0.3553,71385.9
1703343600000.0,0.3558,0.3626,0.3524,0.3588,383201.5
1703347200000.0,0.3591,0.3631,0.3584,0.3625,123192.2
1703350800000.0,0.363,0.3656,0.3618,0.3634,13774.8
1703354400000.0,0.3637,0.3685,0.3637,0.3648,58204.1
1703358000000.0,0.3652,0.3653,0.3616,0.3638,110346.9
1703361600000.0,0.3642,0.3654,0.3611,0.363,64164.1
1703365200000.0,0.3625,0.3652,0.3619,0.3629,53833.9
1703368800000.0,0.363,0.3634,0.36,0.362,76637.4
1703372400000.0,0.3625,0.363,0.3582,0.3596,43793.4
1703376000000.0,0.3588,0.3652,0.3588,0.363,72548.8
1703379600000.0,0.3626,0.3702,0.3626,0.3698,73022.7
1703383200000.0,0.3698,0.3715,0.3652,0.3656,39891.3
1703386800000.0,0.3659,0.3675,0.3644,0.3651,21813.4
1703390400000.0,0.3656,0.3675,0.3638,0.3675,93642.7
1703394000000.0,0.3679,0.3679,0.3592,0.3626,54599.6
1703397600000.0,0.3627,0.3627,0.3541,0.3545,49414.6
1703401200000.0,0.3545,0.3577,0.3505,0.3517,33322.8
1703404800000.0,0.3515,0.3527,0.3482,0.3527,38310.0
1703408400000.0,0.3522,0.3522,0.3492,0.3502,60314.9
1703412000000.0,0.3496,0.3515,0.3439,0.3475,62374.2
1703415600000.0,0.3468,0.3494,0.3468,0.3475,5453.8
1703419200000.0,0.347,0.3522,0.3467,0.3505,174171.5
1703422800000.0,0.3501,0.3519,0.3497,0.3515,17729.1
1703426400000.0,0.3513,0.3531,0.3481,0.3513,103877.9
1703430000000.0,0.3511,0.3525,0.3487,0.3496,161317.0
1703433600000.0,0.35,0.3518,0.349,0.349,59003.6
1703437200000.0,0.349,0.3506,0.3488,0.35,14666.7
1703440800000.0,0.3505,0.3525,0.3499,0.3505,15236.5
1703444400000.0,0.3509,0.3517,0.3485,0.3503,4610.1
1703448000000.0,0.3505,0.3508,0.346,0.3476,28498.6
1703451600000.0,0.3479,0.3495,0.3465,0.3466,17932.9
1703455200000.0,0.347,0.3551,0.3398,0.3541,200955.9
1703458800000.0,0.3545,0.3588,0.3541,0.3558,8411.1
1703462400000.0,0.3577,0.3667,0.3555,0.3607,129551.1
1703466000000.0,0.3604,0.363,0.3584,0.3614,50401.8
1703469600000.0,0.3606,0.3613,0.355,0.355,38239.1
1703473200000.0,0.3563,0.358,0.3538,0.3567,62220.4
1703476800000.0,0.3572,0.358,0.3566,0.3568,4921.5
1703480400000.0,0.3566,0.3616,0.3553,0.3611,15759.3
1703484000000.0,0.3616,0.3627,0.3576,0.3576,50485.4
1703487600000.0,0.3575,0.3602,0.3558,0.3602,1827.9
1703491200000.0,0.3606,0.3606,0.3542,0.3558,64898.0
1703494800000.0,0.3561,0.3588,0.3546,0.3587,17706.0
1703498400000.0,0.3593,0.3593,0.3566,0.357,13773.9
1703502000000.0,0.3566,0.3588,0.355,0.3568,25200.5
1703505600000.0,0.3566,0.3601,0.3553,0.3593,38165.7
1703509200000.0,0.3589,0.359,0.3524,0.3524,195993.6
1703512800000.0,0.3524,0.354,0.3511,0.3539,16847.3
1703516400000.0,0.3542,0.3543,0.3513,0.3513,34992.3
1703520000000.0,0.3513,0.3513,0.3459,0.347,21123.1
1703523600000.0,0.3475,0.3551,0.3471,0.3512,163619.5
1703527200000.0,0.3509,0.3512,0.3488,0.3496,16094.0
1703530800000.0,0.3494,0.3508,0.3491,0.3508,19053.8
1703534400000.0,0.35,0.3512,0.3483,0.3505,53640.5
1703538000000.0,0.3501,0.3517,0.3496,0.3516,47218.4
1703541600000.0,0.3514,0.3558,0.3514,0.3527,20574.2
1703545200000.0,0.3522,0.3522,0.35,0.3503,39617.7
1703548800000.0,0.351,0.3521,0.348,0.3492,25267.1
1703552400000.0,0.3496,0.3531,0.3492,0.3521,27336.6
1703556000000.0,0.3522,0.3561,0.3522,0.356,14223.9
1703559600000.0,0.3555,0.358,0.3483,0.3509,43443.5
1703563200000.0,0.3509,0.3535,0.3471,0.3481,68177.3
1703566800000.0,0.3479,0.3517,0.3424,0.3504,280209.7
1703570400000.0,0.3509,0.3522,0.3479,0.3479,85900.3
1703574000000.0,0.3479,0.3533,0.3471,0.3524,15994.6
1703577600000.0,0.3527,0.3537,0.3483,0.3496,76151.2
1703581200000.0,0.3493,0.35,0.3434,0.3453,65534.0
1703584800000.0,0.3451,0.348,0.3451,0.3467,22634.5
1703588400000.0,0.3473,0.3485,0.3457,0.3483,8865.3
1703592000000.0,0.3488,0.3525,0.3488,0.3523,37049.2
1703595600000.0,0.3523,0.3551,0.3512,0.354,12514.7
1703599200000.0,0.3545,0.3545,0.351,0.351,5698.5
1703602800000.0,0.351,0.3527,0.3471,0.3471,21241.3
1703606400000.0,0.3479,0.3508,0.3475,0.3483,41525.7
1703610000000.0,0.3488,0.3492,0.3322,0.3385,386152.1
1703613600000.0,0.3385,0.3411,0.3372,0.3411,19152.1
1703617200000.0,0.3406,0.3436,0.3402,0.343,7703.9
1703620800000.0,0.3436,0.35,0.3436,0.3497,39488.9
1703624400000.0,0.3505,0.3553,0.3505,0.3531,262574.0
1703628000000.0,0.353,0.3545,0.352,0.3545,16045.2
1703631600000.0,0.3549,0.3561,0.3432,0.3465,100692.3
1703635200000.0,0.3461,0.3465,0.343,0.343,20181.3
1703638800000.0,0.3433,0.344,0.3395,0.3395,7009.8
1703642400000.0,0.3394,0.3406,0.3344,0.3344,37983.4
1703646000000.0,0.3351,0.3388,0.3335,0.3351,123150.9
1703649600000.0,0.3355,0.3449,0.3355,0.3435,61267.4
1703653200000.0,0.3427,0.3441,0.3406,0.343,8085.7
1703656800000.0,0.3436,0.3436,0.3414,0.3416,6481.4
1703660400000.0,0.3414,0.3414,0.338,0.3402,27750.9
1703664000000.0,0.3397,0.3634,0.3393,0.3508,296588.6
1703667600000.0,0.3505,0.3545,0.3471,0.3545,28013.3
1703671200000.0,0.354,0.3616,0.3527,0.3564,65993.3
1703674800000.0,0.3566,0.3575,0.3535,0.3546,64712.5
1703678400000.0,0.3549,0.3553,0.3508,0.3545,23539.0
1703682000000.0,0.3546,0.3546,0.3508,0.3512,2279.0
1703685600000.0,0.3511,0.3517,0.3449,0.3469,45967.4
1703689200000.0,0.3475,0.3481,0.3446,0.3457,16148.4
1703692800000.0,0.3453,0.3475,0.3442,0.3465,23389.9
1703696400000.0,0.3468,0.3482,0.3444,0.3482,36946.5
1703700000000.0,0.348,0.3493,0.346,0.347,27015.3
1703703600000.0,0.3465,0.3479,0.3447,0.3447,25709.5
1703707200000.0,0.3444,0.346,0.3419,0.3444,92724.7
1703710800000.0,0.344,0.3465,0.338,0.338,54836.9
1703714400000.0,0.338,0.3392,0.3337,0.3339,87607.1
1703718000000.0,0.3343,0.3365,0.3343,0.3358,5834.4
1703721600000.0,0.3354,0.3398,0.3331,0.3331,150091.5
1703725200000.0,0.3334,0.3363,0.333,0.3359,219990.4
1703728800000.0,0.3359,0.3359,0.3339,0.3342,13169.3
1703732400000.0,0.3345,0.3359,0.3339,0.3359,14269.2
1703736000000.0,0.3359,0.3374,0.3353,0.3353,51016.9
1703739600000.0,0.3358,0.336,0.3346,0.3356,7788.8
1703743200000.0,0.3354,0.3354,0.3339,0.3339,6274.2
1703746800000.0,0.3338,0.3355,0.3335,0.3352,10016.9
1703750400000.0,0.3355,0.3368,0.3347,0.3358,18171.1
1703754000000.0,0.3355,0.3372,0.3344,0.3363,6558.3
1703757600000.0,0.3361,0.3394,0.3358,0.3389,6419.2
1703761200000.0,0.339,0.339,0.3368,0.3382,5535.8
1703764800000.0,0.338,0.3409,0.3345,0.3345,21151.0
1703768400000.0,0.3343,0.3377,0.3343,0.3363,22599.1
1703772000000.0,0.3359,0.3368,0.3343,0.3351,47492.8
1703775600000.0,0.3355,0.3427,0.3355,0.3406,109417.2
1703779200000.0,0.341,0.3443,0.3399,0.3443,47413.8
1703782800000.0,0.3443,0.3445,0.3404,0.3408,47482.2
1703786400000.0,0.3402,0.3402,0.3369,0.3391,32307.6
1703790000000.0,0.3397,0.3427,0.3397,0.3412,16565.8
1703793600000.0,0.341,0.3412,0.3381,0.3387,37450.5
1703797200000.0,0.3387,0.3406,0.3379,0.3388,54570.6
1703800800000.0,0.3389,0.3414,0.3388,0.3413,11507.6
1703804400000.0,0.341,0.3419,0.3386,0.3389,36141.4
1703808000000.0,0.3395,0.3405,0.3351,0.3355,21057.8
1703811600000.0,0.3351,0.3372,0.3342,0.3363,9380.7
1703815200000.0,0.3363,0.3384,0.3356,0.3378,3827.2
1703818800000.0,0.3385,0.3461,0.3372,0.3457,26558.4
1703822400000.0,0.346,0.3493,0.344,0.3489,106525.1
1703826000000.0,0.3488,0.3561,0.3476,0.3485,180355.6
1703829600000.0,0.3474,0.35,0.3455,0.3467,61516.9
1703833200000.0,0.347,0.347,0.3409,0.3415,28211.3
1703836800000.0,0.3419,0.3453,0.3419,0.3441,13586.9
1703840400000.0,0.3444,0.3462,0.3431,0.3436,35027.4
1703844000000.0,0.3431,0.3435,0.3402,0.3402,133652.7
1703847600000.0,0.34,0.3429,0.3393,0.3408,19543.2
1703851200000.0,0.3414,0.3437,0.3414,0.3434,6342.9
1703854800000.0,0.344,0.3463,0.342,0.342,23779.4
1703858400000.0,0.3419,0.3419,0.331,0.3344,161259.7
1703862000000.0,0.3343,0.3343,0.3325,0.3337,26932.9
1703865600000.0,0.3334,0.3355,0.3324,0.333,310752.9
1703869200000.0,0.3331,0.3335,0.3324,0.3327,3371.9
1703872800000.0,0.3327,0.3346,0.3326,0.3338,6760.8
1703876400000.0,0.3339,0.3344,0.333,0.3344,35887.0
1703880000000.0,0.3339,0.3339,0.333,0.333,3493.0
1703883600000.0,0.333,0.3343,0.333,0.333,3133.4
1703887200000.0,0.3329,0.334,0.3326,0.3335,11498.3
1703890800000.0,0.3335,0.3362,0.3335,0.3362,48788.4
1703894400000.0,0.3361,0.3393,0.3361,0.3382,45557.8
1703898000000.0,0.338,0.3406,0.3378,0.3402,10106.7
1703901600000.0,0.3405,0.3405,0.3339,0.3367,149511.5
1703905200000.0,0.3362,0.3398,0.3362,0.3376,27316.8
1703908800000.0,0.338,0.341,0.338,0.3395,23059.7
1703912400000.0,0.3402,0.3411,0.3376,0.338,1924.1
1703916000000.0,0.3376,0.3385,0.3363,0.3363,15613.0
1703919600000.0,0.3368,0.3382,0.3362,0.3376,7867.8
1703923200000.0,0.338,0.3393,0.3351,0.3359,2721.7
1703926800000.0,0.3358,0.3404,0.3358,0.3363,53489.5
1703930400000.0,0.3364,0.338,0.3345,0.338,61539.1
1703934000000.0,0.3385,0.3388,0.3356,0.3356,27014.2
1703937600000.0,0.3361,0.3363,0.3357,0.3357,9017.6
1703941200000.0,0.336,0.3362,0.3347,0.336,6768.8
1703944800000.0,0.3363,0.343,0.3363,0.3421,170124.4
1703948400000.0,0.3427,0.3459,0.3371,0.3459,304567.6
1703952000000.0,0.3461,0.3467,0.3436,0.3444,17966.3
1703955600000.0,0.3445,0.3455,0.3423,0.3444,15141.7
1703959200000.0,0.344,0.346,0.3429,0.346,8850.0
1703962800000.0,0.3461,0.3482,0.3453,0.3465,14875.2
1703966400000.0,0.3461,0.3461,0.344,0.344,2366.6
1703970000000.0,0.3439,0.3444,0.3426,0.3435,2049.7
1703973600000.0,0.3436,0.3447,0.3431,0.3435,14884.6
1703977200000.0,0.3434,0.348,0.3434,0.3465,16571.5
1703980800000.0,0.347,0.3485,0.3466,0.3479,21752.8
1703984400000.0,0.3483,0.3498,0.347,0.3474,19158.5
1703988000000.0,0.3475,0.3493,0.3446,0.3465,19662.5
1703991600000.0,0.347,0.3484,0.3468,0.3475,20502.5
1703995200000.0,0.3478,0.3487,0.3357,0.3389,198580.0
1703998800000.0,0.3387,0.3398,0.338,0.3386,1350.5
1704002400000.0,0.3387,0.3408,0.3384,0.3398,27438.6
1704006000000.0,0.3393,0.3414,0.3389,0.3401,5339.8
1704009600000.0,0.3397,0.3414,0.3364,0.3389,86781.1
1704013200000.0,0.3393,0.3402,0.338,0.3391,30041.5
1704016800000.0,0.3393,0.3399,0.3386,0.3396,21651.9
1704020400000.0,0.3393,0.3397,0.3389,0.3389,7395.4
1704024000000.0,0.3385,0.3399,0.3379,0.3397,68079.9
1704027600000.0,0.3402,0.342,0.3393,0.3399,29521.0
1704031200000.0,0.3397,0.3407,0.3387,0.3402,13511.1
1704034800000.0,0.34,0.3417,0.3398,0.3413,15983.4
1704038400000.0,0.3414,0.3448,0.3414,0.3431,45816.8
1704042000000.0,0.3431,0.3477,0.3427,0.3475,40614.1
1704045600000.0,0.3477,0.3481,0.3442,0.3475,57841.1
1704049200000.0,0.3475,0.3481,0.3474,0.3475,29858.6
1704052800000.0,0.347,0.3486,0.3448,0.3468,98492.8
1704056400000.0,0.3465,0.3502,0.3462,0.347,249868.4
1704060000000.0,0.3468,0.3468,0.3368,0.3382,46823.9
1704063600000.0,0.3389,0.3395,0.3361,0.3372,72850.7
1704067200000.0,0.3376,0.3427,0.3376,0.3413,41912.7
1704070800000.0,0.342,0.342,0.3381,0.3389,48219.9
1704074400000.0,0.3388,0.3406,0.3382,0.3389,45272.6
1704078000000.0,0.3393,0.3409,0.336,0.3406,54714.6
1704081600000.0,0.3402,0.3402,0.3356,0.3357,4149.1
1704085200000.0,0.336,0.3364,0.3356,0.3356,8334.0
1704088800000.0,0.3359,0.3373,0.3354,0.3367,16502.0
1704092400000.0,0.3372,0.3383,0.3362,0.338,4849.0
1704096000000.0,0.3383,0.3431,0.3375,0.343,10246.7
1704099600000.0,0.3436,0.3445,0.3418,0.3427,36174.5
1704103200000.0,0.3431,0.3445,0.3419,0.344,114316.9
1704106800000.0,0.3444,0.3457,0.344,0.3455,11189.7
1704110400000.0,0.3455,0.3492,0.344,0.3457,78374.7
1704114000000.0,0.3461,0.3468,0.3431,0.3441,32406.4
1704117600000.0,0.3436,0.3436,0.3411,0.3419,10621.5
1704121200000.0,0.3423,0.3471,0.3409,0.3468,140663.8
1704124800000.0,0.3475,0.3529,0.3431,0.3455,218370.2
1704128400000.0,0.3451,0.3465,0.3451,0.3457,15195.3
1704132000000.0,0.3461,0.348,0.3456,0.3458,9685.6
1704135600000.0,0.3457,0.3457,0.3447,0.3456,6170.7
1704139200000.0,0.3457,0.3459,0.3447,0.3453,13311.1
1704142800000.0,0.345,0.345,0.3417,0.3431,25672.8
1704146400000.0,0.3436,0.3439,0.3425,0.3437,12912.3
1704150000000.0,0.3436,0.3461,0.3436,0.345,4051.1
1704153600000.0,0.3444,0.3465,0.3397,0.3464,46333.7
1704157200000.0,0.347,0.3501,0.3457,0.3463,36815.7
1704160800000.0,0.3465,0.3479,0.3453,0.3465,16137.0
1704164400000.0,0.3461,0.3461,0.3388,0.3406,133043.1
1704168000000.0,0.3405,0.3423,0.3378,0.3423,189504.3
1704171600000.0,0.3425,0.3425,0.3388,0.3388,27445.7
1704175200000.0,0.3393,0.3406,0.3391,0.3403,21639.4
1704178800000.0,0.3402,0.3406,0.3398,0.3406,7138.2
1704182400000.0,0.3407,0.3421,0.3391,0.3421,25394.9
1704186000000.0,0.3423,0.343,0.3387,0.3394,77664.2
1704189600000.0,0.3397,0.3399,0.3374,0.3388,115389.8
1704193200000.0,0.3393,0.3419,0.3393,0.3406,31091.9
1704196800000.0,0.341,0.341,0.3372,0.3378,23462.5
1704200400000.0,0.3376,0.3403,0.3316,0.335,483092.5
1704204000000.0,0.3352,0.3355,0.3328,0.3341,73598.4
1704207600000.0,0.3337,0.3359,0.3333,0.3353,163932.3
1704211200000.0,0.3359,0.3366,0.3342,0.3362,130937.9
1704214800000.0,0.3357,0.3368,0.3339,0.3343,45478.3
1704218400000.0,0.3345,0.3347,0.3335,0.3346,65002.4
1704222000000.0,0.3344,0.3348,0.3337,0.3342,3135.5
1704225600000.0,0.3343,0.3351,0.3337,0.334,12918.4
1704229200000.0,0.3339,0.3349,0.3332,0.3342,33113.9
1704232800000.0,0.3342,0.3353,0.3339,0.3345,84829.1
1704236400000.0,0.3349,0.3389,0.3346,0.3378,150067.7
1704240000000.0,0.3381,0.3407,0.3375,0.3379,139402.1
1704243600000.0,0.3376,0.3383,0.3363,0.3379,121092.3
1704247200000.0,0.3376,0.3405,0.3362,0.3394,163111.8
1704250800000.0,0.3393,0.3407,0.3383,0.3407,71565.2
1704254400000.0,0.3402,0.3425,0.3401,0.341,36298.1
1704258000000.0,0.3406,0.341,0.3392,0.341,2013.9
1704261600000.0,0.3402,0.3415,0.3402,0.341,4748.4
1704265200000.0,0.3414,0.3414,0.3388,0.3388,9914.3
1704268800000.0,0.3393,0.3414,0.3393,0.3404,12486.4
1704272400000.0,0.3408,0.3423,0.3402,0.3402,6973.6
1704276000000.0,0.3406,0.342,0.338,0.3384,217147.2
1704279600000.0,0.3385,0.3385,0.333,0.3336,520688.5
1704283200000.0,0.3335,0.3402,0.3292,0.3375,586329.1
1704286800000.0,0.338,0.3386,0.3319,0.3376,143120.8
1704290400000.0,0.3372,0.3399,0.3322,0.3343,117092.4
1704294000000.0,0.3347,0.39,0.3342,0.374,677016.2
1704297600000.0,0.3739,0.3864,0.3442,0.353,985305.7
1704301200000.0,0.3535,0.365,0.3535,0.363,185528.4
1704304800000.0,0.3632,0.3675,0.3529,0.3591,577927.1
1704308400000.0,0.3598,0.366,0.3583,0.3628,242005.4
1704312000000.0,0.3634,0.3759,0.3633,0.3664,236983.0
1704315600000.0,0.3665,0.3786,0.3663,0.3684,267278.1
1704319200000.0,0.3685,0.3714,0.3657,0.3679,281367.1
1704322800000.0,0.367,0.3718,0.3402,0.3489,602695.5
1704326400000.0,0.3488,0.3536,0.3454,0.3496,208513.4
1704330000000.0,0.3496,0.3522,0.3312,0.3343,280144.5
1704333600000.0,0.3343,0.3352,0.3318,0.3338,189532.5
1704337200000.0,0.3335,0.3353,0.3305,0.3343,228958.0
1704340800000.0,0.3343,0.3351,0.3329,0.3332,26225.9
1704344400000.0,0.3333,0.3369,0.3327,0.3356,37125.0
1704348000000.0,0.3361,0.3394,0.3354,0.3388,46025.0
1704351600000.0,0.3389,0.3393,0.3347,0.3349,53679.7
1704355200000.0,0.3349,0.3376,0.3342,0.3372,39045.6
1704358800000.0,0.3372,0.3383,0.3355,0.3359,32895.2
1704362400000.0,0.3363,0.3385,0.3351,0.3369,14423.1
1704366000000.0,0.3372,0.338,0.3355,0.3368,5165.4
1704369600000.0,0.3372,0.3387,0.3363,0.3376,23337.5
1704373200000.0,0.3372,0.3373,0.3359,0.3363,23103.9
1704376800000.0,0.3363,0.338,0.3353,0.3371,46384.7
1704380400000.0,0.3372,0.343,0.337,0.3407,176986.1
1704384000000.0,0.3409,0.3417,0.3368,0.3394,53188.5
1704387600000.0,0.3397,0.3414,0.3386,0.3406,42821.8
1704391200000.0,0.3402,0.3408,0.3389,0.3389,22816.5
1704394800000.0,0.3386,0.3406,0.3385,0.3396,61812.3
1704398400000.0,0.3401,0.342,0.3391,0.3396,73466.9
1704402000000.0,0.3397,0.3409,0.3369,0.3382,108575.6
1704405600000.0,0.3382,0.3415,0.3363,0.3366,79691.2
1704409200000.0,0.337,0.3397,0.3356,0.3379,177852.5
1704412800000.0,0.3378,0.34,0.3375,0.3386,32033.3
1704416400000.0,0.3382,0.3383,0.3326,0.3353,39856.2
1704420000000.0,0.3353,0.3377,0.3343,0.336,19652.7
1704423600000.0,0.3359,0.3413,0.3355,0.3404,188136.4
1704427200000.0,0.3401,0.3427,0.3382,0.3422,65771.7
1704430800000.0,0.3423,0.3423,0.3376,0.338,47885.3
1704434400000.0,0.3384,0.3397,0.338,0.3397,31200.0
1704438000000.0,0.3395,0.3412,0.3382,0.3409,10938.3
1704441600000.0,0.3409,0.3426,0.3389,0.3411,8494.4
1704445200000.0,0.3418,0.3478,0.3414,0.3475,19652.9
1704448800000.0,0.3471,0.3481,0.341,0.3427,17238.2
1704452400000.0,0.3427,0.3463,0.3403,0.3412,30714.8
1704456000000.0,0.3414,0.3427,0.3375,0.3423,20351.3
1704459600000.0,0.3424,0.3452,0.3402,0.3419,80797.8
1704463200000.0,0.3418,0.3432,0.3345,0.3363,35817.2
1704466800000.0,0.3364,0.3382,0.3349,0.3364,14931.6
1704470400000.0,0.3366,0.3423,0.3358,0.3376,301543.1
1704474000000.0,0.338,0.3391,0.3337,0.3362,74582.4
1704477600000.0,0.3356,0.3366,0.3347,0.3356,40930.4
1704481200000.0,0.3358,0.3366,0.3355,0.3355,4526.8
1704484800000.0,0.3358,0.3377,0.3355,0.3372,30868.7
1704488400000.0,0.3368,0.3382,0.3352,0.3376,31659.5
1704492000000.0,0.3375,0.3395,0.3375,0.3395,16595.6
1704495600000.0,0.3397,0.3405,0.3385,0.3395,26726.3
1704499200000.0,0.3393,0.3402,0.3372,0.3393,4270.2
1704502800000.0,0.3399,0.342,0.338,0.3394,10984.1
1704506400000.0,0.3393,0.3402,0.3363,0.3371,6223.3
1704510000000.0,0.3368,0.3383,0.3365,0.3367,1655.0
1704513600000.0,0.3364,0.338,0.3344,0.337,61603.5
1704517200000.0,0.3376,0.3388,0.3341,0.3356,35106.4
1704520800000.0,0.3358,0.3365,0.3336,0.3338,4116.3
1704524400000.0,0.3337,0.3364,0.3334,0.3364,25490.7
1704528000000.0,0.336,0.3376,0.3355,0.3375,44971.5
1704531600000.0,0.3372,0.3384,0.3358,0.3363,13092.5
1704535200000.0,0.3362,0.3367,0.335,0.3357,3076.7
1704538800000.0,0.3358,0.3368,0.3355,0.3368,876.6
1704542400000.0,0.3365,0.3385,0.3362,0.3368,6493.8
1704546000000.0,0.3367,0.3385,0.3367,0.3377,618.2
1704549600000.0,0.3376,0.3382,0.336,0.3364,2491.2
1704553200000.0,0.3363,0.3379,0.3361,0.3374,10660.8
1704556800000.0,0.3369,0.3381,0.3367,0.338,3520.5
1704560400000.0,0.3378,0.3411,0.3377,0.3409,2875.4
1704564000000.0,0.3412,0.3425,0.3397,0.3397,53571.7
1704567600000.0,0.3394,0.3394,0.3364,0.338,22036.3
1704571200000.0,0.338,0.3384,0.3364,0.338,1836.1
1704574800000.0,0.338,0.3383,0.3372,0.3382,2989.3
1704578400000.0,0.3379,0.3399,0.3374,0.3392,32989.0
1704582000000.0,0.3389,0.3397,0.3368,0.3391,35002.0
1704585600000.0,0.3391,0.3414,0.3391,0.3402,9739.0
1704589200000.0,0.3406,0.3406,0.3369,0.3377,49183.3
1704592800000.0,0.3379,0.3396,0.3372,0.3377,5070.0
1704596400000.0,0.3378,0.3387,0.3369,0.3382,6642.2
1704600000000.0,0.3384,0.34,0.3381,0.3388,4648.5
1704603600000.0,0.3388,0.3397,0.3378,0.3389,35890.6
1704607200000.0,0.3389,0.3402,0.3377,0.3382,22841.5
1704610800000.0,0.3388,0.3394,0.3373,0.3376,15001.5
1704614400000.0,0.338,0.3392,0.3367,0.3367,1065.3
1704618000000.0,0.3368,0.3376,0.3353,0.3353,13823.5
1704621600000.0,0.3357,0.3363,0.3345,0.3349,3159.9
1704625200000.0,0.3351,0.3368,0.3348,0.336,29063.6
1704628800000.0,0.3356,0.3367,0.3347,0.3362,15607.1
1704632400000.0,0.3365,0.3379,0.3361,0.3368,10936.1
1704636000000.0,0.3366,0.3377,0.3359,0.3372,10753.6
1704639600000.0,0.3369,0.3375,0.3346,0.3352,7252.9
1704643200000.0,0.3355,0.3363,0.3338,0.3347,44845.7
1704646800000.0,0.3347,0.3351,0.3343,0.3348,55597.8
1704650400000.0,0.3349,0.3361,0.3344,0.3359,14277.2
1704654000000.0,0.3355,0.3365,0.3347,0.335,657.0
1704657600000.0,0.3351,0.3355,0.3342,0.3351,978.4
1704661200000.0,0.3347,0.3356,0.3345,0.3354,9317.7
1704664800000.0,0.3353,0.3355,0.3321,0.3334,15256.4
1704668400000.0,0.333,0.3343,0.332,0.333,48642.2
1704672000000.0,0.3333,0.3335,0.3319,0.3319,14504.6
1704675600000.0,0.3322,0.3334,0.3318,0.3322,14090.8
1704679200000.0,0.3318,0.3323,0.3307,0.3317,28821.0
1704682800000.0,0.332,0.3343,0.3309,0.3327,61316.5
1704686400000.0,0.3326,0.3389,0.3318,0.3376,39353.6
1704690000000.0,0.338,0.3401,0.336,0.3397,18008.5
1704693600000.0,0.3402,0.3426,0.3366,0.338,67631.8
1704697200000.0,0.3382,0.3384,0.332,0.3328,29150.6
1704700800000.0,0.3322,0.3351,0.3322,0.3333,19234.6
1704704400000.0,0.3335,0.3337,0.3325,0.3326,46875.1
1704708000000.0,0.3324,0.3343,0.3323,0.3339,4420.7
1704711600000.0,0.3335,0.3359,0.3335,0.3355,1448.7
1704715200000.0,0.3359,0.3372,0.3347,0.3365,38323.2
1704718800000.0,0.336,0.3379,0.3342,0.3343,14951.7
1704722400000.0,0.3341,0.3355,0.3339,0.334,28428.6
1704726000000.0,0.3342,0.3369,0.3342,0.3352,38928.0
1704729600000.0,0.3359,0.3362,0.3346,0.3346,268.7
1704733200000.0,0.3345,0.3359,0.3344,0.3359,24436.8
1704736800000.0,0.3361,0.3369,0.3358,0.3365,78983.0
1704740400000.0,0.3368,0.3368,0.3342,0.3363,14237.7
1704744000000.0,0.3362,0.3362,0.3347,0.3349,15225.8
1704747600000.0,0.3347,0.3355,0.3343,0.3343,7028.7
1704751200000.0,0.3347,0.337,0.3342,0.3363,31486.2
1704754800000.0,0.3365,0.3391,0.3359,0.3361,31136.3
1704758400000.0,0.3366,0.3388,0.333,0.3368,20424.1
1704762000000.0,0.3359,0.3366,0.3344,0.3354,12518.4
1704765600000.0,0.3355,0.336,0.3348,0.3359,4012.1
1704769200000.0,0.3361,0.3368,0.3356,0.3365,572.5
1704772800000.0,0.3365,0.3386,0.3365,0.3385,44030.2
1704776400000.0,0.3386,0.3399,0.3357,0.338,3541.2
1704780000000.0,0.3376,0.3385,0.3372,0.3381,24130.2
1704783600000.0,0.3376,0.338,0.3368,0.3372,3438.8
1704787200000.0,0.3371,0.3377,0.3345,0.3345,4076.4
1704790800000.0,0.335,0.3351,0.3338,0.3338,2487.8
1704794400000.0,0.3335,0.3339,0.3333,0.3339,135.2
1704798000000.0,0.334,0.3351,0.3338,0.3349,36155.3
1704801600000.0,0.3343,0.3348,0.332,0.3327,77819.6
1704805200000.0,0.333,0.3343,0.3325,0.3337,49817.0
1704808800000.0,0.3342,0.3346,0.3332,0.3332,11546.4
1704812400000.0,0.3328,0.3339,0.3327,0.3339,35361.3
1704816000000.0,0.3337,0.3348,0.3324,0.3335,111277.3
1704819600000.0,0.3334,0.3349,0.3328,0.3343,36676.9
1704823200000.0,0.3345,0.3358,0.3344,0.3353,43736.9
1704826800000.0,0.3352,0.3352,0.3338,0.3346,2903.2
1704830400000.0,0.3347,0.3349,0.3334,0.3342,10540.7
1704834000000.0,0.3346,0.3367,0.3322,0.3328,431164.2
1704837600000.0,0.3332,0.3344,0.3332,0.3342,2861.8
1704841200000.0,0.3344,0.3349,0.334,0.3344,6027.0
1704844800000.0,0.3349,0.3376,0.3349,0.3366,30748.6
1704848400000.0,0.3365,0.3383,0.3362,0.3377,10823.0
1704852000000.0,0.3385,0.3385,0.3342,0.3347,11016.5
1704855600000.0,0.3342,0.3376,0.3342,0.3366,49188.6
1704859200000.0,0.3359,0.3379,0.3358,0.3377,23474.8
1704862800000.0,0.3375,0.3385,0.3363,0.3363,31438.8
1704866400000.0,0.3359,0.3367,0.3352,0.3364,30849.0
1704870000000.0,0.3363,0.3365,0.3351,0.3359,8636.7
1704873600000.0,0.3363,0.3363,0.3354,0.3359,967.9
1704877200000.0,0.3357,0.3373,0.3357,0.3364,3473.2
1704880800000.0,0.337,0.338,0.3366,0.3366,2976.8
1704884400000.0,0.3371,0.3375,0.3364,0.3375,26941.1
1704888000000.0,0.3379,0.3555,0.3379,0.342,759262.1
1704891600000.0,0.3416,0.342,0.3382,0.3408,50458.0
1704895200000.0,0.3409,0.3465,0.3409,0.3439,21693.6
1704898800000.0,0.3436,0.3451,0.3348,0.3367,391156.1
1704902400000.0,0.3363,0.3371,0.335,0.3357,17595.7
1704906000000.0,0.3355,0.3378,0.3351,0.3369,56982.6
1704909600000.0,0.337,0.3381,0.3359,0.3371,130817.7
1704913200000.0,0.3373,0.3377,0.3362,0.3367,24324.0
1704916800000.0,0.3371,0.3387,0.3346,0.3387,284270.0
1704920400000.0,0.3383,0.3416,0.3375,0.3406,114286.9
1704924000000.0,0.3409,0.3447,0.3402,0.3425,36631.2
1704927600000.0,0.3427,0.3467,0.3397,0.3406,43778.2
1704931200000.0,0.3409,0.3433,0.338,0.3431,100275.4
1704934800000.0,0.3431,0.3435,0.3413,0.3423,19845.9
1704938400000.0,0.342,0.3471,0.3416,0.3468,104467.8
1704942000000.0,0.3468,0.35,0.3459,0.35,63482.1
1704945600000.0,0.3499,0.35,0.3458,0.346,55617.6
1704949200000.0,0.3459,0.3463,0.3431,0.3455,41636.0
1704952800000.0,0.3451,0.3451,0.3431,0.3433,5353.6
1704956400000.0,0.3431,0.3467,0.3426,0.3467,5130.9
1704960000000.0,0.3471,0.3497,0.3434,0.3467,55372.9
1704963600000.0,0.3463,0.3468,0.3438,0.3446,46562.4
1704967200000.0,0.3439,0.3462,0.3439,0.3462,11099.6
1704970800000.0,0.3455,0.3459,0.3442,0.3459,4545.0
1704974400000.0,0.3463,0.3496,0.3446,0.3463,114527.2
1704978000000.0,0.3465,0.3465,0.3429,0.3447,45910.9
1704981600000.0,0.3443,0.3479,0.3439,0.3467,92130.7
1704985200000.0,0.3469,0.3471,0.339,0.3406,44305.5
1704988800000.0,0.3409,0.3423,0.335,0.3383,140207.8
1704992400000.0,0.3382,0.3392,0.3363,0.3389,197789.1
1704996000000.0,0.3393,0.3412,0.3392,0.3403,25332.8
1704999600000.0,0.3399,0.3411,0.339,0.3411,7789.9
1705003200000.0,0.3411,0.342,0.3379,0.3383,27356.9
1705006800000.0,0.3387,0.3391,0.3375,0.3375,4394.1
1705010400000.0,0.3371,0.3381,0.3367,0.3375,27109.8
1705014000000.0,0.3377,0.3383,0.3375,0.3379,3122.1
1705017600000.0,0.3376,0.3391,0.3368,0.3391,7379.5
1705021200000.0,0.3389,0.3395,0.3367,0.3394,4535.0
1705024800000.0,0.3391,0.3406,0.3391,0.3406,6270.6
1705028400000.0,0.3406,0.3406,0.3375,0.339,19597.3
1705032000000.0,0.3384,0.3392,0.3375,0.3388,19303.0
1705035600000.0,0.3391,0.3405,0.3388,0.3393,24771.3
1705039200000.0,0.3392,0.3402,0.3384,0.3385,41790.8
1705042800000.0,0.3387,0.3387,0.3375,0.3383,29240.9
1705046400000.0,0.3384,0.3384,0.3365,0.3371,28059.3
1705050000000.0,0.3369,0.3391,0.3363,0.3391,12306.7
1705053600000.0,0.3395,0.3406,0.3392,0.3399,17238.6
1705057200000.0,0.3402,0.342,0.3397,0.3397,24820.6
1705060800000.0,0.3398,0.3401,0.3387,0.3387,1389.1
1705064400000.0,0.3384,0.3415,0.3384,0.3414,10615.9
1705068000000.0,0.3409,0.3415,0.3387,0.3395,11742.4
1705071600000.0,0.3393,0.3393,0.3352,0.3367,24862.1
1705075200000.0,0.3374,0.3375,0.335,0.3363,43121.1
1705078800000.0,0.3363,0.3368,0.3328,0.335,74476.1
1705082400000.0,0.3352,0.336,0.3342,0.3354,43955.3
1705086000000.0,0.3353,0.3357,0.3349,0.3355,2840.2
1705089600000.0,0.3359,0.3374,0.3357,0.3374,5163.4
1705093200000.0,0.3375,0.3391,0.3349,0.3363,32703.1
1705096800000.0,0.3363,0.3363,0.3327,0.3358,141148.8
1705100400000.0,0.3356,0.3366,0.3356,0.3362,13903.5
1705104000000.0,0.3364,0.3368,0.3357,0.3357,7497.8
1705107600000.0,0.3356,0.3387,0.3335,0.3379,99173.4
1705111200000.0,0.3381,0.3385,0.3364,0.3384,90589.7
1705114800000.0,0.338,0.3396,0.3379,0.3392,154837.6
1705118400000.0,0.3394,0.344,0.3394,0.3434,33561.9
1705122000000.0,0.3434,0.3437,0.3379,0.3409,64476.8
1705125600000.0,0.3411,0.3419,0.3387,0.3394,47501.8
1705129200000.0,0.3399,0.3409,0.3387,0.3404,2884.8
1705132800000.0,0.3406,0.3422,0.3406,0.341,16956.8
1705136400000.0,0.3416,0.3428,0.3392,0.3392,17217.3
1705140000000.0,0.3399,0.3415,0.3399,0.3411,7281.5
1705143600000.0,0.3412,0.342,0.3392,0.3392,20657.5
1705147200000.0,0.3399,0.3406,0.3396,0.34,14551.2
1705150800000.0,0.3399,0.3418,0.3399,0.3418,19665.0
1705154400000.0,0.342,0.3435,0.3405,0.342,80848.7
1705158000000.0,0.3419,0.3423,0.3335,0.334,101208.0
1705161600000.0,0.3339,0.3379,0.3337,0.3372,83228.6
1705165200000.0,0.3371,0.3388,0.3367,0.3385,11353.3
1705168800000.0,0.3384,0.3391,0.3374,0.3375,5188.7
1705172400000.0,0.3376,0.3389,0.3371,0.3387,17698.2
1705176000000.0,0.3383,0.3394,0.3379,0.338,28139.1
1705179600000.0,0.3379,0.3394,0.3379,0.3392,18249.1
1705183200000.0,0.3392,0.3401,0.3389,0.3399,6710.6
1705186800000.0,0.3396,0.3403,0.3392,0.3392,1027.8
1705190400000.0,0.3391,0.3399,0.336,0.3375,42005.6
1705194000000.0,0.3374,0.3392,0.3374,0.3387,4175.4
1705197600000.0,0.3387,0.3389,0.3365,0.3381,30605.4
1705201200000.0,0.3384,0.3399,0.338,0.3384,25871.6
1705204800000.0,0.3389,0.3389,0.3379,0.3379,1839.3
1705208400000.0,0.3382,0.3387,0.3379,0.3383,270.2
1705212000000.0,0.3386,0.3394,0.338,0.3384,171053.9
1705215600000.0,0.3382,0.3386,0.3379,0.3386,6118.9
1705219200000.0,0.3387,0.3398,0.3387,0.3398,7574.9
1705222800000.0,0.3396,0.3399,0.3391,0.3392,953.9
1705226400000.0,0.3397,0.3397,0.3387,0.3387,4436.1
1705230000000.0,0.3386,0.3386,0.3371,0.3379,2928.1
1705233600000.0,0.3378,0.3382,0.3375,0.3376,111.6
1705237200000.0,0.3375,0.3387,0.3375,0.3382,2661.8
1705240800000.0,0.3383,0.3392,0.3379,0.3392,8247.9
1705244400000.0,0.3393,0.3393,0.3384,0.3384,821.1
1705248000000.0,0.3385,0.339,0.3385,0.3388,1418.3
1705251600000.0,0.339,0.3397,0.3386,0.339,4037.3
1705255200000.0,0.3389,0.3392,0.3383,0.3387,2603.9
1705258800000.0,0.3389,0.3389,0.3366,0.3366,12698.7
1705262400000.0,0.3366,0.338,0.3359,0.3374,8214.8
1705266000000.0,0.3371,0.3377,0.3359,0.3377,16229.5
1705269600000.0,0.3375,0.3376,0.3365,0.3376,2092.0
1705273200000.0,0.3371,0.3371,0.3353,0.3353,6186.2
1705276800000.0,0.3352,0.3363,0.3349,0.3363,11763.0
1705280400000.0,0.3363,0.3378,0.3363,0.3377,4034.8
1705284000000.0,0.3375,0.339,0.3374,0.3389,20306.8
1705287600000.0,0.3388,0.3394,0.3384,0.3384,30359.5
1705291200000.0,0.3384,0.3391,0.338,0.3382,1217.4
1705294800000.0,0.3387,0.3391,0.3376,0.3386,282.7
1705298400000.0,0.3387,0.3391,0.3371,0.3383,10761.6
1705302000000.0,0.3382,0.3387,0.3382,0.3385,15.1
1705305600000.0,0.3379,0.3384,0.3374,0.3384,4662.3
1705309200000.0,0.3379,0.3379,0.3374,0.3379,2572.3
1705312800000.0,0.3376,0.3383,0.3376,0.3383,383.2
1705316400000.0,0.3379,0.3411,0.3377,0.3401,24726.7
1705320000000.0,0.3401,0.3402,0.3387,0.3399,1308.2
1705323600000.0,0.3401,0.3418,0.3401,0.3409,22136.1
1705327200000.0,0.3406,0.3427,0.339,0.3396,72138.1
1705330800000.0,0.3396,0.3412,0.3391,0.3392,15132.0
1705334400000.0,0.3393,0.3408,0.3389,0.3408,822.5
1705338000000.0,0.3409,0.3417,0.3405,0.3405,105193.0
1705341600000.0,0.3403,0.3415,0.3392,0.3392,16751.6
1705345200000.0,0.3396,0.3398,0.339,0.339,42690.6
1705348800000.0,0.3395,0.3411,0.3391,0.3391,6845.5
1705352400000.0,0.3395,0.3398,0.3393,0.3393,791.5
1705356000000.0,0.3395,0.34,0.3387,0.3398,1482.8
1705359600000.0,0.3401,0.3409,0.3401,0.3406,666.4
1705363200000.0,0.3411,0.3431,0.3411,0.3431,3512.8
1705366800000.0,0.3435,0.3435,0.3413,0.3417,1890.9
1705370400000.0,0.3414,0.3427,0.3406,0.3406,10886.3
1705374000000.0,0.341,0.3431,0.341,0.3415,27114.0
1705377600000.0,0.3416,0.3416,0.3406,0.3412,2457.9
1705381200000.0,0.3411,0.3412,0.3387,0.3387,851.7
1705384800000.0,0.3387,0.3408,0.3374,0.3408,46023.1
1705388400000.0,0.3409,0.3423,0.3409,0.3417,11784.4
1705392000000.0,0.3416,0.3479,0.3416,0.347,111397.9
1705395600000.0,0.3469,0.3545,0.3457,0.3528,97267.1
1705399200000.0,0.3532,0.3552,0.3358,0.3387,473945.2
1705402800000.0,0.3387,0.3394,0.3372,0.3383,17370.2
1705406400000.0,0.3386,0.3391,0.3375,0.3377,706.1
1705410000000.0,0.3379,0.3382,0.3363,0.3369,22351.6
1705413600000.0,0.3363,0.3371,0.3345,0.3363,57146.1
1705417200000.0,0.3367,0.3385,0.3363,0.3379,2399.8
1705420800000.0,0.3378,0.3382,0.3366,0.337,6319.7
1705424400000.0,0.337,0.3371,0.3358,0.3366,1567.8
1705428000000.0,0.3367,0.3371,0.3359,0.3367,5846.8
1705431600000.0,0.3359,0.3374,0.3359,0.3374,2807.3
1705435200000.0,0.3373,0.3379,0.3365,0.337,8732.2
1705438800000.0,0.3369,0.3376,0.3362,0.3371,22854.8
1705442400000.0,0.3378,0.3382,0.3372,0.3377,11000.5
1705446000000.0,0.3381,0.3383,0.3369,0.337,13121.8
1705449600000.0,0.3371,0.3377,0.337,0.3377,816.2
1705453200000.0,0.3378,0.3381,0.3376,0.338,17823.3
1705456800000.0,0.3376,0.3384,0.3376,0.338,2719.1
1705460400000.0,0.3384,0.3386,0.3379,0.3379,3354.4
1705464000000.0,0.3379,0.338,0.3373,0.3373,408.7
1705467600000.0,0.3374,0.3385,0.3371,0.3371,3385.1
1705471200000.0,0.3375,0.3375,0.3367,0.3373,8972.2
1705474800000.0,0.3369,0.3369,0.3358,0.3358,9553.3
1705478400000.0,0.3358,0.3375,0.3356,0.3375,2838.7
1705482000000.0,0.3374,0.3375,0.3371,0.3371,2186.2
1705485600000.0,0.3372,0.3372,0.3367,0.3367,4509.3
1705489200000.0,0.3371,0.3371,0.3369,0.3369,1355.7
1705492800000.0,0.3371,0.3375,0.3362,0.3375,25635.6
1705496400000.0,0.3374,0.3374,0.3365,0.3365,3767.5
1705500000000.0,0.3366,0.3385,0.3366,0.3375,9956.1
1705503600000.0,0.3372,0.3383,0.3356,0.3365,43737.6
1705507200000.0,0.3361,0.3369,0.3361,0.3369,7093.0
1705510800000.0,0.3363,0.3368,0.335,0.3368,12629.2
1705514400000.0,0.3366,0.337,0.3362,0.3366,19199.6
1705518000000.0,0.3361,0.3363,0.3359,0.3363,2183.7
1705521600000.0,0.3366,0.3366,0.3361,0.3361,6343.4
1705525200000.0,0.3364,0.3364,0.3359,0.3359,1943.1
1705528800000.0,0.3355,0.3359,0.3352,0.3359,9801.7
1705532400000.0,0.3359,0.3371,0.3359,0.3371,1132.7
1705536000000.0,0.3368,0.3375,0.3367,0.3375,1738.7
1705539600000.0,0.3376,0.3376,0.3359,0.3359,1107.1
1705543200000.0,0.3363,0.3369,0.3359,0.3359,4732.2
1705546800000.0,0.3359,0.3359,0.3354,0.3354,1019.8
1705550400000.0,0.3358,0.3359,0.3354,0.3356,45845.7
1705554000000.0,0.3352,0.3367,0.3352,0.3367,10490.8
1705557600000.0,0.3369,0.3375,0.3369,0.3372,343.9
1705561200000.0,0.3375,0.3375,0.3371,0.3375,4871.2
1705564800000.0,0.3371,0.3371,0.3362,0.3362,280.7
1705568400000.0,0.3367,0.3368,0.3365,0.3365,1662.5
1705572000000.0,0.3364,0.3369,0.3359,0.3359,2898.1
1705575600000.0,0.3363,0.3363,0.3358,0.3358,2241.2
1705579200000.0,0.3355,0.3355,0.3347,0.3352,21093.6
1705582800000.0,0.3349,0.3358,0.3336,0.3358,7296.8
1705586400000.0,0.3359,0.3368,0.3359,0.3368,754.7
1705590000000.0,0.3363,0.3363,0.336,0.3363,418.5
1705593600000.0,0.3359,0.3359,0.3332,0.3344,27274.3
1705597200000.0,0.3339,0.3349,0.3332,0.3333,1369.3
1705600800000.0,0.3335,0.3345,0.3328,0.3345,7519.2
1705604400000.0,0.3346,0.3346,0.3324,0.3324,6079.8
1705608000000.0,0.3328,0.3342,0.3328,0.3339,1918.5
1705611600000.0,0.3339,0.3355,0.3337,0.3349,9546.3
1705615200000.0,0.3348,0.3368,0.3347,0.3362,9002.9
1705618800000.0,0.3359,0.3359,0.3346,0.3346,1880.5
1705622400000.0,0.3342,0.3342,0.3332,0.334,4184.4
1705626000000.0,0.3341,0.3346,0.3331,0.3346,2059.7
1705629600000.0,0.3342,0.3342,0.333,0.333,13230.9
1705633200000.0,0.3328,0.3352,0.3321,0.3348,17155.1
1705636800000.0,0.3351,0.3352,0.3337,0.3337,17958.5
1705640400000.0,0.334,0.3346,0.334,0.3346,18354.3
1705644000000.0,0.3343,0.335,0.3335,0.3335,49859.7
1705647600000.0,0.3334,0.3334,0.3332,0.3333,391.1
1705651200000.0,0.333,0.333,0.332,0.3325,13443.2
1705654800000.0,0.3327,0.3328,0.3317,0.3321,5259.4
1705658400000.0,0.3317,0.3322,0.3317,0.3322,3290.6
1705662000000.0,0.3318,0.3331,0.3318,0.3329,9845.2
1705665600000.0,0.3332,0.3334,0.332,0.3323,17611.7
1705669200000.0,0.3321,0.3323,0.3317,0.3323,383.6
1705672800000.0,0.3323,0.3323,0.3316,0.3321,4040.8
1705676400000.0,0.3317,0.3318,0.3314,0.3318,7757.8
1705680000000.0,0.3316,0.3322,0.33,0.3311,62543.0
1705683600000.0,0.3314,0.3342,0.3314,0.3325,29084.3
1705687200000.0,0.3324,0.3331,0.3317,0.3327,34863.3
1705690800000.0,0.3325,0.3325,0.3318,0.332,969.6
1705694400000.0,0.3324,0.3326,0.3317,0.3317,3388.2
1705698000000.0,0.3317,0.3321,0.3317,0.3321,1753.4
1705701600000.0,0.3319,0.3319,0.3317,0.3317,9216.1
1705705200000.0,0.3319,0.3321,0.3318,0.332,28985.4
1705708800000.0,0.3318,0.3324,0.3316,0.3317,7545.3
1705712400000.0,0.3317,0.3324,0.3317,0.3324,677.0
1705716000000.0,0.3324,0.3328,0.3321,0.3328,1556.8
1705719600000.0,0.3324,0.3328,0.3324,0.3328,1165.2
1705726800000.0,0.333,0.3336,0.333,0.3336,3015.5
1705730400000.0,0.3336,0.3336,0.3326,0.3335,2484.1
1705737600000.0,0.3332,0.3332,0.3328,0.333,3180.6
1705741200000.0,0.3324,0.3327,0.3324,0.3325,708.5
1705744800000.0,0.3326,0.3332,0.3326,0.3327,3027.3
1705748400000.0,0.3325,0.3326,0.3324,0.3324,546.4
1705752000000.0,0.3321,0.3321,0.3316,0.3316,1671.7
1705755600000.0,0.3321,0.3328,0.3321,0.3328,209.6
1705759200000.0,0.3324,0.3324,0.3317,0.3317,4053.4
1705762800000.0,0.3313,0.3323,0.3313,0.3317,2261.6
1705766400000.0,0.3316,0.3336,0.3316,0.3328,2485.1
1705770000000.0,0.3324,0.3324,0.3314,0.3321,9480.2
1705773600000.0,0.3317,0.3317,0.3316,0.3316,5192.8
1705777200000.0,0.3321,0.3323,0.3319,0.332,1947.4
1705780800000.0,0.3317,0.3318,0.3315,0.3315,637.5
1705784400000.0,0.3321,0.3321,0.3318,0.3318,520.2
1705788000000.0,0.3318,0.332,0.3318,0.3318,16440.5
1705791600000.0,0.3321,0.3321,0.3318,0.3318,5108.0
1705795200000.0,0.3318,0.3321,0.3313,0.3317,9005.1
1705798800000.0,0.3321,0.3321,0.3316,0.3318,869.8
1705802400000.0,0.3324,0.3328,0.3324,0.3327,134.5
1705806000000.0,0.3327,0.3329,0.3317,0.3321,6503.2
1705809600000.0,0.3323,0.3324,0.3319,0.3324,1688.9
1705813200000.0,0.3325,0.3328,0.3324,0.3324,551.8
1705816800000.0,0.3322,0.3324,0.3321,0.3321,149.0
1705820400000.0,0.3319,0.3324,0.3319,0.3324,1082.8
1705824000000.0,0.3323,0.3323,0.3317,0.3317,2402.3
1705827600000.0,0.3321,0.3324,0.3318,0.3324,26114.3
1705831200000.0,0.3325,0.3328,0.3323,0.3328,3439.7
1705834800000.0,0.333,0.333,0.3323,0.3323,7054.6
1705838400000.0,0.3328,0.3328,0.3323,0.3323,1960.8
1705842000000.0,0.3328,0.334,0.3328,0.3337,3458.0
1705849200000.0,0.3339,0.334,0.3328,0.3329,1282.2
1705852800000.0,0.3328,0.3329,0.3322,0.3323,11595.0
1705860000000.0,0.3321,0.3324,0.3319,0.3319,11571.4
1705867200000.0,0.332,0.332,0.332,0.332,54.6
1705870800000.0,0.3317,0.332,0.3317,0.332,4.0
1705874400000.0,0.3322,0.3322,0.3319,0.332,2533.0
1705878000000.0,0.3319,0.3319,0.3317,0.3317,1601.0
1705881600000.0,0.3318,0.3321,0.3317,0.3317,820.7
1705885200000.0,0.3313,0.3314,0.3304,0.3305,16164.9
1705888800000.0,0.3305,0.3306,0.3305,0.3306,171.4
1705892400000.0,0.3307,0.3313,0.3305,0.3311,778.4
1705896000000.0,0.3309,0.3309,0.3295,0.3301,76218.7
1705899600000.0,0.3301,0.3309,0.3301,0.3306,2554.0
1705906800000.0,0.3308,0.3308,0.3305,0.3305,10891.5
1705910400000.0,0.3301,0.3301,0.3296,0.3301,211.9
1705914000000.0,0.3303,0.3309,0.3299,0.3299,10283.5
1705917600000.0,0.3305,0.3305,0.3296,0.3301,6304.7
1705921200000.0,0.3305,0.3308,0.3303,0.3303,7752.4
1705924800000.0,0.3302,0.3309,0.3301,0.3305,2094.0
1705928400000.0,0.3309,0.3315,0.3305,0.3307,8684.9
1705932000000.0,0.331,0.331,0.3301,0.3303,4724.3
1705935600000.0,0.33,0.3301,0.3294,0.3298,9532.6
1705939200000.0,0.3305,0.3305,0.3295,0.3296,1095.5
1705942800000.0,0.3297,0.3307,0.3297,0.3307,2708.9
1705946400000.0,0.3301,0.3305,0.3295,0.3305,38989.3
1705950000000.0,0.3301,0.3302,0.3291,0.33,26506.4
1705953600000.0,0.3302,0.3312,0.33,0.3306,12472.6
1705957200000.0,0.3307,0.3313,0.3307,0.3313,11027.1
1705960800000.0,0.3309,0.3321,0.3304,0.3317,15110.7
1705964400000.0,0.3317,0.3317,0.3056,0.3084,172787.5
1705968000000.0,0.3078,0.3131,0.2839,0.2882,420780.1
1705971600000.0,0.2879,0.2901,0.278,0.2873,442934.3
1705975200000.0,0.287,0.2882,0.2813,0.2843,224357.7
1705978800000.0,0.284,0.284,0.2712,0.2731,280884.2
1705982400000.0,0.2732,0.2865,0.2697,0.2842,918080.3
1705986000000.0,0.2841,0.2879,0.2799,0.2802,143086.6
1705989600000.0,0.2798,0.2825,0.2765,0.2809,150824.4
1705993200000.0,0.2813,0.2813,0.2761,0.2776,146918.2
1705996800000.0,0.2777,0.2819,0.2756,0.2796,64138.6
1706000400000.0,0.2795,0.2795,0.2697,0.2777,226463.2
1706004000000.0,0.2774,0.2787,0.275,0.2763,73789.7
1706007600000.0,0.2759,0.2774,0.2753,0.2764,49893.1
1706011200000.0,0.2764,0.2765,0.2723,0.2744,84548.6
1706014800000.0,0.2741,0.2795,0.2728,0.2751,137930.2
1706018400000.0,0.2756,0.2812,0.2732,0.2812,55949.5
1706022000000.0,0.2813,0.286,0.2793,0.285,187971.9
1706025600000.0,0.2847,0.2852,0.28,0.2852,29363.3
1706029200000.0,0.2849,0.2866,0.2831,0.2866,125665.5
1706032800000.0,0.2867,0.2903,0.283,0.2838,228521.8
1706036400000.0,0.284,0.2852,0.2788,0.2791,87743.0
1706040000000.0,0.2792,0.2812,0.278,0.2787,51564.0
1706043600000.0,0.2786,0.2805,0.2771,0.2805,24491.2
1706047200000.0,0.2802,0.2834,0.2792,0.2813,65129.7
1706050800000.0,0.2813,0.2903,0.2813,0.2903,131098.6
1706054400000.0,0.2904,0.2938,0.2862,0.2919,120200.1
1706058000000.0,0.2925,0.2925,0.2855,0.2855,82158.7
1706061600000.0,0.2853,0.2886,0.2853,0.2878,24356.8
1706065200000.0,0.2873,0.2875,0.2842,0.2844,13416.3
1706068800000.0,0.2843,0.2878,0.283,0.2837,379022.1
1706072400000.0,0.284,0.2852,0.284,0.284,5425.3
1706076000000.0,0.2843,0.2852,0.2795,0.2852,271948.7
1706079600000.0,0.2855,0.2867,0.2842,0.2858,26662.2
1706083200000.0,0.2861,0.2884,0.2858,0.2877,35397.1
1706086800000.0,0.2882,0.289,0.2868,0.2875,24124.3
1706090400000.0,0.2876,0.2926,0.2876,0.2914,9894.5
1706094000000.0,0.2912,0.2912,0.2885,0.2909,15197.8
1706097600000.0,0.2912,0.2927,0.2894,0.2896,12165.7
1706101200000.0,0.2896,0.2926,0.2896,0.2915,16070.2
1706104800000.0,0.2917,0.2962,0.2906,0.2949,91625.2
1706108400000.0,0.2952,0.3039,0.2952,0.3027,188707.7
1706112000000.0,0.3028,0.3092,0.3002,0.3092,48273.5
1706115600000.0,0.3089,0.3122,0.3058,0.3058,94775.6
1706119200000.0,0.3057,0.3057,0.3014,0.3026,72598.7
1706122800000.0,0.3028,0.3038,0.3008,0.3009,7321.4
1706126400000.0,0.3008,0.3008,0.2906,0.2926,56350.2
1706130000000.0,0.293,0.2937,0.2888,0.289,7911.2
1706133600000.0,0.289,0.2909,0.2887,0.2897,14919.2
1706137200000.0,0.29,0.2929,0.29,0.2919,45471.2
1706140800000.0,0.2921,0.2923,0.2904,0.2915,50695.3
1706144400000.0,0.2912,0.2912,0.2849,0.2852,18649.0
1706148000000.0,0.2855,0.2876,0.2852,0.2852,26173.6
1706151600000.0,0.2852,0.287,0.2849,0.2861,11387.5
1706155200000.0,0.2864,0.2896,0.2864,0.2876,24858.5
1706158800000.0,0.2879,0.2885,0.286,0.2864,7260.8
1706162400000.0,0.2867,0.2906,0.2867,0.2897,19219.8
1706166000000.0,0.29,0.2926,0.29,0.2915,15805.1
1706169600000.0,0.2918,0.292,0.2894,0.2894,6404.4
1706173200000.0,0.2891,0.2913,0.2891,0.2894,11817.5
1706176800000.0,0.2897,0.2906,0.2886,0.2906,4074.4
1706180400000.0,0.2909,0.2922,0.2892,0.2892,11137.3
1706184000000.0,0.2897,0.2901,0.2864,0.2888,13346.4
1706187600000.0,0.2888,0.2915,0.2885,0.2892,12171.0
1706191200000.0,0.2897,0.2915,0.2879,0.2879,17373.7
1706194800000.0,0.2882,0.2894,0.2871,0.2894,40308.2
1706198400000.0,0.2891,0.2903,0.2861,0.2861,16519.2
1706202000000.0,0.2864,0.2912,0.2855,0.2908,17582.1
1706205600000.0,0.2912,0.2946,0.2906,0.2918,97485.3
1706209200000.0,0.292,0.2955,0.2914,0.2942,48098.7
1706212800000.0,0.2946,0.2968,0.2946,0.2961,18472.4
1706216400000.0,0.2962,0.297,0.2949,0.2955,41274.3
1706220000000.0,0.2957,0.2964,0.2942,0.2964,18449.5
1706223600000.0,0.2965,0.298,0.2964,0.298,1843.1
1706227200000.0,0.2975,0.2991,0.2967,0.2987,42406.3
1706230800000.0,0.2989,0.3083,0.2943,0.2965,96405.9
1706234400000.0,0.2966,0.2978,0.2955,0.2955,28469.8
1706238000000.0,0.296,0.3001,0.296,0.2981,14648.0
1706241600000.0,0.2989,0.2999,0.2988,0.299,3426.7
1706245200000.0,0.2993,0.3043,0.2993,0.3025,92907.7
1706248800000.0,0.3022,0.3029,0.2995,0.2996,5892.9
1706252400000.0,0.2998,0.3053,0.2996,0.3034,13670.5
1706256000000.0,0.3033,0.3049,0.3028,0.3046,6467.5
1706259600000.0,0.3048,0.3083,0.3039,0.3059,5785.9
1706263200000.0,0.3063,0.3105,0.3056,0.3084,79215.0
1706266800000.0,0.3083,0.3131,0.3081,0.3125,72280.5
1706270400000.0,0.3128,0.3129,0.3063,0.3064,112212.9
1706274000000.0,0.3069,0.3094,0.3069,0.3092,3467.7
1706277600000.0,0.3095,0.3119,0.3095,0.3117,91906.5
1706281200000.0,0.3114,0.3125,0.311,0.3118,30880.1
1706284800000.0,0.312,0.312,0.3084,0.3096,34933.9
1706288400000.0,0.3092,0.3098,0.3083,0.3085,2043.6
1706292000000.0,0.3085,0.3102,0.3085,0.3094,1626.0
1706295600000.0,0.3097,0.3106,0.3092,0.3102,1775.5
1706299200000.0,0.3098,0.3107,0.3061,0.3071,74740.0
1706302800000.0,0.3073,0.3085,0.3073,0.3079,5336.8
1706306400000.0,0.308,0.309,0.3079,0.3089,13761.1
1706310000000.0,0.3091,0.3092,0.3083,0.3086,793.7
1706313600000.0,0.3083,0.31,0.3081,0.3092,1546.1
1706317200000.0,0.3095,0.3105,0.3079,0.3082,11694.0
1706320800000.0,0.3086,0.3097,0.3086,0.3088,924.8
1706324400000.0,0.3086,0.3088,0.3079,0.3083,648.0
1706328000000.0,0.3079,0.3082,0.307,0.3075,206.3
1706331600000.0,0.3072,0.3072,0.3042,0.3049,51286.6
1706335200000.0,0.3049,0.3059,0.2865,0.2888,198560.6
1706338800000.0,0.2885,0.2897,0.2863,0.2894,74514.6
1706342400000.0,0.2896,0.29,0.2866,0.2876,44581.6
1706346000000.0,0.2873,0.289,0.2873,0.2888,54078.4
1706349600000.0,0.2889,0.2894,0.2882,0.2887,10540.3
1706353200000.0,0.2885,0.2892,0.2856,0.2862,56279.5
1706356800000.0,0.2863,0.2889,0.2853,0.2879,128339.3
1706360400000.0,0.2878,0.2897,0.2864,0.2881,45110.9
1706364000000.0,0.2881,0.2891,0.2878,0.2885,56219.6
1706367600000.0,0.2886,0.2886,0.2875,0.2879,13674.9
1706371200000.0,0.2877,0.2888,0.287,0.2879,48530.3
1706374800000.0,0.2879,0.3,0.2873,0.2952,301594.5
1706378400000.0,0.2955,0.2962,0.2926,0.2952,42192.6
1706382000000.0,0.2952,0.2962,0.2941,0.295,30093.4
1706385600000.0,0.2946,0.2965,0.294,0.2957,75531.2
1706389200000.0,0.2958,0.2962,0.2947,0.2955,3681.1
1706392800000.0,0.2949,0.2949,0.2934,0.2949,18902.1
1706396400000.0,0.2944,0.2945,0.2918,0.2945,62998.8
1706400000000.0,0.2938,0.2958,0.2933,0.2955,20786.1
1706403600000.0,0.2952,0.2993,0.2952,0.2983,62977.4
1706407200000.0,0.2977,0.2987,0.2971,0.2977,8807.3
1706410800000.0,0.298,0.2996,0.2974,0.2977,11549.0
1706414400000.0,0.2976,0.2985,0.2966,0.2985,4247.2
1706418000000.0,0.2983,0.3015,0.2983,0.2994,3134.9
1706421600000.0,0.2996,0.2996,0.2975,0.2975,51535.7
1706425200000.0,0.2981,0.2991,0.2952,0.2962,18318.5
1706428800000.0,0.2955,0.2965,0.2941,0.296,1750.7
1706432400000.0,0.2965,0.2972,0.2965,0.2968,3620.0
1706436000000.0,0.2969,0.2971,0.2952,0.2953,8279.5
1706439600000.0,0.2953,0.3012,0.2953,0.2985,139578.3
1706443200000.0,0.2981,0.3074,0.2974,0.3074,71005.2
1706446800000.0,0.3069,0.31,0.3038,0.3079,244192.3
1706450400000.0,0.3083,0.3125,0.3076,0.3106,171696.0
1706454000000.0,0.3108,0.3213,0.3104,0.3176,244079.5
1706457600000.0,0.318,0.3236,0.3081,0.3092,318321.7
1706461200000.0,0.3095,0.3131,0.307,0.3077,190994.6
1706464800000.0,0.3076,0.3102,0.3059,0.309,82606.6
1706468400000.0,0.3091,0.3152,0.3091,0.3128,149525.9
1706472000000.0,0.3135,0.3178,0.31,0.3168,136428.5
1706475600000.0,0.3172,0.3244,0.3163,0.3221,172118.7
1706479200000.0,0.3223,0.3254,0.3077,0.3078,292493.2
1706482800000.0,0.3077,0.3079,0.3044,0.3044,41581.9
1706486400000.0,0.3049,0.3049,0.2955,0.2955,85515.7
1706490000000.0,0.2954,0.3008,0.295,0.3008,107294.8
1706493600000.0,0.3012,0.3055,0.3008,0.3014,50468.8
1706497200000.0,0.3014,0.3043,0.3005,0.3036,17362.8
1706500800000.0,0.3041,0.3075,0.304,0.3045,22025.9
1706504400000.0,0.3041,0.3041,0.303,0.3037,22074.0
1706508000000.0,0.3038,0.3071,0.3038,0.3052,137358.9
1706511600000.0,0.305,0.305,0.2995,0.2996,83914.2
1706515200000.0,0.2999,0.2999,0.2986,0.2986,9703.0
1706518800000.0,0.2991,0.3002,0.299,0.2996,3642.5
1706522400000.0,0.2994,0.2998,0.2989,0.2989,12254.9
1706526000000.0,0.2991,0.3011,0.2991,0.2999,10714.8
1706529600000.0,0.3001,0.3008,0.2992,0.2996,6711.2
1706533200000.0,0.2998,0.3,0.299,0.2991,8560.4
1706536800000.0,0.2996,0.3029,0.2996,0.3023,113080.8
1706540400000.0,0.3025,0.3056,0.3025,0.3052,53713.9
1706544000000.0,0.3053,0.3076,0.3046,0.3076,49950.5
1706547600000.0,0.3078,0.3083,0.3062,0.3069,6063.8
1706551200000.0,0.3072,0.3092,0.3066,0.309,56626.9
1706554800000.0,0.3094,0.3094,0.3069,0.3069,5195.2
1706558400000.0,0.3072,0.3092,0.3072,0.3089,19016.5
1706562000000.0,0.3089,0.3089,0.3076,0.3076,19752.1
1706565600000.0,0.308,0.3089,0.3076,0.3077,6665.8
1706569200000.0,0.3073,0.3074,0.3063,0.3066,11590.3
1706572800000.0,0.3063,0.3073,0.3055,0.3073,17003.3
1706576400000.0,0.3073,0.3089,0.3062,0.3079,15680.2
1706580000000.0,0.3082,0.3132,0.3082,0.3106,119088.8
1706583600000.0,0.3102,0.3102,0.3073,0.308,4032.7
1706587200000.0,0.308,0.3081,0.3069,0.3081,781.0
1706590800000.0,0.3083,0.3083,0.3074,0.3074,2255.4
1706594400000.0,0.3073,0.3073,0.306,0.3073,26715.9
1706598000000.0,0.3072,0.3081,0.3066,0.3081,7406.8
1706601600000.0,0.3078,0.3092,0.3078,0.3088,3173.2
1706605200000.0,0.3089,0.3089,0.3079,0.3083,54578.0
1706608800000.0,0.3086,0.3092,0.3086,0.3092,216.0
1706612400000.0,0.3095,0.3106,0.3095,0.3103,7544.2
1706616000000.0,0.3102,0.3102,0.3059,0.3064,26524.4
1706619600000.0,0.3069,0.3088,0.3049,0.3088,18800.2
1706623200000.0,0.3083,0.3097,0.3083,0.3089,61945.2
1706626800000.0,0.3092,0.3111,0.3086,0.3089,15326.1
1706630400000.0,0.3092,0.3109,0.3076,0.308,53269.0
1706634000000.0,0.3078,0.3083,0.3066,0.3074,38680.6
1706637600000.0,0.3072,0.3073,0.3061,0.3069,78243.3
1706641200000.0,0.3066,0.3073,0.3053,0.3072,19329.6
1706644800000.0,0.3076,0.3079,0.3074,0.3075,61722.3
1706648400000.0,0.3078,0.3078,0.3066,0.3069,8269.4
1706652000000.0,0.3073,0.3077,0.306,0.3064,19311.1
1706655600000.0,0.3064,0.3066,0.3032,0.3045,10698.2
1706659200000.0,0.3062,0.3063,0.2999,0.3023,12084.0
1706662800000.0,0.3025,0.3025,0.3008,0.3015,3156.7
1706666400000.0,0.3018,0.3023,0.3005,0.3016,21859.2
1706670000000.0,0.3022,0.3023,0.3012,0.3015,4763.5
1706673600000.0,0.3012,0.3012,0.3002,0.3009,9809.3
1706677200000.0,0.3012,0.3018,0.3005,0.3018,986.2
1706680800000.0,0.3015,0.3015,0.2992,0.2999,5931.2
1706684400000.0,0.2999,0.3018,0.2999,0.3008,6525.8
1706688000000.0,0.3005,0.3005,0.2993,0.2997,2720.2
1706691600000.0,0.2993,0.2993,0.2966,0.2971,26146.2
1706695200000.0,0.2968,0.2977,0.2965,0.2976,1813.8
1706698800000.0,0.2977,0.2993,0.2977,0.2993,4941.1
1706702400000.0,0.2994,0.3016,0.2992,0.3011,9441.3
1706706000000.0,0.3011,0.3018,0.3003,0.3006,8457.4
1706709600000.0,0.3005,0.3005,0.2981,0.2983,6043.2
1706713200000.0,0.2987,0.2999,0.2962,0.2993,20792.0
1706716800000.0,0.2996,0.3007,0.2996,0.3005,998.0
1706720400000.0,0.3002,0.3005,0.2993,0.3005,948.4
1706724000000.0,0.3008,0.3009,0.2988,0.2989,61466.3
1706727600000.0,0.2992,0.2996,0.2969,0.2985,1920.5
1706731200000.0,0.2981,0.2989,0.2965,0.2971,56711.3
1706734800000.0,0.2968,0.2981,0.2958,0.2962,7359.8
1706738400000.0,0.2962,0.2962,0.2922,0.2955,21167.3
1706742000000.0,0.2952,0.2952,0.2944,0.2944,5502.8
1706745600000.0,0.2949,0.2971,0.2949,0.2971,2958.8
1706749200000.0,0.2968,0.2968,0.2916,0.2926,33053.6
1706752800000.0,0.293,0.2978,0.293,0.2978,22920.4
1706756400000.0,0.2974,0.2998,0.2971,0.2998,184868.6
1706760000000.0,0.2997,0.3004,0.2979,0.2985,305158.4
1706763600000.0,0.2981,0.2985,0.2937,0.2955,19752.0
1706767200000.0,0.2955,0.296,0.2945,0.2952,5085.0
1706770800000.0,0.2949,0.2974,0.2949,0.2968,6820.0
1706774400000.0,0.2967,0.2984,0.2967,0.2982,2706.4
1706778000000.0,0.2985,0.2985,0.2967,0.2977,9504.3
1706781600000.0,0.2976,0.2996,0.2973,0.2981,15302.2
1706785200000.0,0.2977,0.2989,0.2968,0.2978,3212.8
1706788800000.0,0.2978,0.2987,0.2977,0.2987,3873.8
1706792400000.0,0.2981,0.2989,0.2976,0.2984,2555.4
1706796000000.0,0.2983,0.2989,0.2978,0.2978,4261.3
1706799600000.0,0.2985,0.3002,0.2983,0.2983,25630.0
1706803200000.0,0.2989,0.2997,0.2985,0.2996,2270.5
1706806800000.0,0.2993,0.3015,0.2993,0.3007,21200.7
1706810400000.0,0.3005,0.3012,0.2985,0.2985,70336.8
1706814000000.0,0.2983,0.2997,0.2972,0.2991,76354.1
1706817600000.0,0.2989,0.2992,0.2985,0.2989,1519.6
1706821200000.0,0.2988,0.3002,0.2988,0.2999,17141.3
1706824800000.0,0.2998,0.2998,0.2988,0.2988,7597.1
1706828400000.0,0.2985,0.2997,0.2985,0.2995,1511.7
1706832000000.0,0.2999,0.3008,0.2993,0.3005,25182.6
1706835600000.0,0.3004,0.3011,0.2999,0.3005,5401.9
1706839200000.0,0.3003,0.3011,0.2993,0.2993,14184.5
1706842800000.0,0.2997,0.3005,0.2987,0.2987,2742.5
1706846400000.0,0.2985,0.2996,0.2978,0.2993,4097.9
1706850000000.0,0.2989,0.2993,0.2985,0.2993,39763.1
1706853600000.0,0.299,0.2996,0.299,0.2996,227.8
1706860800000.0,0.3002,0.3002,0.298,0.2985,11072.2
1706864400000.0,0.2981,0.2993,0.298,0.2993,5785.9
1706868000000.0,0.2989,0.2999,0.2981,0.2999,8289.4
1706871600000.0,0.3,0.3012,0.3,0.3012,51980.7
1706875200000.0,0.3015,0.3019,0.3005,0.3005,1460.5
1706878800000.0,0.3002,0.3002,0.2965,0.2968,62653.3
1706882400000.0,0.2968,0.2971,0.2964,0.2964,23085.3
1706886000000.0,0.2968,0.2986,0.2968,0.2986,15553.6
1706889600000.0,0.2989,0.2991,0.2973,0.2976,24972.1
1706893200000.0,0.2974,0.2975,0.2969,0.2969,17191.3
1706896800000.0,0.2965,0.2965,0.2958,0.296,3494.0
1706900400000.0,0.2963,0.2971,0.2963,0.2971,20119.8
1706904000000.0,0.297,0.2974,0.2967,0.2971,3459.5
1706907600000.0,0.2974,0.2985,0.2974,0.2977,4468.4
1706911200000.0,0.2974,0.2983,0.2974,0.2983,15908.1
1706914800000.0,0.2977,0.2977,0.2967,0.2971,11744.8
1706918400000.0,0.2968,0.2982,0.2967,0.2972,4930.2
1706922000000.0,0.2977,0.2981,0.2977,0.2981,1051.2
1706925600000.0,0.2977,0.2977,0.2965,0.297,1067.5
1706929200000.0,0.2971,0.2972,0.2968,0.2972,837.4
1706932800000.0,0.297,0.2979,0.2962,0.297,52242.5
1706936400000.0,0.2968,0.2977,0.2968,0.2974,6176.2
1706940000000.0,0.2971,0.2981,0.2971,0.2979,373.7
1706943600000.0,0.298,0.2985,0.2968,0.2968,1033.5
1706947200000.0,0.2971,0.2978,0.2962,0.2963,26092.8
1706950800000.0,0.2962,0.2969,0.2961,0.2969,591.3
1706954400000.0,0.2967,0.2985,0.2965,0.2985,16868.4
1706958000000.0,0.2984,0.2984,0.2965,0.2981,2578.4
1706961600000.0,0.2985,0.2987,0.2985,0.2987,842.6
1706965200000.0,0.2983,0.3058,0.2973,0.303,110219.8
1706968800000.0,0.3031,0.3079,0.3028,0.3049,77185.8
1706972400000.0,0.3045,0.3063,0.3031,0.3041,67825.4
1706976000000.0,0.3037,0.3046,0.302,0.3046,57911.0
1706979600000.0,0.3045,0.3047,0.3021,0.3043,49711.9
1706983200000.0,0.3037,0.3037,0.3032,0.3032,7019.7
1706986800000.0,0.3031,0.3034,0.3022,0.3022,4714.3
1706990400000.0,0.3022,0.3038,0.3017,0.3026,5463.1
1706994000000.0,0.3031,0.3037,0.3031,0.3036,8355.0
1706997600000.0,0.3034,0.3037,0.3031,0.3034,13248.8
1707001200000.0,0.3037,0.3037,0.3028,0.3028,794.0
1707004800000.0,0.3023,0.3037,0.3016,0.3027,33215.5
1707008400000.0,0.3022,0.3022,0.2996,0.2997,4645.9
1707012000000.0,0.2999,0.3008,0.2997,0.2997,3560.5
1707015600000.0,0.2998,0.3013,0.2998,0.3009,4330.6
1707019200000.0,0.3008,0.3008,0.2996,0.2996,794.4
1707022800000.0,0.2999,0.3002,0.2987,0.2987,6383.7
1707026400000.0,0.2986,0.2993,0.2977,0.2985,1379.3
1707030000000.0,0.2989,0.2991,0.2981,0.2985,14614.0
1707033600000.0,0.2983,0.2989,0.2967,0.2967,20348.9
1707037200000.0,0.2968,0.2981,0.2967,0.298,14158.9
1707040800000.0,0.2978,0.2995,0.2975,0.2993,9679.5
1707044400000.0,0.2989,0.3013,0.2985,0.301,4382.0
1707048000000.0,0.3005,0.3008,0.3002,0.3002,3462.6
1707051600000.0,0.2999,0.3002,0.2993,0.2996,578.1
1707055200000.0,0.2993,0.3016,0.2993,0.3015,15819.3
1707058800000.0,0.3015,0.3018,0.2988,0.2999,48680.8
1707062400000.0,0.2996,0.2996,0.2991,0.2996,5079.8
1707066000000.0,0.2993,0.2994,0.2986,0.2992,7340.4
1707069600000.0,0.2996,0.2998,0.2989,0.299,7300.4
1707073200000.0,0.2985,0.2994,0.2981,0.2993,7584.6
1707076800000.0,0.2989,0.2993,0.2986,0.2991,1384.2
1707080400000.0,0.2993,0.2995,0.2989,0.2989,1956.1
1707084000000.0,0.2992,0.3004,0.2968,0.2985,7730.7
1707087600000.0,0.2984,0.2986,0.2981,0.2986,6087.3
1707091200000.0,0.2986,0.2995,0.2968,0.2968,5305.5
1707094800000.0,0.2965,0.2967,0.2922,0.2953,15452.8
1707098400000.0,0.2952,0.296,0.2948,0.2948,14781.9
1707102000000.0,0.2952,0.2972,0.2952,0.2968,10346.9
1707105600000.0,0.2965,0.2981,0.2965,0.2977,660.0
1707109200000.0,0.2974,0.2974,0.2952,0.2957,10099.5
1707112800000.0,0.2959,0.2965,0.2953,0.2962,10364.8
1707116400000.0,0.2963,0.2968,0.2963,0.2968,689.6
1707120000000.0,0.2965,0.2965,0.2962,0.2963,887.7
1707123600000.0,0.2962,0.2962,0.2945,0.2949,8987.3
1707127200000.0,0.2951,0.297,0.2951,0.2969,27600.3
1707130800000.0,0.2971,0.2974,0.2963,0.2963,23778.7
1707134400000.0,0.2964,0.2972,0.2964,0.2972,360.7
1707138000000.0,0.297,0.2985,0.297,0.2977,5379.6
1707141600000.0,0.2981,0.2985,0.2973,0.2973,10239.4
1707145200000.0,0.2971,0.298,0.2927,0.2946,163460.5
1707148800000.0,0.2943,0.2952,0.293,0.2952,33865.2
1707152400000.0,0.2949,0.2952,0.294,0.2946,4505.4
1707156000000.0,0.2949,0.2957,0.2945,0.2952,88681.0
1707159600000.0,0.2955,0.2961,0.2954,0.2955,14885.5
1707163200000.0,0.2952,0.2952,0.293,0.2934,38834.9
1707166800000.0,0.2935,0.2943,0.2928,0.2937,62714.8
1707170400000.0,0.293,0.294,0.2925,0.294,3212.4
1707174000000.0,0.294,0.2948,0.293,0.2948,2099.0
1707177600000.0,0.2948,0.2948,0.2851,0.2853,73644.7
1707181200000.0,0.2852,0.2891,0.2803,0.2891,206460.7
1707184800000.0,0.2891,0.2946,0.2889,0.2945,130619.1
1707188400000.0,0.2948,0.3056,0.2948,0.3015,198119.6
1707192000000.0,0.3013,0.3031,0.2999,0.3015,74321.0
1707195600000.0,0.3015,0.3015,0.2999,0.2999,11289.4
1707199200000.0,0.2997,0.3033,0.2996,0.3028,18600.7
1707202800000.0,0.3031,0.3049,0.3024,0.3045,39645.1
1707206400000.0,0.3048,0.3068,0.3048,0.306,86068.9
1707210000000.0,0.3059,0.3091,0.3053,0.3075,62613.4
1707213600000.0,0.3069,0.3069,0.3029,0.3063,24857.0
1707217200000.0,0.3062,0.3074,0.3041,0.305,56981.0
1707220800000.0,0.3053,0.3062,0.3028,0.3053,14323.1
1707224400000.0,0.3049,0.3049,0.3037,0.3037,3986.0
1707228000000.0,0.3034,0.3034,0.2997,0.3004,31985.0
1707231600000.0,0.3002,0.3022,0.3002,0.3015,26255.8
1707235200000.0,0.3012,0.3036,0.2993,0.2999,118104.0
1707238800000.0,0.3002,0.3016,0.3001,0.3005,6214.2
1707242400000.0,0.3008,0.3022,0.3005,0.3015,1833.8
1707246000000.0,0.3015,0.3022,0.3015,0.302,21598.1
1707249600000.0,0.3019,0.3025,0.3016,0.3018,12673.0
1707253200000.0,0.3016,0.3025,0.3014,0.3014,1538.0
1707256800000.0,0.3012,0.3018,0.3012,0.3018,3269.8
1707260400000.0,0.3015,0.3025,0.3004,0.3004,773.2
1707264000000.0,0.3008,0.3018,0.3006,0.3006,38138.4
1707267600000.0,0.3012,0.3028,0.3012,0.3025,20068.3
1707271200000.0,0.3025,0.3034,0.3025,0.3026,4638.4
1707274800000.0,0.3026,0.3026,0.3012,0.3012,2160.7
1707278400000.0,0.3013,0.3033,0.3006,0.3022,42638.4
1707282000000.0,0.3018,0.3031,0.3002,0.3025,3205.5
1707285600000.0,0.3022,0.3037,0.3018,0.3018,1881.4
1707289200000.0,0.302,0.3028,0.3002,0.3009,15335.3
1707292800000.0,0.3012,0.3017,0.3011,0.3012,1236.1
1707296400000.0,0.3008,0.3015,0.3002,0.3012,1118.4
1707300000000.0,0.3008,0.3009,0.2989,0.2996,9228.9
1707303600000.0,0.2999,0.3014,0.2999,0.3001,12008.8
1707307200000.0,0.3005,0.3014,0.3004,0.3014,711.8
1707310800000.0,0.3015,0.3018,0.3012,0.3018,2217.2
1707314400000.0,0.3021,0.3025,0.3015,0.3017,6924.6
1707318000000.0,0.3018,0.3018,0.3011,0.3011,479.4
1707321600000.0,0.3008,0.3022,0.3008,0.3022,947.7
1707325200000.0,0.3025,0.3069,0.3025,0.3047,27976.8
1707328800000.0,0.3041,0.3041,0.3037,0.3037,1834.6
1707332400000.0,0.3041,0.3041,0.3031,0.3031,4987.1
1707336000000.0,0.3037,0.3053,0.3037,0.3053,11337.6
1707339600000.0,0.3053,0.307,0.3053,0.3065,5068.2
1707343200000.0,0.3066,0.3069,0.3055,0.3057,9223.1
1707346800000.0,0.3059,0.306,0.3053,0.3053,3506.3
1707350400000.0,0.3059,0.3069,0.3057,0.3069,4737.0
1707354000000.0,0.3066,0.3089,0.3059,0.3085,6358.3
1707357600000.0,0.3089,0.3108,0.3085,0.3092,77300.5
1707361200000.0,0.3095,0.3113,0.3083,0.3083,48921.6
1707364800000.0,0.3082,0.3091,0.3079,0.308,6778.3
1707368400000.0,0.3078,0.3093,0.3078,0.3086,2884.7
1707372000000.0,0.3086,0.3086,0.3066,0.3066,3363.0
1707375600000.0,0.3063,0.3083,0.3063,0.3071,43943.0
1707379200000.0,0.3069,0.3081,0.3067,0.3081,1590.3
1707382800000.0,0.308,0.3084,0.3077,0.3084,4741.9
1707386400000.0,0.3079,0.3079,0.3074,0.3079,9804.3
1707390000000.0,0.3078,0.3083,0.3074,0.3076,250.0
1707393600000.0,0.3077,0.3079,0.3076,0.3079,2890.9
1707397200000.0,0.3082,0.3087,0.3076,0.3086,5882.3
1707400800000.0,0.3089,0.3101,0.3089,0.3094,17698.0
1707404400000.0,0.3093,0.3093,0.3084,0.3088,10435.9
1707408000000.0,0.3085,0.3087,0.3051,0.3066,44257.4
1707411600000.0,0.3069,0.3072,0.3063,0.3063,539.5
1707415200000.0,0.3059,0.3063,0.3059,0.3059,809.2
1707418800000.0,0.3056,0.306,0.3056,0.3056,16086.6
1707422400000.0,0.3057,0.3063,0.3056,0.3059,5739.4
1707426000000.0,0.3059,0.3061,0.3056,0.3056,10007.7
1707429600000.0,0.3056,0.3063,0.3055,0.3055,10768.5
1707433200000.0,0.3059,0.3064,0.3059,0.3063,16105.1
1707436800000.0,0.3061,0.3061,0.3023,0.3041,17026.5
1707440400000.0,0.3045,0.3068,0.3045,0.3068,1692.2
1707444000000.0,0.3063,0.3076,0.3059,0.3076,15705.0
1707447600000.0,0.3073,0.3073,0.3066,0.3066,28180.4
1707451200000.0,0.3066,0.3066,0.3057,0.3057,644.1
1707454800000.0,0.306,0.3063,0.3057,0.3063,1386.5
1707458400000.0,0.3065,0.3069,0.3034,0.3042,19069.5
1707462000000.0,0.3045,0.3047,0.3002,0.3005,31400.1
1707465600000.0,0.3008,0.3038,0.2993,0.3037,40233.4
1707469200000.0,0.3034,0.3034,0.3025,0.3025,3652.3
1707472800000.0,0.3023,0.3027,0.3009,0.3015,4254.9
1707476400000.0,0.3016,0.3073,0.3016,0.3049,36233.5
1707480000000.0,0.3053,0.3069,0.3053,0.3061,12543.3
1707483600000.0,0.3059,0.31,0.3056,0.3095,23594.9
1707487200000.0,0.3098,0.3154,0.3059,0.3086,99759.3
1707490800000.0,0.3083,0.3086,0.3066,0.308,4290.3
1707494400000.0,0.308,0.3089,0.3069,0.3083,19494.8
1707498000000.0,0.3086,0.3108,0.3082,0.3096,15024.2
1707501600000.0,0.3098,0.3121,0.3098,0.3106,5342.1
1707505200000.0,0.3102,0.3112,0.3084,0.3112,46264.5
1707508800000.0,0.3114,0.3121,0.3111,0.3114,2327.0
1707512400000.0,0.3113,0.3113,0.3106,0.3108,10161.5
1707516000000.0,0.3114,0.3121,0.3104,0.3114,6688.4
1707519600000.0,0.3118,0.3122,0.3111,0.3114,3560.8
1707523200000.0,0.3118,0.3122,0.3114,0.3114,549.7
1707526800000.0,0.311,0.3125,0.3079,0.3088,87203.9
1707530400000.0,0.3085,0.3092,0.3077,0.309,11363.8
1707534000000.0,0.3094,0.3101,0.3089,0.3089,7450.0
1707537600000.0,0.3092,0.3115,0.3092,0.3092,18325.1
1707541200000.0,0.309,0.309,0.307,0.3079,10864.0
1707544800000.0,0.3083,0.3083,0.3069,0.3069,2003.8
1707548400000.0,0.3073,0.3073,0.307,0.307,764.0
1707552000000.0,0.3069,0.3076,0.3035,0.3037,10664.0
1707555600000.0,0.3041,0.3064,0.3041,0.3041,42118.9
1707559200000.0,0.3037,0.3037,0.2996,0.2998,46594.2
1707562800000.0,0.2999,0.3006,0.2992,0.3002,4780.1
1707566400000.0,0.2999,0.2999,0.2985,0.2985,44752.0
1707570000000.0,0.2989,0.299,0.2951,0.2954,68771.0
1707573600000.0,0.2953,0.3007,0.2946,0.2993,36097.4
1707577200000.0,0.299,0.301,0.2977,0.2981,23736.4
1707580800000.0,0.2985,0.3015,0.2985,0.3008,33070.9
1707584400000.0,0.3009,0.3015,0.2993,0.3004,15644.6
1707588000000.0,0.3002,0.3015,0.3002,0.3012,26394.4
1707591600000.0,0.3015,0.3015,0.3012,0.3012,995.7
1707595200000.0,0.3009,0.302,0.3009,0.3015,3912.2
1707598800000.0,0.3012,0.3018,0.301,0.3015,3244.9
1707602400000.0,0.3012,0.3012,0.2997,0.3002,20153.2
1707606000000.0,0.3004,0.3004,0.2987,0.2988,49636.7
1707609600000.0,0.2996,0.3008,0.2989,0.3008,2060.7
1707613200000.0,0.301,0.3031,0.301,0.3031,9482.6
1707616800000.0,0.3034,0.3035,0.3025,0.3031,1226.2
1707620400000.0,0.3034,0.3046,0.3034,0.304,12839.1
1707624000000.0,0.3045,0.306,0.3045,0.3045,9845.9
1707627600000.0,0.3042,0.3061,0.3042,0.3054,18785.6
1707631200000.0,0.3054,0.3056,0.3041,0.3045,64237.2
1707634800000.0,0.3049,0.3058,0.3049,0.3056,13603.4
1707638400000.0,0.3059,0.3087,0.3044,0.3045,55288.1
1707642000000.0,0.3046,0.3059,0.304,0.3045,3061.1
1707645600000.0,0.3046,0.3053,0.3044,0.305,1843.6
1707649200000.0,0.3053,0.3056,0.3051,0.3051,2404.5
1707652800000.0,0.3056,0.3072,0.3053,0.3066,21917.4
1707656400000.0,0.3063,0.3066,0.3047,0.3047,31172.4
1707660000000.0,0.3046,0.3051,0.3017,0.3032,52515.0
1707663600000.0,0.3034,0.3039,0.3019,0.3019,21262.4
1707667200000.0,0.3025,0.3028,0.3008,0.3012,7182.8
1707670800000.0,0.3011,0.303,0.3009,0.3026,6961.0
1707674400000.0,0.3025,0.3025,0.3018,0.3024,698.3
1707678000000.0,0.3027,0.3032,0.3027,0.3031,1073.1
1707681600000.0,0.3032,0.3032,0.3002,0.3008,36723.3
1707685200000.0,0.3012,0.3012,0.3005,0.3008,575.9
1707688800000.0,0.3012,0.3015,0.3005,0.3005,402.1
1707692400000.0,0.3002,0.3005,0.2999,0.3005,782.1
1707696000000.0,0.3002,0.303,0.2999,0.3013,5403.7
1707699600000.0,0.3015,0.3031,0.3012,0.3028,28706.3
1707703200000.0,0.3031,0.3031,0.2981,0.2993,28289.1
1707706800000.0,0.2994,0.2999,0.2981,0.299,10115.7
1707710400000.0,0.2985,0.2989,0.298,0.2985,439.7
1707714000000.0,0.2989,0.2989,0.2981,0.2981,260.3
1707717600000.0,0.2982,0.2985,0.2962,0.2977,25983.5
1707721200000.0,0.2981,0.2999,0.2981,0.2996,15999.7
1707724800000.0,0.2993,0.2993,0.2989,0.2989,148.7
1707728400000.0,0.2986,0.2986,0.2962,0.2965,8649.7
1707732000000.0,0.2965,0.2977,0.2961,0.2971,18647.4
1707735600000.0,0.2968,0.2974,0.2962,0.2971,13227.5
1707739200000.0,0.2971,0.2974,0.2971,0.2974,180.3
1707742800000.0,0.2976,0.2977,0.2973,0.2977,9957.6
1707746400000.0,0.2981,0.3013,0.2981,0.3009,5366.2
1707750000000.0,0.3013,0.311,0.3013,0.3095,234421.4
1707753600000.0,0.3092,0.3245,0.3064,0.322,410499.7
1707757200000.0,0.3218,0.3326,0.3148,0.3169,506717.6
1707760800000.0,0.3172,0.3219,0.3172,0.3193,56296.4
1707764400000.0,0.3191,0.3203,0.3176,0.3181,23822.6
1707768000000.0,0.3184,0.3213,0.3184,0.3195,48514.8
1707771600000.0,0.3194,0.3194,0.3157,0.3162,56082.3
1707775200000.0,0.3167,0.318,0.3165,0.3167,11880.1
1707778800000.0,0.3168,0.3188,0.3168,0.3178,8733.4
1707782400000.0,0.3184,0.3221,0.3184,0.3198,16748.2
1707786000000.0,0.32,0.3226,0.3191,0.3201,176717.9
1707789600000.0,0.3198,0.3198,0.3182,0.3184,18921.3
1707793200000.0,0.3186,0.32,0.3174,0.3179,6406.2
1707796800000.0,0.3184,0.3203,0.3178,0.3188,2679.8
1707800400000.0,0.3184,0.3195,0.3179,0.3188,1382.6
1707804000000.0,0.3188,0.3219,0.3187,0.3217,16118.6
1707807600000.0,0.3218,0.3218,0.3201,0.3218,19827.4
1707811200000.0,0.3221,0.3248,0.3221,0.3231,31046.0
1707814800000.0,0.3236,0.3244,0.3223,0.3227,23716.3
1707818400000.0,0.3222,0.3228,0.32,0.3204,25225.7
1707822000000.0,0.3211,0.3235,0.3211,0.3232,108097.7
1707825600000.0,0.3228,0.3243,0.3217,0.3229,19675.4
1707829200000.0,0.3227,0.3231,0.3175,0.322,101860.1
1707832800000.0,0.3221,0.3568,0.3206,0.3252,703381.8
1707836400000.0,0.3251,0.3298,0.3207,0.3255,262029.5
1707840000000.0,0.3253,0.3255,0.3204,0.3208,189301.6
1707843600000.0,0.321,0.3252,0.3203,0.3237,183100.7
1707847200000.0,0.3232,0.3232,0.3201,0.3224,44906.4
1707850800000.0,0.3221,0.3247,0.3215,0.3216,37008.6
1707854400000.0,0.3218,0.3245,0.3218,0.3242,148513.5
1707858000000.0,0.3239,0.3262,0.3226,0.3228,54195.9
1707861600000.0,0.3231,0.3242,0.3223,0.3242,48930.5
1707865200000.0,0.3236,0.3237,0.3222,0.3222,2067.3
1707868800000.0,0.3221,0.3228,0.3201,0.3217,54471.3
1707872400000.0,0.3211,0.3218,0.3206,0.3218,13807.0
1707876000000.0,0.3215,0.3242,0.3215,0.3236,6565.4
1707879600000.0,0.324,0.325,0.324,0.3244,306.4
1707883200000.0,0.3244,0.3244,0.324,0.3244,2543.7
1707886800000.0,0.3248,0.3382,0.3248,0.3363,243143.6
1707890400000.0,0.3359,0.3384,0.3305,0.3312,81561.5
1707894000000.0,0.3309,0.3335,0.3309,0.3309,11229.9
1707897600000.0,0.3317,0.3329,0.3301,0.3317,31565.8
1707901200000.0,0.3321,0.3356,0.3319,0.3329,35329.7
1707904800000.0,0.3328,0.3328,0.3315,0.3328,16143.8
1707908400000.0,0.3328,0.334,0.3311,0.334,15351.4
1707912000000.0,0.3336,0.3337,0.3326,0.3328,27625.5
1707915600000.0,0.3328,0.3343,0.3316,0.3342,70243.2
1707919200000.0,0.3339,0.3355,0.3335,0.3355,61883.0
1707922800000.0,0.3354,0.3354,0.3327,0.3339,72342.0
1707926400000.0,0.334,0.334,0.3301,0.3301,133218.1
1707930000000.0,0.33,0.3314,0.3296,0.3304,34377.4
1707933600000.0,0.3305,0.3318,0.3305,0.3309,24218.2
1707937200000.0,0.3306,0.3317,0.3305,0.3309,26155.9
1707940800000.0,0.3305,0.3314,0.3305,0.3313,7980.0
1707944400000.0,0.3315,0.3328,0.3315,0.3328,7395.1
1707948000000.0,0.3328,0.3328,0.3321,0.3323,4350.2
1707951600000.0,0.3327,0.3344,0.3324,0.334,25781.5
1707955200000.0,0.3344,0.338,0.3344,0.3367,109332.3
1707958800000.0,0.3371,0.344,0.3371,0.341,146748.1
1707962400000.0,0.3411,0.3434,0.3355,0.3374,91007.3
1707966000000.0,0.3375,0.338,0.337,0.3372,62450.3
1707969600000.0,0.3371,0.3383,0.3371,0.3381,3933.8
1707973200000.0,0.3375,0.3375,0.3322,0.3336,5956.1
1707976800000.0,0.3339,0.3342,0.333,0.333,18925.2
1707980400000.0,0.3328,0.3339,0.332,0.3332,8069.6
1707984000000.0,0.3335,0.3336,0.3316,0.3332,37570.9
1707987600000.0,0.3328,0.3343,0.3328,0.3343,9828.7
1707991200000.0,0.3346,0.3352,0.3343,0.3352,2991.4
1707994800000.0,0.3355,0.3356,0.3337,0.3342,10778.1
1707998400000.0,0.3346,0.3352,0.3329,0.3348,63986.2
1708002000000.0,0.3345,0.3345,0.3326,0.3339,8205.4
1708005600000.0,0.3335,0.3372,0.3334,0.3354,18337.0
1708009200000.0,0.3353,0.3353,0.3297,0.3313,28074.6
1708012800000.0,0.3317,0.3332,0.3289,0.3308,51192.1
1708016400000.0,0.3312,0.3317,0.3303,0.3309,7130.2
1708020000000.0,0.3307,0.3328,0.3305,0.3323,35319.3
1708023600000.0,0.3322,0.333,0.3313,0.3325,65157.8
1708027200000.0,0.3327,0.3334,0.3307,0.3322,32898.5
1708030800000.0,0.3317,0.3342,0.3303,0.3309,47583.3
1708034400000.0,0.3311,0.3337,0.331,0.3325,19936.8
1708038000000.0,0.3328,0.3339,0.3328,0.3339,4187.0
1708041600000.0,0.3342,0.3352,0.332,0.3332,10799.9
1708045200000.0,0.3328,0.3342,0.3328,0.3339,7795.6
1708048800000.0,0.3346,0.336,0.3346,0.336,5031.9
1708052400000.0,0.3359,0.3363,0.3354,0.3358,29912.0
1708056000000.0,0.3352,0.3358,0.3348,0.3348,1975.8
1708059600000.0,0.3352,0.3358,0.335,0.3357,3524.5
1708063200000.0,0.3352,0.3359,0.3335,0.3335,3104.2
1708066800000.0,0.3339,0.3346,0.332,0.3327,8303.2
1708070400000.0,0.3328,0.3437,0.3328,0.3383,94931.6
1708074000000.0,0.3379,0.3393,0.3353,0.3388,17817.9
1708077600000.0,0.3391,0.3414,0.3384,0.3414,5628.1
1708081200000.0,0.3415,0.3423,0.3409,0.3413,7750.8
1708084800000.0,0.3409,0.3422,0.3398,0.342,28343.2
1708088400000.0,0.342,0.3423,0.3367,0.3378,36688.7
1708092000000.0,0.338,0.338,0.33,0.3324,34220.4
1708095600000.0,0.3328,0.3332,0.3297,0.3317,42097.9
1708099200000.0,0.3318,0.3338,0.3305,0.3309,44832.6
1708102800000.0,0.3309,0.3323,0.3293,0.33,37833.7
1708106400000.0,0.3301,0.331,0.3283,0.331,5278.6
1708110000000.0,0.3309,0.3314,0.3297,0.3297,4831.7
1708113600000.0,0.3301,0.3319,0.3301,0.3316,13190.3
1708117200000.0,0.3317,0.3328,0.3308,0.3328,1108.9
1708120800000.0,0.3325,0.3334,0.3324,0.3331,2554.3
1708124400000.0,0.3333,0.3346,0.3331,0.3341,2841.3
1708128000000.0,0.3339,0.3367,0.3339,0.3367,31973.5
1708131600000.0,0.3366,0.3372,0.3328,0.3342,9439.8
1708135200000.0,0.3339,0.3339,0.332,0.3324,5364.7
1708138800000.0,0.3324,0.3327,0.3317,0.332,1655.9
1708142400000.0,0.3317,0.3317,0.3313,0.3315,356.9
1708146000000.0,0.3313,0.3313,0.3305,0.3306,969.4
1708149600000.0,0.3313,0.3313,0.3309,0.3309,375.5
1708153200000.0,0.3306,0.3352,0.3306,0.3328,8030.0
1708156800000.0,0.3327,0.3342,0.3288,0.3297,24939.0
1708160400000.0,0.3293,0.3297,0.3231,0.3232,65858.8
1708164000000.0,0.323,0.3242,0.3223,0.3236,4058.0
1708167600000.0,0.324,0.3258,0.324,0.3254,9871.2
1708171200000.0,0.3248,0.3273,0.3247,0.3272,13671.1
1708174800000.0,0.3274,0.3301,0.3258,0.328,28103.8
1708178400000.0,0.3276,0.3297,0.3197,0.3226,152715.1
1708182000000.0,0.3229,0.3248,0.3221,0.3231,11798.9
1708185600000.0,0.3228,0.3249,0.3221,0.3246,2849.4
1708189200000.0,0.3252,0.3289,0.3252,0.3289,15035.1
1708192800000.0,0.3283,0.3283,0.3273,0.3273,293.6
1708196400000.0,0.3276,0.3276,0.327,0.3274,7819.1
1708200000000.0,0.3276,0.33,0.3276,0.3296,8454.8
1708203600000.0,0.3289,0.3299,0.328,0.3298,14684.8
1708207200000.0,0.3296,0.3298,0.3269,0.3279,45587.8
1708210800000.0,0.3276,0.328,0.3276,0.3276,945.7
1708214400000.0,0.3276,0.328,0.3261,0.3266,3729.3
1708218000000.0,0.3269,0.3278,0.3256,0.3256,14591.6
1708221600000.0,0.3256,0.3268,0.3252,0.3254,6770.3
1708225200000.0,0.3256,0.3258,0.3251,0.3254,1117.3
1708228800000.0,0.3258,0.3266,0.3252,0.3262,2069.6
1708232400000.0,0.3266,0.3269,0.3262,0.3269,3999.5
1708236000000.0,0.3267,0.3276,0.3259,0.3276,35490.8
1708239600000.0,0.3276,0.3297,0.3267,0.3293,20283.8
1708243200000.0,0.3297,0.332,0.3297,0.3308,32201.5
1708246800000.0,0.3313,0.4397,0.3309,0.4338,2106783.7
1708250400000.0,0.4296,0.462,0.4153,0.4486,1585143.2
1708254000000.0,0.4491,0.4491,0.4209,0.4238,1063992.9
1708257600000.0,0.4231,0.4284,0.4095,0.417,1059117.7
1708261200000.0,0.4176,0.4263,0.4128,0.4171,763195.0
1708264800000.0,0.4177,0.4208,0.404,0.4199,426611.2
1708268400000.0,0.4199,0.4347,0.4138,0.4304,1224057.6
1708272000000.0,0.4308,0.4418,0.4067,0.4098,1007401.3
1708275600000.0,0.41,0.41,0.3942,0.3995,637709.3
1708279200000.0,0.3991,0.4022,0.3951,0.4007,327793.3
1708282800000.0,0.4006,0.4027,0.398,0.3998,254590.1
1708286400000.0,0.3996,0.4001,0.3965,0.3977,101728.7
1708290000000.0,0.3977,0.4018,0.3946,0.3968,205263.4
1708293600000.0,0.3964,0.3981,0.3894,0.3973,202932.3
1708297200000.0,0.3973,0.3973,0.3912,0.3934,233619.0
1708300800000.0,0.3933,0.3963,0.3907,0.3939,210415.5
1708304400000.0,0.3936,0.394,0.3833,0.3849,171424.6
1708308000000.0,0.3853,0.3885,0.3809,0.3873,249246.6
1708311600000.0,0.3869,0.3873,0.384,0.387,210594.7
1708315200000.0,0.387,0.3898,0.384,0.3855,78592.4
1708318800000.0,0.3853,0.3869,0.3781,0.3829,172351.0
1708322400000.0,0.383,0.3898,0.3805,0.3865,81787.6
1708326000000.0,0.3861,0.3885,0.3821,0.3835,47138.0
1708329600000.0,0.383,0.3925,0.3817,0.383,260636.2
1708333200000.0,0.3835,0.3894,0.3773,0.3879,181016.9
1708336800000.0,0.3873,0.3935,0.3841,0.3935,214648.8
1708340400000.0,0.3934,0.3975,0.391,0.3935,253704.7
1708344000000.0,0.3936,0.3982,0.3907,0.3907,184318.6
1708347600000.0,0.3908,0.396,0.388,0.3956,192918.7
1708351200000.0,0.3956,0.3968,0.3892,0.3899,99867.9
1708354800000.0,0.3898,0.3945,0.3888,0.3917,49981.0
1708358400000.0,0.3921,0.3956,0.3898,0.3925,159411.9
1708362000000.0,0.3927,0.3968,0.3843,0.3888,99240.4
1708365600000.0,0.3894,0.3929,0.3891,0.3924,70332.7
1708369200000.0,0.3925,0.3943,0.3912,0.393,51540.2
1708372800000.0,0.3931,0.3961,0.3931,0.3947,17662.5
1708376400000.0,0.3947,0.3973,0.3922,0.3939,69568.9
1708380000000.0,0.3938,0.3947,0.3931,0.3942,51689.4
1708383600000.0,0.3939,0.3939,0.3882,0.3883,67331.8
1708387200000.0,0.3883,0.4099,0.3882,0.4052,1073723.3
1708390800000.0,0.405,0.4236,0.3963,0.4052,1000423.8
1708394400000.0,0.4055,0.4117,0.3999,0.4073,247158.2
1708398000000.0,0.4078,0.4105,0.3969,0.3998,231942.9
1708401600000.0,0.4,0.4009,0.3874,0.3902,96460.5
1708405200000.0,0.3905,0.3927,0.3879,0.3925,33667.3
1708408800000.0,0.393,0.3939,0.3902,0.3925,45515.1
1708412400000.0,0.3925,0.3942,0.3909,0.3921,165966.7
1708416000000.0,0.3925,0.3935,0.3821,0.3835,72987.2
1708419600000.0,0.383,0.3848,0.3802,0.3846,56826.7
1708423200000.0,0.3849,0.3861,0.3843,0.3859,16474.2
1708426800000.0,0.3861,0.3909,0.3861,0.3884,135478.8
1708430400000.0,0.389,0.3909,0.3858,0.3862,43981.3
1708434000000.0,0.3857,0.3896,0.3848,0.3878,73620.2
1708437600000.0,0.3882,0.389,0.3718,0.375,265857.7
1708441200000.0,0.3746,0.3752,0.3516,0.3662,846689.1
1708444800000.0,0.3666,0.3705,0.3654,0.3658,132224.8
1708448400000.0,0.3662,0.3704,0.3653,0.3702,82464.1
1708452000000.0,0.37,0.37,0.3662,0.3664,9325.3
1708455600000.0,0.3663,0.369,0.365,0.369,72470.2
1708459200000.0,0.3689,0.3702,0.3678,0.3689,348587.7
1708462800000.0,0.3686,0.3686,0.3663,0.3683,49117.0
1708466400000.0,0.3686,0.3697,0.368,0.3694,17980.7
1708470000000.0,0.3692,0.3711,0.3673,0.368,57934.3
1708473600000.0,0.3679,0.3718,0.367,0.369,58211.8
1708477200000.0,0.3687,0.372,0.368,0.3686,23320.3
1708480800000.0,0.3686,0.3687,0.3641,0.365,63324.6
1708484400000.0,0.365,0.3731,0.3647,0.3698,13356.1
1708488000000.0,0.3694,0.3748,0.3675,0.3675,194399.4
1708491600000.0,0.3674,0.3714,0.3658,0.367,16433.3
1708495200000.0,0.3674,0.3716,0.3636,0.3671,94002.7
1708498800000.0,0.3668,0.3699,0.3613,0.3621,130232.2
1708502400000.0,0.3621,0.3643,0.3602,0.3635,25161.7
1708506000000.0,0.3635,0.3649,0.3595,0.3634,142217.4
1708509600000.0,0.3634,0.3651,0.3551,0.3587,99928.3
1708513200000.0,0.359,0.3609,0.3528,0.3545,132869.6
1708516800000.0,0.3545,0.3617,0.3515,0.3605,34848.4
1708520400000.0,0.361,0.363,0.3586,0.3595,64015.5
1708524000000.0,0.3598,0.3598,0.3538,0.3552,27612.1
1708527600000.0,0.3548,0.3562,0.3526,0.354,55070.3
1708531200000.0,0.3544,0.356,0.3522,0.3556,11002.6
1708534800000.0,0.3559,0.3566,0.3515,0.3516,23271.3
1708538400000.0,0.3513,0.3517,0.3467,0.3511,157310.9
1708542000000.0,0.3516,0.3566,0.3516,0.3532,88377.4
1708545600000.0,0.3535,0.3536,0.3512,0.3513,42925.4
1708549200000.0,0.352,0.3579,0.352,0.3579,63782.5
1708552800000.0,0.3577,0.3641,0.3566,0.3641,28408.4
1708556400000.0,0.3634,0.3663,0.3626,0.3662,164558.9
1708560000000.0,0.3664,0.3712,0.3655,0.3659,439930.8
1708563600000.0,0.3658,0.3665,0.3622,0.3623,38229.6
1708567200000.0,0.3622,0.3647,0.3594,0.363,74606.5
1708570800000.0,0.3628,0.3646,0.3618,0.3646,47854.3
1708574400000.0,0.3642,0.3666,0.3636,0.366,24013.8
1708578000000.0,0.3666,0.3717,0.3666,0.3708,43076.1
1708581600000.0,0.3702,0.3726,0.3682,0.3718,63398.2
1708585200000.0,0.3722,0.3724,0.3696,0.3722,16455.2
1708588800000.0,0.3718,0.3735,0.3707,0.373,12279.0
1708592400000.0,0.3734,0.3746,0.3646,0.3654,107084.3
1708596000000.0,0.365,0.366,0.3605,0.3633,27707.9
1708599600000.0,0.3634,0.3636,0.3622,0.3627,15293.6
1708603200000.0,0.3622,0.367,0.3621,0.3638,31559.1
1708606800000.0,0.3636,0.365,0.3595,0.3618,19251.6
1708610400000.0,0.3617,0.3639,0.3617,0.3639,8368.3
1708614000000.0,0.3642,0.3658,0.3634,0.3656,22201.2
1708617600000.0,0.3658,0.372,0.3638,0.3664,173837.5
1708621200000.0,0.367,0.3708,0.367,0.3698,43718.8
1708624800000.0,0.3698,0.3735,0.3694,0.3722,9312.5
1708628400000.0,0.3718,0.3718,0.3682,0.3684,29140.3
1708632000000.0,0.3686,0.3721,0.3686,0.3714,28702.0
1708635600000.0,0.3713,0.3718,0.3677,0.369,21186.0
1708639200000.0,0.3694,0.3698,0.3662,0.3696,37750.1
1708642800000.0,0.369,0.369,0.3662,0.3662,32939.4
1708646400000.0,0.3671,0.3723,0.3671,0.3701,83910.3
1708650000000.0,0.3705,0.3718,0.3692,0.3693,18808.1
1708653600000.0,0.3693,0.3737,0.3649,0.3654,33627.6
1708657200000.0,0.365,0.3688,0.3633,0.3646,48921.8
1708660800000.0,0.365,0.3694,0.361,0.3631,100114.9
1708664400000.0,0.363,0.3682,0.3627,0.3667,188460.3
1708668000000.0,0.3662,0.3735,0.3661,0.3698,42657.2
1708671600000.0,0.3702,0.3714,0.3669,0.3678,41178.7
1708675200000.0,0.3682,0.3736,0.3669,0.3686,43458.8
1708678800000.0,0.3686,0.3786,0.3678,0.375,232433.0
1708682400000.0,0.3755,0.3795,0.3742,0.3748,112073.0
1708686000000.0,0.3747,0.3778,0.3709,0.3775,47422.7
1708689600000.0,0.3777,0.3881,0.3775,0.3825,310234.5
1708693200000.0,0.3821,0.3873,0.3781,0.3817,62795.8
1708696800000.0,0.3813,0.3936,0.3801,0.39,156178.8
1708700400000.0,0.3894,0.3924,0.3741,0.375,375047.2
1708704000000.0,0.3755,0.3764,0.3706,0.3747,190265.9
1708707600000.0,0.3742,0.376,0.3727,0.3735,75263.1
1708711200000.0,0.3735,0.376,0.3735,0.3756,39127.6
1708714800000.0,0.376,0.3797,0.376,0.3783,22947.6
1708718400000.0,0.3785,0.3815,0.3775,0.3809,48379.4
1708722000000.0,0.3807,0.3821,0.3781,0.3784,59587.5
1708725600000.0,0.3785,0.3809,0.3752,0.3757,16051.4
1708729200000.0,0.376,0.3772,0.3738,0.3764,11704.5
1708732800000.0,0.376,0.3781,0.3735,0.3755,53834.7
1708736400000.0,0.3755,0.376,0.3638,0.3639,32467.5
1708740000000.0,0.3646,0.3697,0.3642,0.3693,143035.7
1708743600000.0,0.3692,0.3714,0.3692,0.3711,3532.9
1708747200000.0,0.371,0.3728,0.3706,0.3722,6524.5
1708750800000.0,0.3719,0.3722,0.3674,0.369,25015.2
1708754400000.0,0.3694,0.3712,0.3693,0.3698,4606.2
1708758000000.0,0.3694,0.3709,0.3681,0.3687,28742.2
1708761600000.0,0.3682,0.3682,0.3647,0.3651,14578.1
1708765200000.0,0.3646,0.3667,0.3646,0.3654,27599.3
1708768800000.0,0.3658,0.3666,0.3562,0.3578,83200.7
1708772400000.0,0.3574,0.3595,0.3573,0.3584,53196.3
1708776000000.0,0.3585,0.3622,0.3585,0.3622,39847.3
1708779600000.0,0.3618,0.3638,0.3612,0.3638,83199.4
1708783200000.0,0.3642,0.3642,0.3597,0.3603,19617.0
1708786800000.0,0.3608,0.3643,0.3602,0.3632,39488.5
1708790400000.0,0.3636,0.3662,0.3636,0.365,42903.0
1708794000000.0,0.3651,0.3683,0.3636,0.3679,23402.5
1708797600000.0,0.3678,0.3691,0.3677,0.3678,32050.7
1708801200000.0,0.3682,0.3686,0.3676,0.3685,3250.8
1708804800000.0,0.3686,0.3686,0.3656,0.367,10693.3
1708808400000.0,0.3669,0.3682,0.3662,0.3676,33735.9
1708812000000.0,0.3674,0.3675,0.3658,0.3658,13598.9
1708815600000.0,0.3654,0.3666,0.3654,0.3658,23963.1
1708819200000.0,0.3657,0.3688,0.364,0.3682,20757.9
1708822800000.0,0.3686,0.3712,0.3673,0.3707,99495.9
1708826400000.0,0.3702,0.3714,0.3655,0.3671,53095.7
1708830000000.0,0.3674,0.3674,0.3608,0.3626,39086.0
1708833600000.0,0.363,0.3642,0.3622,0.3634,4755.2
1708837200000.0,0.3635,0.3635,0.3614,0.3618,4822.2
1708840800000.0,0.3622,0.3646,0.3622,0.3638,12106.2
1708844400000.0,0.3634,0.3646,0.3633,0.3645,21826.0
1708848000000.0,0.3642,0.3642,0.3612,0.3612,9040.6
1708851600000.0,0.361,0.3623,0.3605,0.362,4319.6
1708855200000.0,0.3618,0.3618,0.3602,0.3616,4856.0
1708858800000.0,0.3613,0.3649,0.3613,0.3649,4509.0
1708862400000.0,0.3647,0.3682,0.3642,0.3652,22338.5
1708866000000.0,0.3656,0.3656,0.3627,0.3628,18153.2
1708869600000.0,0.363,0.3674,0.3629,0.3656,15847.4
1708873200000.0,0.3654,0.3654,0.3618,0.3623,8303.2
1708876800000.0,0.3624,0.3658,0.3617,0.3636,231096.7
1708880400000.0,0.3642,0.3657,0.3622,0.3643,9684.5
1708887600000.0,0.3644,0.3655,0.3639,0.3647,12191.5
1708891200000.0,0.365,0.3662,0.365,0.3654,9939.1
1708894800000.0,0.365,0.365,0.3632,0.3632,3850.4
1708898400000.0,0.363,0.363,0.3613,0.3616,8074.9
1708902000000.0,0.3618,0.3636,0.3618,0.3634,5473.2
1708905600000.0,0.363,0.3642,0.3623,0.364,22576.0
1708909200000.0,0.3638,0.3644,0.3617,0.3617,31732.1
1708912800000.0,0.3622,0.3631,0.3609,0.3627,27883.6
1708916400000.0,0.3622,0.3642,0.362,0.3638,20797.3
1708920000000.0,0.3642,0.3647,0.364,0.3642,13035.1
1708923600000.0,0.3643,0.3669,0.3636,0.3662,9096.4
1708927200000.0,0.3658,0.3688,0.3652,0.3686,6906.2
1708930800000.0,0.369,0.3694,0.3662,0.3686,38728.5
1708934400000.0,0.3682,0.3715,0.367,0.367,36261.0
1708938000000.0,0.367,0.367,0.359,0.3594,47090.5
1708941600000.0,0.3598,0.3633,0.3598,0.3605,8148.8
1708945200000.0,0.3602,0.3602,0.3573,0.3598,11677.1
1708948800000.0,0.3602,0.3638,0.359,0.3638,25528.1
1708952400000.0,0.3642,0.365,0.3633,0.3644,21769.2
1708956000000.0,0.3645,0.3661,0.3636,0.3658,6709.2
1708959600000.0,0.3655,0.3689,0.3655,0.3689,44681.7
1708963200000.0,0.3688,0.3709,0.3666,0.3706,39301.0
1708966800000.0,0.3702,0.3711,0.3693,0.3707,21029.3
1708970400000.0,0.371,0.3716,0.3673,0.3681,70422.3
1708974000000.0,0.3682,0.3718,0.367,0.3707,90238.3
1708977600000.0,0.3704,0.3723,0.3682,0.3695,54175.2
1708981200000.0,0.3701,0.3713,0.3694,0.3711,27952.6
1708984800000.0,0.3707,0.3729,0.3694,0.3711,212342.3
1708988400000.0,0.371,0.376,0.3703,0.3741,31293.9
1708992000000.0,0.3739,0.3767,0.373,0.3755,32246.5
1708995600000.0,0.375,0.3776,0.3728,0.3757,47779.3
1708999200000.0,0.3755,0.381,0.3751,0.3794,35430.7
1709002800000.0,0.3793,0.3852,0.3785,0.3801,61939.9
1709006400000.0,0.3805,0.3857,0.38,0.3823,152498.5
1709010000000.0,0.3821,0.3821,0.3741,0.3787,94964.4
1709013600000.0,0.3789,0.3805,0.3772,0.3773,16002.9
1709017200000.0,0.3776,0.3777,0.375,0.3773,7525.2
1709020800000.0,0.3769,0.3786,0.3769,0.378,14942.6
1709024400000.0,0.3777,0.381,0.3777,0.3805,6258.7
1709028000000.0,0.3801,0.3809,0.3787,0.3805,25116.2
1709031600000.0,0.3808,0.3839,0.3808,0.3826,16597.1
1709035200000.0,0.3825,0.3839,0.3805,0.3805,94218.5
1709038800000.0,0.3809,0.3813,0.3779,0.3803,20115.0
1709042400000.0,0.3801,0.3809,0.3783,0.3793,16006.2
1709046000000.0,0.3797,0.3828,0.3754,0.3772,21395.8
1709049600000.0,0.3777,0.3781,0.372,0.3727,137729.8
1709053200000.0,0.3728,0.3731,0.3706,0.3722,20582.1
1709056800000.0,0.3726,0.3742,0.3723,0.3729,122545.9
1709060400000.0,0.373,0.375,0.3705,0.3714,30080.7
1709064000000.0,0.3717,0.3734,0.3709,0.3729,24211.3
1709067600000.0,0.3728,0.3749,0.3718,0.374,30676.0
1709071200000.0,0.374,0.3764,0.374,0.3757,48902.3
1709074800000.0,0.3752,0.3764,0.3752,0.376,13529.2
1709078400000.0,0.3764,0.3778,0.3746,0.3766,5905.0
1709082000000.0,0.3763,0.3763,0.3727,0.375,10641.6
1709085600000.0,0.3748,0.3777,0.3748,0.3776,58772.1
1709089200000.0,0.3773,0.3801,0.376,0.3799,28474.2
1709092800000.0,0.3798,0.3837,0.3772,0.3811,43728.4
1709096400000.0,0.3817,0.3884,0.3812,0.3881,75972.9
1709100000000.0,0.3882,0.3947,0.3774,0.379,291928.6
1709103600000.0,0.3793,0.3878,0.3793,0.3838,77847.3
1709107200000.0,0.384,0.3852,0.3788,0.38,117065.9
1709110800000.0,0.3793,0.3809,0.3755,0.3806,100162.8
1709114400000.0,0.3805,0.3836,0.3787,0.3836,35753.5
1709118000000.0,0.383,0.3837,0.3728,0.3772,30691.2
1709121600000.0,0.3773,0.3777,0.374,0.3746,30008.4
1709125200000.0,0.3745,0.3815,0.3732,0.379,165322.2
1709128800000.0,0.3792,0.3823,0.3764,0.3801,164164.0
1709132400000.0,0.3801,0.3828,0.3796,0.3812,273327.3
1709136000000.0,0.3817,0.3854,0.3817,0.383,50330.0
1709139600000.0,0.3832,0.3873,0.33,0.3499,622709.6
1709143200000.0,0.3498,0.351,0.3369,0.3449,576275.1
1709146800000.0,0.3451,0.3461,0.3431,0.3455,114718.3
1709150400000.0,0.3459,0.347,0.3434,0.3447,237819.8
1709154000000.0,0.3446,0.3485,0.3434,0.3458,86705.3
1709157600000.0,0.3463,0.3475,0.3437,0.3475,98604.0
1709161200000.0,0.3473,0.3495,0.3458,0.3489,162659.3
1709164800000.0,0.3492,0.3493,0.3441,0.3478,162689.0
1709168400000.0,0.3482,0.3559,0.3482,0.3544,125856.9
1709172000000.0,0.3548,0.3583,0.3515,0.3528,136785.8
1709175600000.0,0.3524,0.3544,0.3512,0.3544,17025.8
1709179200000.0,0.3548,0.3591,0.3539,0.3578,44406.4
1709182800000.0,0.3582,0.3604,0.3566,0.3604,98693.9
1709186400000.0,0.3604,0.3619,0.358,0.3598,57115.1
1709190000000.0,0.3594,0.3606,0.3562,0.3604,66971.7
1709193600000.0,0.3604,0.3616,0.3577,0.3616,48429.7
1709197200000.0,0.3618,0.3636,0.3605,0.3614,132557.9
1709200800000.0,0.3614,0.3614,0.3586,0.3606,14831.3
1709204400000.0,0.3606,0.3614,0.3589,0.3607,25255.8
1709208000000.0,0.3606,0.361,0.3576,0.3609,97458.5
1709211600000.0,0.3614,0.3633,0.3592,0.3631,43868.0
1709215200000.0,0.363,0.3638,0.3602,0.3618,88411.3
1709218800000.0,0.3618,0.3699,0.3607,0.3681,156444.0
1709222400000.0,0.3678,0.3718,0.3605,0.369,222314.3
1709226000000.0,0.3686,0.3702,0.3621,0.3658,392050.6
1709229600000.0,0.3655,0.3694,0.3655,0.3678,65790.6
1709233200000.0,0.3674,0.3678,0.3658,0.3666,21772.2
1709236800000.0,0.3669,0.3713,0.3669,0.3706,21776.0
1709240400000.0,0.3702,0.3722,0.3623,0.3686,116282.9
1709244000000.0,0.3682,0.3682,0.3553,0.3606,65026.1
1709247600000.0,0.361,0.3668,0.361,0.3662,57078.3
1709251200000.0,0.3665,0.373,0.3663,0.3726,30115.9
1709254800000.0,0.3722,0.3735,0.3697,0.3706,26248.6
1709258400000.0,0.371,0.3712,0.366,0.3694,25793.2
1709262000000.0,0.369,0.3706,0.367,0.3696,16107.6
1709265600000.0,0.3694,0.3731,0.3694,0.3731,31523.3
1709269200000.0,0.373,0.3764,0.3718,0.3764,67203.2
1709272800000.0,0.3764,0.3793,0.3712,0.3729,77383.9
1709276400000.0,0.3728,0.376,0.37,0.3712,47609.7
1709280000000.0,0.3714,0.3736,0.3705,0.3731,37748.2
1709283600000.0,0.373,0.3773,0.373,0.3764,17586.8
1709287200000.0,0.3764,0.3781,0.3755,0.3761,8013.5
1709290800000.0,0.3764,0.3771,0.3734,0.3738,25648.4
1709294400000.0,0.3735,0.3768,0.3734,0.3768,7862.5
1709298000000.0,0.3772,0.379,0.376,0.3763,11584.3
1709301600000.0,0.3764,0.3781,0.3738,0.3773,37347.0
1709305200000.0,0.3772,0.3772,0.3729,0.3734,42639.3
1709308800000.0,0.3738,0.3786,0.3738,0.3761,173938.8
1709312400000.0,0.3764,0.3803,0.3764,0.3785,54670.4
1709316000000.0,0.3781,0.3811,0.3777,0.3811,45794.8
1709319600000.0,0.3812,0.3819,0.3787,0.3799,46972.3
1709323200000.0,0.3801,0.3809,0.3782,0.3805,13867.6
1709326800000.0,0.3801,0.3801,0.3785,0.3797,4458.8
1709330400000.0,0.3796,0.3802,0.3789,0.3797,26847.4
1709334000000.0,0.3795,0.3796,0.3751,0.3768,32913.8
1709337600000.0,0.3769,0.3813,0.3767,0.3785,44629.7
1709341200000.0,0.3781,0.3788,0.3694,0.373,109208.2
1709344800000.0,0.3732,0.3764,0.3726,0.376,93766.9
1709348400000.0,0.3764,0.3781,0.3761,0.3773,22216.9
1709352000000.0,0.3781,0.3783,0.376,0.3765,29597.3
1709355600000.0,0.3761,0.3761,0.3702,0.3737,126803.6
1709359200000.0,0.3738,0.3746,0.3689,0.3745,54416.9
1709362800000.0,0.3746,0.3746,0.365,0.3706,162916.1
1709366400000.0,0.3702,0.3712,0.3646,0.3672,70663.2
1709370000000.0,0.3674,0.3677,0.3643,0.3663,70770.7
1709373600000.0,0.3663,0.3674,0.3648,0.3656,8675.8
1709377200000.0,0.3656,0.3674,0.3651,0.3653,36374.9
1709380800000.0,0.3654,0.3706,0.3654,0.3706,25086.4
1709384400000.0,0.3708,0.3714,0.369,0.3696,34109.5
1709388000000.0,0.3695,0.37,0.3654,0.3678,59976.1
1709391600000.0,0.3682,0.3683,0.3658,0.3666,20524.3
1709395200000.0,0.367,0.3703,0.367,0.3695,19770.9
1709398800000.0,0.369,0.3713,0.369,0.3705,7115.4
1709402400000.0,0.3702,0.3717,0.3699,0.3712,34987.4
1709406000000.0,0.3718,0.3735,0.371,0.3735,35568.7
1709409600000.0,0.3733,0.3736,0.3699,0.3703,44304.9
1709413200000.0,0.3705,0.3715,0.3705,0.3715,1817.8
1709416800000.0,0.371,0.3745,0.3709,0.3738,13086.3
1709420400000.0,0.3738,0.3749,0.3696,0.3735,187491.7
1709424000000.0,0.3742,0.3745,0.3682,0.3698,134870.9
1709427600000.0,0.3701,0.371,0.3673,0.371,11601.3
1709431200000.0,0.3706,0.3714,0.3682,0.3709,10161.6
1709434800000.0,0.371,0.3747,0.371,0.3746,56006.0
1709438400000.0,0.3749,0.3794,0.3749,0.3768,37822.5
1709442000000.0,0.3769,0.3786,0.3749,0.3756,40521.0
1709445600000.0,0.3751,0.3751,0.37,0.371,95505.0
1709449200000.0,0.3706,0.371,0.3239,0.3562,676846.9
1709452800000.0,0.3567,0.3637,0.355,0.3618,363110.9
1709456400000.0,0.3622,0.3706,0.362,0.3674,83743.8
1709460000000.0,0.367,0.3679,0.3631,0.3631,67845.9
1709463600000.0,0.3634,0.3665,0.3623,0.3641,19851.3
1709467200000.0,0.364,0.3662,0.362,0.3628,7666.3
1709470800000.0,0.3629,0.3639,0.3622,0.3632,37134.6
1709474400000.0,0.3634,0.3662,0.3628,0.3643,72114.7
1709478000000.0,0.3639,0.3652,0.3635,0.3652,34775.3
1709481600000.0,0.3652,0.3655,0.3625,0.3642,52285.6
1709485200000.0,0.3646,0.365,0.3627,0.3632,22557.9
1709488800000.0,0.363,0.3638,0.3613,0.3622,15468.4
1709492400000.0,0.3626,0.3654,0.3626,0.3639,27366.8
1709496000000.0,0.3642,0.3646,0.3622,0.3625,9697.8
1709499600000.0,0.3629,0.3647,0.3629,0.3631,21331.7
1709503200000.0,0.3636,0.3645,0.361,0.3613,45854.2
1709506800000.0,0.3618,0.3626,0.3593,0.3602,18919.7
1709510400000.0,0.3606,0.3636,0.3548,0.3611,70805.4
1709514000000.0,0.3608,0.3642,0.3594,0.3632,30925.0
1709517600000.0,0.3627,0.3627,0.3586,0.3616,38620.6
1709521200000.0,0.3621,0.3621,0.3593,0.361,17904.3
1709524800000.0,0.3606,0.3634,0.3594,0.3634,15574.6
1709528400000.0,0.3638,0.3654,0.3618,0.3618,26529.8
1709532000000.0,0.3619,0.3651,0.3604,0.3644,10827.2
1709535600000.0,0.3645,0.3683,0.3642,0.3675,35221.7
1709539200000.0,0.3674,0.3696,0.3667,0.3675,20826.1
1709542800000.0,0.3681,0.369,0.3655,0.3689,61400.8
1709546400000.0,0.3686,0.369,0.3621,0.3634,97472.3
1709550000000.0,0.3638,0.3652,0.3631,0.365,8571.7
1709553600000.0,0.3648,0.3674,0.3644,0.3666,16121.1
1709557200000.0,0.367,0.3677,0.3623,0.3623,44781.6
1709560800000.0,0.363,0.3633,0.3583,0.3615,95042.0
1709564400000.0,0.3618,0.3634,0.3611,0.363,56090.3
1709568000000.0,0.3627,0.3628,0.3538,0.354,75919.8
1709571600000.0,0.3543,0.3566,0.3456,0.3457,160184.6
1709575200000.0,0.3463,0.3512,0.3445,0.3512,72874.6
1709578800000.0,0.3508,0.3528,0.3489,0.3524,66531.3
1709582400000.0,0.3528,0.3532,0.3511,0.3512,32823.5
1709586000000.0,0.3512,0.3544,0.3494,0.3542,43338.5
1709589600000.0,0.354,0.3552,0.3527,0.3552,20735.3
1709593200000.0,0.3555,0.3557,0.3523,0.3543,73813.1
1709596800000.0,0.354,0.3548,0.3522,0.3528,40837.3
1709600400000.0,0.3524,0.356,0.3524,0.3545,421800.9
1709604000000.0,0.3546,0.3546,0.3475,0.3503,386714.6
1709607600000.0,0.3503,0.3519,0.3493,0.3511,33311.7
1709611200000.0,0.3516,0.357,0.3504,0.3566,53673.6
1709614800000.0,0.3562,0.3608,0.3493,0.3603,92301.6
1709618400000.0,0.3598,0.3642,0.357,0.3634,43708.9
1709622000000.0,0.363,0.3641,0.3611,0.3621,26456.1
1709625600000.0,0.3626,0.364,0.3569,0.363,30140.4
1709629200000.0,0.3634,0.3642,0.361,0.3642,20548.5
1709632800000.0,0.3641,0.366,0.363,0.3637,10106.4
1709636400000.0,0.3638,0.3643,0.3615,0.3626,22397.1
1709640000000.0,0.363,0.3652,0.363,0.3647,40047.8
1709643600000.0,0.365,0.3663,0.3629,0.3637,29855.8
1709647200000.0,0.3634,0.3641,0.3589,0.3621,63972.2
1709650800000.0,0.3622,0.3634,0.355,0.3593,274848.1
1709654400000.0,0.3598,0.3614,0.3439,0.3524,521732.1
1709658000000.0,0.352,0.3536,0.3438,0.3536,390368.4
1709661600000.0,0.3533,0.3558,0.3509,0.3512,81202.8
1709665200000.0,0.3511,0.3527,0.2894,0.3076,533079.9
1709668800000.0,0.3072,0.3115,0.3002,0.3045,551679.0
1709672400000.0,0.3054,0.3125,0.3054,0.3071,166500.8
1709676000000.0,0.3068,0.3083,0.2992,0.3076,225297.2
1709679600000.0,0.3067,0.318,0.3053,0.3151,223811.9
1709683200000.0,0.315,0.3296,0.315,0.3252,176407.2
1709686800000.0,0.3248,0.3313,0.3194,0.3301,163156.4
1709690400000.0,0.3297,0.3301,0.3141,0.3144,336504.7
1709694000000.0,0.3143,0.3211,0.3143,0.3208,43002.7
1709697600000.0,0.3209,0.3279,0.3206,0.3277,41444.6
1709701200000.0,0.3278,0.33,0.3271,0.3286,27329.4
1709704800000.0,0.3289,0.3335,0.3286,0.3335,33352.8
1709708400000.0,0.3335,0.3362,0.3321,0.3362,35162.9
1709712000000.0,0.3361,0.3391,0.3351,0.3359,63112.3
1709715600000.0,0.3363,0.3367,0.3309,0.331,25412.4
1709719200000.0,0.3313,0.3384,0.3313,0.3363,73225.0
1709722800000.0,0.336,0.3375,0.3351,0.3359,54747.5
1709726400000.0,0.3361,0.3363,0.3243,0.3292,124955.9
1709730000000.0,0.3293,0.3305,0.3251,0.3304,72066.3
1709733600000.0,0.3309,0.3323,0.3262,0.3293,50425.2
1709737200000.0,0.3297,0.3308,0.3244,0.3297,34371.2
1709740800000.0,0.3301,0.3324,0.3292,0.3323,37978.1
1709744400000.0,0.3321,0.3338,0.3309,0.3338,7778.5
1709748000000.0,0.3339,0.3343,0.3317,0.3339,20214.8
1709751600000.0,0.3339,0.3348,0.332,0.3328,90838.0
1709755200000.0,0.3332,0.3347,0.3327,0.3344,59955.5
1709758800000.0,0.3345,0.337,0.3345,0.337,15148.2
1709762400000.0,0.3371,0.3391,0.3358,0.3367,23379.4
1709766000000.0,0.3366,0.3379,0.3359,0.3367,35052.5
1709769600000.0,0.3363,0.3416,0.3359,0.3414,36753.8
1709773200000.0,0.3413,0.3413,0.3367,0.3413,43312.1
1709776800000.0,0.3409,0.342,0.3375,0.3375,59379.5
1709780400000.0,0.3371,0.3391,0.3345,0.3356,67826.1
1709784000000.0,0.3359,0.3393,0.3346,0.3367,94894.7
1709787600000.0,0.3371,0.3375,0.3295,0.3295,22044.1
1709791200000.0,0.3301,0.3328,0.3291,0.3313,56725.9
1709794800000.0,0.3309,0.3357,0.3309,0.3347,34981.7
1709798400000.0,0.3349,0.3375,0.3349,0.3371,23665.0
1709802000000.0,0.3369,0.3393,0.3367,0.3387,26654.1
1709805600000.0,0.3387,0.3395,0.3375,0.3391,9700.9
1709809200000.0,0.3395,0.3407,0.3377,0.3383,28301.3
1709812800000.0,0.3387,0.3409,0.3387,0.3395,80416.7
1709816400000.0,0.3399,0.3413,0.3383,0.3413,40159.0
1709820000000.0,0.3411,0.3427,0.3388,0.3416,21024.3
1709823600000.0,0.342,0.3442,0.3411,0.3438,26205.4
1709827200000.0,0.3443,0.3459,0.3429,0.3453,28684.1
1709830800000.0,0.3452,0.3469,0.3451,0.3457,24893.6
1709834400000.0,0.3461,0.3461,0.3442,0.3456,8719.1
1709838000000.0,0.3455,0.3456,0.3442,0.345,12683.6
1709841600000.0,0.3451,0.3472,0.3451,0.3453,21472.1
1709845200000.0,0.3452,0.3459,0.3439,0.3455,51670.9
1709848800000.0,0.3459,0.3463,0.3434,0.3436,44079.3
1709852400000.0,0.3439,0.3459,0.3439,0.3447,72460.2
1709856000000.0,0.3446,0.3467,0.3443,0.3467,33581.2
1709859600000.0,0.3467,0.3483,0.3445,0.3445,26695.2
1709863200000.0,0.3445,0.3454,0.3435,0.3436,18475.6
1709866800000.0,0.3433,0.347,0.3419,0.347,19635.9
1709870400000.0,0.3469,0.3476,0.3449,0.3454,11620.0
1709874000000.0,0.3459,0.3469,0.3443,0.3469,23422.5
1709877600000.0,0.3463,0.3463,0.3451,0.3463,8061.0
1709881200000.0,0.3463,0.3598,0.3458,0.3518,337888.7
1709884800000.0,0.3522,0.3522,0.3466,0.348,34735.1
1709888400000.0,0.3483,0.349,0.3469,0.3469,32083.7
1709892000000.0,0.3469,0.3478,0.3443,0.3446,24132.2
1709895600000.0,0.3443,0.3454,0.3431,0.3448,27530.8
1709899200000.0,0.345,0.3451,0.3432,0.345,10853.7
1709902800000.0,0.3448,0.3478,0.3448,0.3449,72863.5
1709906400000.0,0.3455,0.3462,0.3432,0.3452,52527.5
1709910000000.0,0.345,0.3452,0.3305,0.3363,405652.8
1709913600000.0,0.3368,0.3457,0.3289,0.3438,541525.2
1709917200000.0,0.3439,0.347,0.3431,0.3464,130798.2
1709920800000.0,0.3463,0.3482,0.3455,0.3466,51379.4
1709924400000.0,0.3463,0.3473,0.3434,0.3453,69386.8
1709928000000.0,0.3455,0.3468,0.3443,0.3452,51586.9
1709931600000.0,0.3453,0.3481,0.3453,0.3468,80644.8
1709935200000.0,0.3466,0.3495,0.3465,0.3487,51680.5
1709938800000.0,0.3488,0.3502,0.3488,0.3495,53390.5
1709942400000.0,0.3491,0.3551,0.3479,0.3527,162366.2
1709946000000.0,0.3529,0.3532,0.3493,0.3528,71286.0
1709949600000.0,0.3532,0.3554,0.3524,0.3541,15957.3
1709953200000.0,0.354,0.3561,0.3531,0.3561,34615.8
1709956800000.0,0.3555,0.356,0.3531,0.3538,24615.0
1709960400000.0,0.3535,0.3552,0.3524,0.3547,32575.3
1709964000000.0,0.3548,0.358,0.3545,0.3557,19832.3
1709967600000.0,0.3562,0.3577,0.3559,0.3565,310291.4
1709971200000.0,0.3562,0.3589,0.3562,0.3582,83751.8
1709974800000.0,0.3586,0.3598,0.3567,0.3586,182682.3
1709978400000.0,0.3587,0.359,0.354,0.3556,94300.0
1709982000000.0,0.3556,0.3578,0.3552,0.357,67467.0
1709985600000.0,0.357,0.3576,0.3558,0.3566,48616.1
1709989200000.0,0.357,0.3648,0.357,0.3639,28643.6
1709992800000.0,0.3642,0.3646,0.3594,0.3594,82454.2
1709996400000.0,0.3595,0.3598,0.3578,0.3591,36318.1
1710000000000.0,0.359,0.359,0.3559,0.3574,30954.8
1710003600000.0,0.3571,0.3662,0.3541,0.3605,315488.3
1710007200000.0,0.3602,0.3602,0.3578,0.3593,33819.3
1710010800000.0,0.3598,0.3614,0.3592,0.3596,33024.6
1710014400000.0,0.3598,0.3623,0.3594,0.3613,37357.3
1710018000000.0,0.3612,0.362,0.3597,0.362,140119.9
1710021600000.0,0.3615,0.3618,0.3602,0.3604,8276.4
1710025200000.0,0.3598,0.3622,0.3598,0.3622,36951.0
1710028800000.0,0.3622,0.363,0.3594,0.3608,61938.8
1710032400000.0,0.3608,0.3617,0.3557,0.3581,93574.2
1710036000000.0,0.3586,0.3586,0.3567,0.3574,70378.7
1710039600000.0,0.3575,0.3587,0.357,0.3585,16930.8
1710043200000.0,0.3586,0.3596,0.3574,0.3574,37419.9
1710046800000.0,0.3575,0.3595,0.3567,0.3593,14227.3
1710050400000.0,0.3594,0.3613,0.3592,0.3613,23742.3
1710054000000.0,0.3614,0.3647,0.3614,0.3619,81428.6
1710057600000.0,0.3622,0.3634,0.3618,0.3628,22409.2
1710061200000.0,0.3623,0.3629,0.3578,0.361,200092.3
1710064800000.0,0.3606,0.3644,0.3601,0.3641,80379.6
1710068400000.0,0.3646,0.3651,0.3597,0.3612,176843.6
1710072000000.0,0.3614,0.3651,0.3586,0.361,120429.6
1710075600000.0,0.3614,0.3637,0.3601,0.3613,73911.4
1710079200000.0,0.3614,0.392,0.356,0.3899,516441.8
1710082800000.0,0.3894,0.4297,0.3848,0.4217,2620329.8
1710086400000.0,0.4222,0.4379,0.3906,0.3945,1965059.3
1710090000000.0,0.3947,0.3976,0.3857,0.3878,632009.5
1710093600000.0,0.3883,0.3894,0.384,0.3844,446707.4
1710097200000.0,0.3847,0.3907,0.3826,0.3865,230123.4
1710100800000.0,0.3863,0.3873,0.3835,0.3858,160668.4
1710104400000.0,0.3859,0.3867,0.3825,0.3844,103149.1
1710108000000.0,0.3841,0.3848,0.3738,0.3766,234925.0
1710111600000.0,0.3768,0.3893,0.3767,0.3886,132701.0
1710115200000.0,0.3888,0.392,0.3705,0.3849,440566.2
1710118800000.0,0.3849,0.3898,0.3812,0.3853,313580.9
1710122400000.0,0.3857,0.3898,0.3808,0.3855,341931.4
1710126000000.0,0.3853,0.3879,0.3784,0.3815,612187.1
1710129600000.0,0.3817,0.3861,0.3806,0.3821,274030.4
1710133200000.0,0.3817,0.383,0.38,0.3812,183112.8
1710136800000.0,0.3816,0.3845,0.3785,0.3845,54512.2
1710140400000.0,0.3848,0.3882,0.3817,0.3861,119377.0
1710144000000.0,0.3865,0.391,0.3851,0.3904,113731.4
1710147600000.0,0.3905,0.3917,0.3826,0.3888,209982.2
1710151200000.0,0.3889,0.3926,0.384,0.3842,236847.6
1710154800000.0,0.3848,0.3865,0.3783,0.3804,117093.2
1710158400000.0,0.3801,0.3871,0.3797,0.3824,187323.8
1710162000000.0,0.3825,0.3846,0.3787,0.3805,178916.9
1710165600000.0,0.3809,0.3849,0.378,0.3814,208731.8
1710169200000.0,0.3816,0.3874,0.3807,0.3822,262960.1
1710172800000.0,0.3825,0.384,0.3788,0.3818,212786.3
1710176400000.0,0.3817,0.3824,0.3798,0.3808,40549.8
1710180000000.0,0.3809,0.3839,0.3805,0.3838,44282.5
1710183600000.0,0.3834,0.3844,0.3818,0.3824,130163.6
1710187200000.0,0.3828,0.3857,0.3821,0.383,107232.2
1710190800000.0,0.3831,0.3868,0.3825,0.3868,35161.1
1710194400000.0,0.3865,0.3865,0.3829,0.3838,30566.6
1710198000000.0,0.384,0.3871,0.384,0.3859,69143.3
1710201600000.0,0.3864,0.3864,0.3796,0.3805,60882.6
1710205200000.0,0.3804,0.3838,0.3784,0.3807,47901.9
1710208800000.0,0.381,0.3825,0.379,0.3791,94357.8
1710212400000.0,0.3793,0.3794,0.3743,0.3751,50633.8
1710216000000.0,0.376,0.3773,0.3738,0.3747,46815.6
1710219600000.0,0.3746,0.375,0.3738,0.3741,18668.8
1710223200000.0,0.3738,0.3742,0.3695,0.373,38090.5
1710226800000.0,0.3734,0.3738,0.3699,0.3708,42973.6
1710230400000.0,0.3709,0.3714,0.3674,0.3682,107876.3
1710234000000.0,0.3679,0.373,0.3679,0.3725,44260.5
1710237600000.0,0.3725,0.3759,0.3718,0.3749,61527.1
1710241200000.0,0.375,0.377,0.374,0.375,22662.0
1710244800000.0,0.375,0.3762,0.3695,0.3758,62012.5
1710248400000.0,0.375,0.3777,0.375,0.3768,20568.3
1710252000000.0,0.3772,0.38,0.3731,0.3755,115873.4
1710255600000.0,0.375,0.3825,0.373,0.3801,112186.1
1710259200000.0,0.3801,0.3814,0.374,0.3758,233463.1
1710262800000.0,0.376,0.3772,0.3664,0.3764,93577.6
1710266400000.0,0.3768,0.3805,0.3755,0.3797,89597.1
1710270000000.0,0.3801,0.3829,0.3797,0.3824,31175.5
1710273600000.0,0.3817,0.3844,0.3794,0.3821,85623.2
1710277200000.0,0.3821,0.3849,0.3821,0.3839,39297.4
1710280800000.0,0.3835,0.3853,0.383,0.3839,42096.8
1710284400000.0,0.3838,0.3884,0.3834,0.3879,32341.6
1710288000000.0,0.3882,0.3891,0.3851,0.3884,35795.8
1710291600000.0,0.3881,0.3925,0.3878,0.3925,24861.5
1710295200000.0,0.3927,0.3943,0.3891,0.3912,37164.6
1710298800000.0,0.391,0.3934,0.3893,0.3898,53638.0
1710302400000.0,0.39,0.3935,0.3891,0.3902,73563.0
1710306000000.0,0.3901,0.3912,0.3881,0.3887,20487.6
1710309600000.0,0.3886,0.3906,0.3881,0.3904,30638.5
1710313200000.0,0.3907,0.3937,0.3891,0.3895,61022.8
1710316800000.0,0.39,0.3906,0.3862,0.3873,97784.1
1710320400000.0,0.3871,0.3871,0.384,0.3845,47636.6
1710324000000.0,0.3844,0.3844,0.3804,0.3821,26525.1
1710327600000.0,0.3825,0.383,0.3819,0.3828,9149.8
1710331200000.0,0.383,0.384,0.3801,0.3812,34090.0
1710334800000.0,0.3809,0.3817,0.3676,0.371,313359.6
1710338400000.0,0.3714,0.3735,0.3695,0.3722,31149.9
1710342000000.0,0.3726,0.3743,0.3715,0.3723,15748.9
1710345600000.0,0.3726,0.3742,0.3718,0.3738,26576.3
1710349200000.0,0.3737,0.3753,0.373,0.3748,19041.7
1710352800000.0,0.3744,0.3753,0.3727,0.3751,54140.2
1710356400000.0,0.3749,0.3758,0.3724,0.3724,29262.1
1710360000000.0,0.3722,0.3724,0.37,0.3711,19839.7
1710363600000.0,0.3708,0.3722,0.3703,0.3718,27134.4
1710367200000.0,0.3722,0.373,0.3715,0.3724,19819.1
1710370800000.0,0.3726,0.3737,0.3722,0.3722,3676.4
1710374400000.0,0.3718,0.3729,0.3706,0.3706,5367.1
1710378000000.0,0.3704,0.3726,0.3698,0.3726,12675.2
1710381600000.0,0.3722,0.3722,0.3702,0.371,40134.5
1710385200000.0,0.3714,0.373,0.369,0.3702,20652.8
1710388800000.0,0.37,0.3702,0.3685,0.3689,54146.6
1710392400000.0,0.3686,0.3729,0.3686,0.3717,27303.9
1710396000000.0,0.3716,0.372,0.3706,0.3715,7490.3
1710399600000.0,0.3715,0.3715,0.3694,0.3707,17766.5
1710403200000.0,0.3709,0.3801,0.3702,0.3756,46263.8
1710406800000.0,0.3755,0.378,0.3751,0.3768,44478.6
1710410400000.0,0.3772,0.3805,0.3764,0.3781,35077.8
1710414000000.0,0.3783,0.3786,0.3736,0.3781,27882.9
1710417600000.0,0.3781,0.3797,0.3757,0.3768,10896.8
1710421200000.0,0.377,0.3781,0.3666,0.3688,19452.6
1710424800000.0,0.3694,0.3738,0.369,0.37,20675.0
1710428400000.0,0.3699,0.3729,0.3666,0.3679,31472.2
1710432000000.0,0.3686,0.373,0.3674,0.373,7449.4
1710435600000.0,0.3734,0.3764,0.3722,0.3755,7963.7
1710439200000.0,0.375,0.375,0.3686,0.3717,20919.0
1710442800000.0,0.371,0.3732,0.3616,0.3678,250774.1
1710446400000.0,0.3682,0.3781,0.3682,0.3764,73286.8
1710450000000.0,0.376,0.3794,0.3743,0.3794,76736.8
1710453600000.0,0.379,0.3821,0.379,0.3813,22540.7
1710457200000.0,0.3809,0.3819,0.3797,0.3797,9885.4
1710460800000.0,0.3801,0.3821,0.3793,0.3809,28800.0
1710464400000.0,0.3811,0.3851,0.3797,0.3809,88092.6
1710468000000.0,0.3809,0.3852,0.3634,0.3662,192924.9
1710471600000.0,0.3658,0.3698,0.3601,0.3622,165714.3
1710475200000.0,0.3626,0.3638,0.3595,0.3595,81520.8
1710478800000.0,0.3602,0.3618,0.3598,0.3602,40071.8
1710482400000.0,0.3606,0.3657,0.3606,0.3656,9992.8
1710486000000.0,0.3658,0.3735,0.3654,0.3669,40552.7
1710489600000.0,0.3673,0.3683,0.3596,0.36,66765.2
1710493200000.0,0.3598,0.361,0.3348,0.3582,655106.7
1710496800000.0,0.3578,0.3612,0.3544,0.3544,172774.0
1710500400000.0,0.3548,0.359,0.3467,0.3578,77885.8
1710504000000.0,0.3574,0.3591,0.3556,0.3572,109713.5
1710507600000.0,0.3566,0.3639,0.3529,0.363,129233.1
1710511200000.0,0.3633,0.3636,0.3583,0.3626,51036.3
1710514800000.0,0.3622,0.3642,0.3606,0.3613,18620.7
1710518400000.0,0.3614,0.3646,0.3577,0.3614,104712.5
1710522000000.0,0.3616,0.3634,0.3583,0.3629,27119.6
1710525600000.0,0.3634,0.3694,0.3622,0.3694,79764.2
1710529200000.0,0.3697,0.3719,0.3631,0.3638,127532.6
1710532800000.0,0.3642,0.3643,0.3559,0.3562,100605.5
1710536400000.0,0.3566,0.3624,0.3566,0.3624,55534.8
1710540000000.0,0.3622,0.3668,0.3622,0.3662,31036.8
1710543600000.0,0.3663,0.367,0.365,0.3666,19099.1
1710547200000.0,0.3662,0.3686,0.3662,0.367,11755.1
1710550800000.0,0.3672,0.3711,0.3672,0.3702,34354.2
1710554400000.0,0.3698,0.3706,0.3678,0.3695,13095.7
1710558000000.0,0.3698,0.3757,0.3691,0.3728,156711.3
1710561600000.0,0.3724,0.3724,0.367,0.3685,110744.0
1710565200000.0,0.3681,0.3694,0.3661,0.3694,6111.9
1710568800000.0,0.3693,0.3707,0.3678,0.3707,15593.9
1710572400000.0,0.3705,0.3707,0.3687,0.3695,7490.8
1710576000000.0,0.3694,0.3702,0.3632,0.3638,67909.0
1710579600000.0,0.3642,0.3658,0.3619,0.3619,38327.4
1710583200000.0,0.3619,0.3621,0.3538,0.3541,49391.5
1710586800000.0,0.3544,0.3555,0.3493,0.3527,16960.9
1710590400000.0,0.3524,0.3524,0.3454,0.3458,35676.1
1710594000000.0,0.3463,0.3486,0.3394,0.3394,71508.5
1710597600000.0,0.3399,0.3414,0.3369,0.3406,65560.3
1710601200000.0,0.3402,0.342,0.337,0.342,40756.6
1710604800000.0,0.3418,0.3419,0.3377,0.3381,28014.5
1710608400000.0,0.3376,0.3383,0.33,0.3317,33688.0
1710612000000.0,0.3321,0.3323,0.3278,0.3284,121181.3
1710615600000.0,0.3289,0.3326,0.3281,0.3281,45968.0
1710619200000.0,0.328,0.3307,0.3276,0.3297,61660.4
1710622800000.0,0.3299,0.3301,0.3274,0.3278,16122.1
1710626400000.0,0.3278,0.3306,0.3274,0.3294,21264.9
1710630000000.0,0.3289,0.3308,0.3273,0.3303,41425.7
1710633600000.0,0.3309,0.3366,0.328,0.3283,163521.3
1710637200000.0,0.3286,0.3335,0.3286,0.3335,6060.3
1710640800000.0,0.3338,0.3365,0.3337,0.3354,10990.4
1710644400000.0,0.3352,0.3376,0.3352,0.3372,1487.3
1710648000000.0,0.3371,0.3371,0.3349,0.3355,2114.0
1710651600000.0,0.3359,0.3359,0.3315,0.3321,1906.9
1710655200000.0,0.3324,0.3335,0.3276,0.3276,30099.9
1710658800000.0,0.328,0.3286,0.32,0.327,154700.3
1710662400000.0,0.3274,0.3338,0.3266,0.3332,55200.5
1710666000000.0,0.3328,0.3346,0.3321,0.3342,14955.0
1710669600000.0,0.3345,0.3386,0.3342,0.3382,32062.7
1710673200000.0,0.3383,0.3399,0.3365,0.3375,9948.3
1710676800000.0,0.3379,0.3391,0.3319,0.3333,8424.2
1710680400000.0,0.3335,0.3372,0.3335,0.3364,7090.3
1710684000000.0,0.3368,0.3435,0.3359,0.3425,33246.8
1710687600000.0,0.3423,0.3431,0.3392,0.342,29262.7
1710691200000.0,0.3416,0.3435,0.3394,0.34,44643.8
1710694800000.0,0.3396,0.3431,0.3391,0.3431,14434.7
1710698400000.0,0.3427,0.3439,0.342,0.3423,11609.3
1710702000000.0,0.3427,0.3446,0.3422,0.3446,12092.1
1710705600000.0,0.3447,0.3466,0.3439,0.3441,32342.5
1710709200000.0,0.3441,0.3447,0.3431,0.3443,15920.5
1710712800000.0,0.3446,0.3478,0.3444,0.3451,34390.3
1710716400000.0,0.3447,0.3447,0.3404,0.3431,26632.9
1710720000000.0,0.3427,0.3427,0.3367,0.3367,17548.2
1710723600000.0,0.3363,0.3388,0.3342,0.3388,105960.2
1710727200000.0,0.3384,0.3438,0.3384,0.3424,18630.9
1710730800000.0,0.3429,0.3435,0.3419,0.3431,5028.5
1710734400000.0,0.3427,0.344,0.3406,0.344,3682.7
1710738000000.0,0.3443,0.3468,0.3435,0.346,23006.3
1710741600000.0,0.3465,0.3465,0.3444,0.3444,16632.8
1710745200000.0,0.3443,0.3443,0.3423,0.3435,1733.9
1710748800000.0,0.3431,0.3431,0.3371,0.3403,55540.2
1710752400000.0,0.3402,0.3402,0.3362,0.3367,12783.8
1710756000000.0,0.337,0.338,0.3348,0.3379,13959.1
1710759600000.0,0.3378,0.3413,0.3378,0.3399,27069.0
1710763200000.0,0.3395,0.34,0.3371,0.34,13954.8
1710766800000.0,0.3399,0.34,0.3314,0.3359,64975.6
1710770400000.0,0.3363,0.3381,0.3301,0.3307,131261.5
1710774000000.0,0.3313,0.3333,0.3283,0.3333,10484.0
1710777600000.0,0.3328,0.3343,0.3293,0.3293,47603.8
1710781200000.0,0.3297,0.3302,0.3255,0.33,34769.7
1710784800000.0,0.3297,0.331,0.3273,0.3273,22548.6
1710788400000.0,0.3269,0.3297,0.3243,0.3283,8274.6
1710792000000.0,0.3283,0.3326,0.3283,0.3318,15886.0
1710795600000.0,0.3321,0.3346,0.3321,0.3327,131272.1
1710799200000.0,0.3321,0.3324,0.3301,0.3321,20951.1
1710802800000.0,0.3324,0.335,0.332,0.3327,19107.0
1710806400000.0,0.3324,0.3355,0.3268,0.3284,66386.7
1710810000000.0,0.328,0.3283,0.3154,0.3191,101708.9
1710813600000.0,0.3191,0.3232,0.3174,0.3177,36469.5
1710817200000.0,0.3172,0.3172,0.309,0.3168,50673.1
1710820800000.0,0.3167,0.3191,0.3128,0.3128,24248.2
1710824400000.0,0.3131,0.316,0.3078,0.311,30229.0
1710828000000.0,0.3114,0.3121,0.3026,0.3063,28141.6
1710831600000.0,0.3066,0.3079,0.2955,0.3079,168616.3
1710835200000.0,0.308,0.3083,0.2973,0.2985,56346.1
1710838800000.0,0.2985,0.3063,0.294,0.3059,191673.5
1710842400000.0,0.3056,0.3056,0.2962,0.2989,114245.2
1710846000000.0,0.2993,0.3056,0.2952,0.3056,37998.8
1710849600000.0,0.3053,0.3104,0.3049,0.3086,131843.5
1710853200000.0,0.3089,0.3108,0.3059,0.3108,73309.7
1710856800000.0,0.311,0.3114,0.3045,0.3102,46441.9
1710860400000.0,0.3098,0.3171,0.3074,0.3165,45673.9
1710864000000.0,0.3172,0.3228,0.3169,0.3228,42307.1
1710867600000.0,0.3222,0.3222,0.3204,0.3215,31344.7
1710871200000.0,0.3211,0.3224,0.3194,0.3214,13382.6
1710874800000.0,0.3213,0.3232,0.3204,0.3208,5594.6
1710878400000.0,0.3204,0.3204,0.3145,0.3152,7558.4
1710882000000.0,0.3152,0.3152,0.3063,0.3111,81858.7
1710885600000.0,0.3113,0.3114,0.3006,0.3025,22756.0
1710889200000.0,0.3028,0.3098,0.2981,0.3076,210061.6
1710892800000.0,0.3064,0.3138,0.3063,0.3138,45691.9
1710896400000.0,0.3135,0.3135,0.3053,0.3076,47945.6
1710900000000.0,0.3073,0.3115,0.3059,0.3102,16093.7
1710903600000.0,0.3105,0.3125,0.3041,0.3041,15269.5
1710907200000.0,0.3045,0.3066,0.2999,0.3034,13926.1
1710910800000.0,0.3031,0.3043,0.2965,0.3034,63391.3
1710914400000.0,0.3031,0.3131,0.3028,0.3113,53677.7
1710918000000.0,0.311,0.3151,0.3089,0.3145,75923.1
1710921600000.0,0.3141,0.3188,0.3128,0.3141,24505.3
1710925200000.0,0.3139,0.3164,0.3135,0.3148,36235.2
1710928800000.0,0.3145,0.3151,0.312,0.3141,15648.5
1710932400000.0,0.3138,0.3152,0.3118,0.314,104896.4
1710936000000.0,0.3135,0.3171,0.3125,0.3148,43644.6
1710939600000.0,0.3145,0.3154,0.3131,0.3135,25406.5
1710943200000.0,0.3131,0.3154,0.3118,0.3154,31058.8
1710946800000.0,0.3157,0.316,0.3095,0.3106,38961.3
1710950400000.0,0.3103,0.3118,0.3005,0.3083,135356.2
1710954000000.0,0.3079,0.3151,0.3076,0.3128,60462.5
1710957600000.0,0.3135,0.3217,0.3135,0.3217,50607.2
1710961200000.0,0.3218,0.3236,0.3202,0.3222,23615.1
1710964800000.0,0.3222,0.3308,0.3222,0.329,166238.1
1710968400000.0,0.3294,0.3305,0.3284,0.3293,40568.8
1710972000000.0,0.3297,0.3318,0.3293,0.3309,12984.7
1710975600000.0,0.3305,0.3322,0.33,0.3312,20239.8
1710979200000.0,0.3309,0.3354,0.3308,0.3354,89157.9
1710982800000.0,0.3349,0.3356,0.3335,0.3349,57140.5
1710986400000.0,0.3352,0.3376,0.3349,0.3372,19625.3
1710990000000.0,0.3367,0.3396,0.3345,0.3359,88468.5
1710993600000.0,0.3363,0.338,0.3339,0.3342,71078.9
1710997200000.0,0.3339,0.3345,0.3284,0.3339,54392.4
1711000800000.0,0.3335,0.3342,0.3318,0.3318,19429.6
1711004400000.0,0.3317,0.3335,0.3313,0.3319,11615.3
1711008000000.0,0.3324,0.3345,0.3324,0.3334,17155.0
1711011600000.0,0.3332,0.3342,0.3309,0.3328,13783.5
1711015200000.0,0.3332,0.3355,0.3332,0.3348,20350.1
1711018800000.0,0.3352,0.3358,0.3335,0.3346,36710.2
1711022400000.0,0.3349,0.3367,0.3339,0.3355,19828.3
1711026000000.0,0.3355,0.3375,0.3354,0.3355,42030.2
1711029600000.0,0.3359,0.3366,0.3352,0.336,19233.7
1711033200000.0,0.3361,0.3363,0.3307,0.3324,73139.4
1711036800000.0,0.3324,0.3373,0.3321,0.3363,157956.0
1711040400000.0,0.3359,0.337,0.3317,0.3323,91109.9
1711044000000.0,0.3324,0.3328,0.3273,0.3293,69837.8
1711047600000.0,0.3289,0.3326,0.3286,0.3326,47399.2
1711051200000.0,0.3321,0.3355,0.329,0.3338,27400.7
1711054800000.0,0.3339,0.334,0.3324,0.3339,30554.2
1711058400000.0,0.3341,0.335,0.3324,0.3324,79881.1
1711062000000.0,0.3321,0.3349,0.332,0.3347,10198.9
1711065600000.0,0.3346,0.3363,0.3324,0.3335,12484.0
1711069200000.0,0.3332,0.3339,0.3309,0.3309,39271.2
1711072800000.0,0.3313,0.3314,0.3293,0.3314,47627.2
1711076400000.0,0.3317,0.3372,0.3317,0.3363,89908.3
1711080000000.0,0.3359,0.3361,0.3338,0.3361,16564.9
1711083600000.0,0.3355,0.3375,0.3339,0.3375,33759.4
1711087200000.0,0.3375,0.3383,0.3371,0.3371,1107.1
1711090800000.0,0.3375,0.3416,0.3371,0.3395,61268.3
1711094400000.0,0.3394,0.3394,0.3335,0.3335,57342.7
1711098000000.0,0.3337,0.3357,0.3336,0.3336,19236.2
1711101600000.0,0.3342,0.3355,0.3295,0.3295,83935.7
1711105200000.0,0.3301,0.3324,0.328,0.3293,47208.1
1711108800000.0,0.329,0.3313,0.328,0.3289,16083.2
1711112400000.0,0.3293,0.3297,0.3224,0.3237,21240.7
1711116000000.0,0.324,0.3248,0.3192,0.3204,71851.8
1711119600000.0,0.3201,0.3309,0.3201,0.3293,65057.0
1711123200000.0,0.3289,0.3303,0.3249,0.3289,93634.8
1711126800000.0,0.3286,0.3305,0.3273,0.3301,55899.8
1711130400000.0,0.3301,0.3313,0.3283,0.3301,56306.0
1711134000000.0,0.3297,0.3305,0.3279,0.3301,19624.5
1711137600000.0,0.3297,0.3301,0.3273,0.3276,17980.0
1711141200000.0,0.3273,0.3273,0.3234,0.3269,10579.2
1711144800000.0,0.3266,0.3276,0.3244,0.3273,21123.4
1711148400000.0,0.3276,0.3314,0.3276,0.3314,15428.4
1711152000000.0,0.3307,0.3309,0.3291,0.3291,13602.3
1711155600000.0,0.3297,0.3322,0.3297,0.3322,30761.2
1711159200000.0,0.3317,0.3332,0.3293,0.3305,10112.0
1711162800000.0,0.3297,0.3301,0.3259,0.3283,6233.6
1711166400000.0,0.328,0.3302,0.328,0.3297,8874.9
1711170000000.0,0.3295,0.3299,0.3286,0.3298,677.7
1711173600000.0,0.3301,0.3313,0.3289,0.3304,9007.1
1711177200000.0,0.3309,0.335,0.3309,0.333,41027.2
1711180800000.0,0.3335,0.3348,0.3324,0.3339,30546.7
1711184400000.0,0.3342,0.3358,0.3332,0.3343,91703.7
1711188000000.0,0.3346,0.3387,0.3339,0.3342,31756.3
1711191600000.0,0.3346,0.3388,0.3346,0.3355,40025.2
1711195200000.0,0.3359,0.3393,0.3359,0.3388,3918.1
1711198800000.0,0.3391,0.3402,0.3375,0.3394,59183.1
1711202400000.0,0.3391,0.357,0.3387,0.3471,351927.7
1711206000000.0,0.3467,0.3577,0.3455,0.3532,257120.3
1711209600000.0,0.3516,0.3586,0.35,0.3534,122909.8
1711213200000.0,0.3532,0.3567,0.352,0.3551,63706.1
1711216800000.0,0.3548,0.3586,0.3539,0.3566,165621.4
1711220400000.0,0.3562,0.3653,0.3549,0.3642,347935.4
1711224000000.0,0.3645,0.3682,0.356,0.3586,404939.1
1711227600000.0,0.3586,0.3586,0.3544,0.3561,28362.3
1711231200000.0,0.3559,0.3574,0.3548,0.355,51060.2
1711234800000.0,0.3551,0.3567,0.3532,0.3532,15167.7
1711238400000.0,0.3536,0.3597,0.3534,0.3586,11880.5
1711242000000.0,0.3582,0.3594,0.3578,0.359,32428.6
1711245600000.0,0.3586,0.3592,0.3566,0.3567,8079.0
1711249200000.0,0.3563,0.3563,0.3516,0.3532,11073.7
1711252800000.0,0.3531,0.358,0.3531,0.3564,40539.7
1711256400000.0,0.3562,0.3591,0.3539,0.3582,26412.8
1711260000000.0,0.3578,0.3591,0.3531,0.354,27880.1
1711263600000.0,0.354,0.3545,0.3505,0.3544,159894.4
1711267200000.0,0.354,0.359,0.3528,0.3529,48599.7
1711270800000.0,0.3531,0.3546,0.3529,0.3532,10123.5
1711274400000.0,0.3536,0.3557,0.3533,0.3539,40754.7
1711278000000.0,0.3536,0.3554,0.3533,0.3554,14741.7
1711281600000.0,0.3555,0.3644,0.3544,0.3619,56250.0
1711285200000.0,0.3626,0.3634,0.3564,0.357,40813.6
1711288800000.0,0.3574,0.3627,0.3566,0.361,60399.3
1711292400000.0,0.3618,0.3652,0.3595,0.3598,75564.9
1711296000000.0,0.3597,0.3626,0.3586,0.3622,152067.4
1711299600000.0,0.3618,0.3681,0.3602,0.3654,183736.4
1711303200000.0,0.3651,0.3651,0.3615,0.3634,27020.9
1711306800000.0,0.3635,0.3659,0.3635,0.3659,21515.8
1711310400000.0,0.3661,0.3695,0.3661,0.3689,41755.0
1711314000000.0,0.3686,0.3695,0.3673,0.3678,53705.2
1711317600000.0,0.3679,0.3691,0.3679,0.3688,21211.9
1711321200000.0,0.369,0.371,0.368,0.3688,20143.0
1711324800000.0,0.369,0.3711,0.3672,0.3694,22401.3
1711328400000.0,0.3698,0.3763,0.3698,0.3759,94344.7
1711332000000.0,0.3759,0.3772,0.373,0.3772,41374.5
1711335600000.0,0.3773,0.3841,0.377,0.3835,161228.8
1711339200000.0,0.3839,0.3896,0.3807,0.3892,84414.9
1711342800000.0,0.389,0.3996,0.3879,0.3988,79559.4
1711346400000.0,0.3996,0.4077,0.3987,0.4044,523909.9
1711350000000.0,0.4051,0.4075,0.3931,0.397,280346.9
1711353600000.0,0.3971,0.4065,0.3971,0.4044,158936.1
1711357200000.0,0.4045,0.4112,0.4008,0.4068,192719.9
1711360800000.0,0.4076,0.4078,0.3971,0.3981,221275.7
1711364400000.0,0.3983,0.4041,0.3965,0.4036,241157.2
1711368000000.0,0.404,0.4115,0.4014,0.411,375794.5
1711371600000.0,0.4112,0.4346,0.4089,0.4229,1829651.5
1711375200000.0,0.4226,0.4246,0.4096,0.4159,542191.9
1711378800000.0,0.4159,0.4239,0.4104,0.4112,368771.2
1711382400000.0,0.4117,0.4187,0.409,0.4146,154243.0
1711386000000.0,0.415,0.4167,0.4097,0.4144,209367.0
1711389600000.0,0.414,0.4153,0.4125,0.4129,90398.6
1711393200000.0,0.4127,0.4138,0.4073,0.4087,140533.9
1711396800000.0,0.4085,0.411,0.4081,0.4096,64784.4
1711400400000.0,0.4095,0.415,0.4055,0.4055,169306.1
1711404000000.0,0.4061,0.4099,0.406,0.4072,60580.1
1711407600000.0,0.4073,0.4076,0.4052,0.4062,23187.1
1711411200000.0,0.4057,0.4112,0.4048,0.4085,131181.2
1711414800000.0,0.409,0.4131,0.409,0.4095,27749.3
1711418400000.0,0.409,0.4151,0.4088,0.4125,92919.4
1711422000000.0,0.4123,0.4181,0.4097,0.4106,110452.3
1711425600000.0,0.4107,0.416,0.4107,0.4157,88296.6
1711429200000.0,0.4157,0.4191,0.4152,0.4191,24344.0
1711432800000.0,0.4192,0.4208,0.414,0.4186,50112.4
1711436400000.0,0.4186,0.4205,0.4162,0.4205,30484.6
1711440000000.0,0.4208,0.4433,0.42,0.4393,217800.1
1711443600000.0,0.4398,0.4447,0.4304,0.4341,282347.5
1711447200000.0,0.4342,0.4486,0.4308,0.4458,189839.1
1711450800000.0,0.4463,0.4471,0.4364,0.4369,302637.0
1711454400000.0,0.437,0.4461,0.436,0.4448,242148.0
1711458000000.0,0.4453,0.4557,0.4329,0.4346,586369.0
1711461600000.0,0.4351,0.4481,0.4345,0.4431,473022.3
1711465200000.0,0.4438,0.4592,0.44,0.4532,670348.2
1711468800000.0,0.4531,0.4589,0.4464,0.4504,2046657.1
1711472400000.0,0.4506,0.4636,0.4453,0.4461,873419.1
1711476000000.0,0.4461,0.4655,0.4455,0.4605,472955.1
1711479600000.0,0.4602,0.4604,0.4467,0.4525,383676.9
1711483200000.0,0.4515,0.4567,0.4455,0.4507,212229.9
1711486800000.0,0.4511,0.4655,0.4511,0.4541,290318.9
1711490400000.0,0.4545,0.4548,0.4506,0.4528,68663.3
1711494000000.0,0.4524,0.4526,0.4491,0.4504,52323.6
1711497600000.0,0.4505,0.4646,0.4477,0.4571,531724.9
1711501200000.0,0.4572,0.4572,0.4511,0.4517,149019.1
1711504800000.0,0.4514,0.4514,0.4455,0.4471,115825.3
1711508400000.0,0.4469,0.4469,0.44,0.4443,123654.6
1711512000000.0,0.4441,0.4463,0.4403,0.4413,190013.4
1711515600000.0,0.4408,0.4476,0.4408,0.4418,92305.6
1711519200000.0,0.4423,0.4438,0.4414,0.4427,19119.0
1711522800000.0,0.4432,0.4463,0.4391,0.4427,78519.2
1711526400000.0,0.4426,0.4428,0.4351,0.4406,98722.1
1711530000000.0,0.4413,0.4429,0.4356,0.4391,143945.7
1711533600000.0,0.4398,0.4424,0.4318,0.4338,117307.1
1711537200000.0,0.4339,0.4365,0.4331,0.4351,27963.3
1711540800000.0,0.4355,0.4397,0.4351,0.4388,30279.8
1711544400000.0,0.4393,0.4434,0.4261,0.4268,111551.2
1711548000000.0,0.4275,0.4397,0.4236,0.4365,264773.4
1711551600000.0,0.4368,0.4388,0.4289,0.4291,120322.1
1711555200000.0,0.4291,0.4473,0.4291,0.4341,362323.8
1711558800000.0,0.4342,0.4455,0.4332,0.4401,310506.8
1711562400000.0,0.4408,0.4494,0.4386,0.4443,369944.6
1711566000000.0,0.4443,0.4506,0.4425,0.4431,152530.1
1711569600000.0,0.4428,0.4438,0.4364,0.4373,100635.9
1711573200000.0,0.4373,0.4423,0.4368,0.4393,13146.7
1711576800000.0,0.4398,0.4476,0.4398,0.4411,85619.0
1711580400000.0,0.4412,0.443,0.4387,0.4403,28874.5
1711584000000.0,0.4409,0.4474,0.4398,0.4445,54875.8
1711587600000.0,0.4448,0.4448,0.4383,0.4434,45941.4
1711591200000.0,0.443,0.4474,0.4415,0.4415,98851.1
1711594800000.0,0.442,0.4444,0.4382,0.4438,112656.6
1711598400000.0,0.444,0.4471,0.4417,0.4443,55948.7
1711602000000.0,0.4448,0.4454,0.4392,0.4401,20023.7
1711605600000.0,0.4403,0.4416,0.4351,0.4354,51172.9
1711609200000.0,0.4356,0.4365,0.4283,0.4311,66347.4
1711612800000.0,0.4306,0.4369,0.4274,0.4347,115884.6
1711616400000.0,0.4346,0.4361,0.4322,0.4326,51829.1
1711620000000.0,0.4321,0.4321,0.4185,0.4191,112520.5
1711623600000.0,0.42,0.4212,0.414,0.4151,107555.6
1711627200000.0,0.4155,0.4158,0.4079,0.4095,48299.3
1711630800000.0,0.4099,0.4105,0.4062,0.4082,53327.6
1711634400000.0,0.4085,0.411,0.4069,0.411,68456.1
1711638000000.0,0.411,0.415,0.4099,0.4147,100404.7
1711641600000.0,0.4144,0.4148,0.4116,0.4143,101393.3
1711645200000.0,0.4148,0.4177,0.4139,0.4149,40603.9
1711648800000.0,0.4153,0.4154,0.4128,0.4143,20029.8
1711652400000.0,0.4148,0.4148,0.4136,0.4145,12215.2
1711656000000.0,0.4143,0.4162,0.4143,0.4151,17723.6
1711659600000.0,0.4158,0.4158,0.4112,0.4125,98004.9
1711663200000.0,0.4121,0.4138,0.4107,0.4137,63516.2
1711666800000.0,0.4142,0.4143,0.4119,0.412,77831.3
1711670400000.0,0.4119,0.412,0.4087,0.4109,87700.5
1711674000000.0,0.4111,0.4129,0.4079,0.4079,33072.0
1711677600000.0,0.4085,0.4087,0.4011,0.4043,228064.1
1711681200000.0,0.4044,0.4054,0.4003,0.404,121707.7
1711684800000.0,0.4036,0.4052,0.3989,0.3999,97655.7
1711688400000.0,0.3999,0.4022,0.3999,0.4009,31728.9
1711692000000.0,0.4014,0.4018,0.3987,0.4006,56121.1
1711695600000.0,0.4003,0.4004,0.3976,0.3984,55882.1
1711699200000.0,0.3986,0.4005,0.3983,0.3996,23608.4
1711702800000.0,0.4,0.4015,0.398,0.3983,72050.1
1711706400000.0,0.3986,0.4001,0.3981,0.4001,16280.6
1711710000000.0,0.4004,0.401,0.3996,0.3997,15092.5
1711713600000.0,0.4,0.4014,0.3994,0.3998,6541.9
1711717200000.0,0.3998,0.4018,0.3988,0.401,34412.3
1711720800000.0,0.4009,0.4009,0.3985,0.3986,8265.5
1711724400000.0,0.3982,0.3991,0.3954,0.3981,85480.9
1711728000000.0,0.3981,0.3996,0.3968,0.3968,58044.6
1711731600000.0,0.3972,0.3986,0.3957,0.3968,22778.6
1711735200000.0,0.3964,0.3969,0.395,0.3968,30595.4
1711738800000.0,0.3964,0.3979,0.3954,0.3968,41404.6
1711742400000.0,0.3972,0.3984,0.3952,0.3955,45328.2
1711746000000.0,0.3959,0.396,0.3927,0.3943,35639.7
1711749600000.0,0.3947,0.3976,0.3946,0.3974,6929.1
1711753200000.0,0.3972,0.398,0.3966,0.3966,17925.3
1711756800000.0,0.3969,0.3971,0.3932,0.3957,27573.0
1711760400000.0,0.3951,0.4001,0.3941,0.3991,171754.0
1711764000000.0,0.3986,0.4032,0.3976,0.4026,255313.0
1711767600000.0,0.4024,0.4059,0.4006,0.4014,222104.4
1711771200000.0,0.4013,0.4059,0.3995,0.4042,170809.2
1711774800000.0,0.4048,0.4076,0.4034,0.4068,49843.6
1711778400000.0,0.4069,0.4069,0.4037,0.4037,59735.7
1711782000000.0,0.4039,0.4089,0.4039,0.4072,274491.7
1711785600000.0,0.4076,0.4083,0.4043,0.4056,79770.0
1711789200000.0,0.4052,0.4053,0.4033,0.404,33760.0
1711792800000.0,0.404,0.404,0.4012,0.4036,7838.3
1711796400000.0,0.4035,0.4038,0.4017,0.4032,5079.0
1711800000000.0,0.4026,0.4028,0.4008,0.4022,4482.9
1711803600000.0,0.4024,0.4031,0.3999,0.4016,138999.2
1711807200000.0,0.4018,0.4062,0.4015,0.4032,110580.8
1711810800000.0,0.4031,0.4074,0.4026,0.4036,148891.3
1711814400000.0,0.4034,0.4065,0.4017,0.4041,162724.4
1711818000000.0,0.4038,0.4058,0.4034,0.4048,67485.4
1711821600000.0,0.4044,0.4056,0.4036,0.4045,27142.1
1711825200000.0,0.4044,0.4059,0.4024,0.4057,14683.4
1711828800000.0,0.4053,0.4061,0.4039,0.4043,45454.2
1711832400000.0,0.4043,0.4056,0.4028,0.4038,95701.0
1711836000000.0,0.4036,0.4036,0.3997,0.3999,170567.6
1711839600000.0,0.3999,0.4009,0.3961,0.4001,16623.6
1711843200000.0,0.3999,0.4046,0.3973,0.4036,147248.9
1711846800000.0,0.4036,0.4099,0.4036,0.4081,256447.5
1711850400000.0,0.4082,0.4082,0.4037,0.404,74061.6
1711854000000.0,0.4041,0.4056,0.4022,0.4027,29396.6
1711857600000.0,0.4024,0.4036,0.4009,0.4023,34975.8
1711861200000.0,0.4026,0.4085,0.4026,0.4084,176891.1
1711864800000.0,0.4082,0.4094,0.4048,0.4054,51770.9
1711868400000.0,0.4055,0.4081,0.405,0.4056,23550.6
1711872000000.0,0.4052,0.4061,0.4047,0.4047,21981.8
1711875600000.0,0.4052,0.408,0.4052,0.4053,97154.9
1711879200000.0,0.4057,0.4082,0.4056,0.408,19596.9
1711882800000.0,0.4083,0.4198,0.4079,0.4174,227409.6
1711886400000.0,0.4168,0.4209,0.4019,0.4031,157471.5
1711890000000.0,0.4032,0.409,0.4031,0.4071,265872.9
1711893600000.0,0.4072,0.4102,0.4071,0.4076,48997.2
1711897200000.0,0.4071,0.4112,0.407,0.4093,73083.0
1711900800000.0,0.409,0.4141,0.4081,0.4099,224826.9
1711904400000.0,0.4103,0.4107,0.4092,0.4098,9424.3
1711908000000.0,0.4095,0.4107,0.4086,0.409,27920.3
1711911600000.0,0.4085,0.4095,0.4077,0.4089,31402.6
1711915200000.0,0.4085,0.409,0.4063,0.4063,20405.7
1711918800000.0,0.4065,0.4075,0.4052,0.4067,24923.8
1711922400000.0,0.4063,0.4071,0.4056,0.4071,10028.1
1711926000000.0,0.4072,0.4085,0.4071,0.4081,63538.2
1711929600000.0,0.4075,0.4076,0.4044,0.4061,18318.4
1711933200000.0,0.4063,0.4066,0.4007,0.4025,38242.5
1711936800000.0,0.4022,0.4032,0.4003,0.402,29923.5
1711940400000.0,0.402,0.4029,0.4004,0.4018,21432.3
1711944000000.0,0.4019,0.4023,0.399,0.3996,18239.2
1711947600000.0,0.4,0.4009,0.3834,0.387,260282.7
1711951200000.0,0.3873,0.3957,0.3872,0.3931,198657.5
1711954800000.0,0.3931,0.3957,0.3928,0.3951,85712.8
1711958400000.0,0.3947,0.3953,0.3909,0.3921,95379.2
1711962000000.0,0.3922,0.3947,0.3921,0.3921,46705.4
1711965600000.0,0.3917,0.3935,0.3909,0.3933,62214.4
1711969200000.0,0.3939,0.395,0.3925,0.3925,34432.6
1711972800000.0,0.3921,0.3956,0.3916,0.3954,48959.5
1711976400000.0,0.3954,0.3972,0.3933,0.3965,27481.2
1711980000000.0,0.3964,0.3968,0.3871,0.3874,133162.9
1711983600000.0,0.3876,0.3894,0.3828,0.3844,290336.0
1711987200000.0,0.384,0.3879,0.384,0.3861,23368.2
1711990800000.0,0.386,0.3861,0.3826,0.3844,58105.2
1711994400000.0,0.384,0.3855,0.3811,0.3851,139074.7
1711998000000.0,0.3855,0.3898,0.3853,0.3898,86400.5
1712001600000.0,0.3895,0.3947,0.3895,0.3946,34867.2
1712005200000.0,0.3943,0.3951,0.3935,0.3943,37334.6
1712008800000.0,0.3939,0.3956,0.3939,0.3939,6186.3
1712012400000.0,0.3943,0.3961,0.3943,0.3959,28740.0
1712016000000.0,0.3964,0.3987,0.3939,0.3956,51539.4
1712019600000.0,0.3951,0.4014,0.3929,0.3935,177291.5
1712023200000.0,0.3936,0.3937,0.3792,0.387,309767.5
1712026800000.0,0.3873,0.3891,0.3795,0.3823,153747.5
1712030400000.0,0.3825,0.3887,0.3825,0.3869,87193.5
1712034000000.0,0.3865,0.3865,0.3799,0.3821,41481.7
1712037600000.0,0.3825,0.3894,0.3825,0.3886,36591.6
1712041200000.0,0.389,0.3894,0.3844,0.3844,9933.9
1712044800000.0,0.3848,0.3854,0.3738,0.3746,67788.7
1712048400000.0,0.375,0.3805,0.3726,0.3805,76737.6
1712052000000.0,0.3801,0.3813,0.3781,0.3797,37744.9
1712055600000.0,0.3799,0.3809,0.3732,0.3809,77997.2
1712059200000.0,0.3805,0.3825,0.3785,0.3793,6557.9
1712062800000.0,0.3789,0.3789,0.373,0.3762,55040.2
1712066400000.0,0.3756,0.3801,0.3755,0.3785,39559.4
1712070000000.0,0.3789,0.3825,0.3729,0.3729,116336.3
1712073600000.0,0.3734,0.3764,0.3669,0.3757,73864.8
1712077200000.0,0.3758,0.3776,0.3734,0.3772,61879.2
1712080800000.0,0.3775,0.3795,0.376,0.3769,8915.4
1712084400000.0,0.3773,0.378,0.376,0.376,5223.2
1712088000000.0,0.3757,0.3785,0.3757,0.3778,23315.1
1712091600000.0,0.3785,0.3799,0.3764,0.3768,22323.8
1712095200000.0,0.3765,0.3835,0.3763,0.3834,7894.4
1712098800000.0,0.383,0.3856,0.3803,0.3809,20758.8
1712102400000.0,0.3805,0.3805,0.3658,0.3726,77535.1
1712106000000.0,0.3722,0.3793,0.3677,0.3787,39587.9
1712109600000.0,0.3789,0.3831,0.3781,0.3789,96086.3
1712113200000.0,0.3785,0.3803,0.3775,0.3777,7720.3
1712116800000.0,0.3777,0.3789,0.3764,0.3777,5514.4
1712120400000.0,0.3772,0.3777,0.3745,0.3759,4404.7
1712124000000.0,0.3757,0.3786,0.3757,0.3772,12448.4
1712127600000.0,0.3768,0.3789,0.375,0.375,20283.9
1712131200000.0,0.3746,0.3778,0.3726,0.3777,5548.0
1712134800000.0,0.378,0.3816,0.3774,0.3814,9956.5
1712138400000.0,0.3811,0.3854,0.3801,0.3817,71211.8
1712142000000.0,0.3813,0.3813,0.3766,0.3768,57472.8
1712145600000.0,0.3768,0.3778,0.3706,0.3719,48163.2
1712149200000.0,0.3715,0.372,0.3654,0.3678,69467.4
1712152800000.0,0.3682,0.3751,0.3682,0.3738,18735.2
1712156400000.0,0.3734,0.3734,0.3674,0.3674,2358.5
1712160000000.0,0.3672,0.3693,0.3653,0.3683,9425.2
1712163600000.0,0.3678,0.3678,0.3606,0.3608,30649.5
1712167200000.0,0.3606,0.3622,0.3578,0.3622,25590.1
1712170800000.0,0.3625,0.3635,0.3594,0.3606,8823.6
1712174400000.0,0.3604,0.3604,0.3572,0.3586,13814.4
1712178000000.0,0.358,0.3617,0.3556,0.3617,33111.8
1712181600000.0,0.3618,0.3642,0.3612,0.3642,21779.5
1712185200000.0,0.3638,0.3639,0.3607,0.3607,7752.2
1712188800000.0,0.3607,0.3638,0.3598,0.3636,13541.9
1712192400000.0,0.3631,0.3638,0.3586,0.3602,6845.7
1712196000000.0,0.3598,0.3598,0.3551,0.3574,20118.7
1712199600000.0,0.3574,0.3583,0.354,0.3566,28714.5
1712203200000.0,0.3562,0.357,0.3524,0.3569,8298.7
1712206800000.0,0.3565,0.3579,0.3565,0.3579,5797.4
1712210400000.0,0.3579,0.3594,0.3579,0.3594,1162.5
1712214000000.0,0.3593,0.3669,0.3593,0.3669,24653.3
1712217600000.0,0.367,0.3706,0.367,0.3676,17231.3
1712221200000.0,0.3682,0.3695,0.3678,0.3682,6356.4
1712224800000.0,0.3681,0.369,0.3667,0.3667,3118.4
1712228400000.0,0.3667,0.3829,0.3664,0.3809,285480.7
1712232000000.0,0.381,0.3905,0.3809,0.3866,167697.4
1712235600000.0,0.3865,0.3995,0.3846,0.3972,118670.4
1712239200000.0,0.3972,0.4035,0.3958,0.3964,82866.9
1712242800000.0,0.3961,0.4044,0.396,0.3987,268287.2
1712246400000.0,0.3995,0.4034,0.3984,0.4017,56364.3
1712250000000.0,0.4014,0.4026,0.3967,0.4022,51204.6
1712253600000.0,0.4025,0.4029,0.3956,0.396,46284.8
1712257200000.0,0.396,0.3972,0.3927,0.3935,14736.3
1712260800000.0,0.3935,0.3936,0.3864,0.3886,16886.7
1712264400000.0,0.3885,0.389,0.3862,0.3887,17471.2
1712268000000.0,0.3882,0.3894,0.3861,0.3861,12605.8
1712271600000.0,0.3859,0.3878,0.3858,0.3876,13942.4
1712275200000.0,0.3874,0.3917,0.3861,0.3917,10462.0
1712278800000.0,0.3921,0.4153,0.3896,0.3911,676299.5
1712282400000.0,0.3906,0.4122,0.389,0.3972,787833.0
1712286000000.0,0.3969,0.4,0.3817,0.3886,533129.3
1712289600000.0,0.3882,0.3941,0.3857,0.3866,464196.1
1712293200000.0,0.3861,0.3882,0.3821,0.3845,265345.1
1712296800000.0,0.3844,0.3896,0.383,0.3857,141534.5
1712300400000.0,0.3853,0.3853,0.373,0.3737,71366.9
1712304000000.0,0.3738,0.3786,0.3727,0.3734,23676.7
1712307600000.0,0.3734,0.3734,0.3687,0.3726,5919.0
1712311200000.0,0.373,0.3757,0.3692,0.3742,22733.9
1712314800000.0,0.3739,0.3739,0.367,0.3681,90624.0
1712318400000.0,0.3682,0.3746,0.3658,0.3743,39128.6
1712322000000.0,0.3738,0.3793,0.371,0.3767,117582.6
1712325600000.0,0.3764,0.3814,0.3747,0.3802,53419.7
1712329200000.0,0.3801,0.3869,0.3801,0.3869,12710.7
1712332800000.0,0.3865,0.3894,0.3857,0.3858,7766.6
1712336400000.0,0.3854,0.3947,0.3854,0.3898,34894.4
1712340000000.0,0.3894,0.3943,0.3893,0.3912,27476.4
1712343600000.0,0.3917,0.3947,0.3902,0.3902,20280.6
1712347200000.0,0.3907,0.3939,0.3907,0.3923,16805.3
1712350800000.0,0.3925,0.3935,0.3925,0.3926,8901.2
1712354400000.0,0.3928,0.3947,0.3914,0.3939,12661.8
1712358000000.0,0.3935,0.3942,0.3912,0.3921,10350.9
1712361600000.0,0.3912,0.396,0.3904,0.3943,15408.7
1712365200000.0,0.3947,0.4196,0.3947,0.4138,229789.6
1712368800000.0,0.4136,0.4198,0.4035,0.4169,234119.1
1712372400000.0,0.4177,0.4214,0.4075,0.4166,243638.7
1712376000000.0,0.4163,0.4204,0.4071,0.4107,121604.9
1712379600000.0,0.4103,0.4172,0.4103,0.4163,45925.2
1712383200000.0,0.4166,0.4191,0.4148,0.4176,53250.9
1712386800000.0,0.4177,0.4221,0.4148,0.4172,105449.3
1712390400000.0,0.4177,0.4238,0.4166,0.4224,45283.1
1712394000000.0,0.4227,0.4256,0.4177,0.4177,117069.9
1712397600000.0,0.4177,0.4212,0.4168,0.4196,71361.0
1712401200000.0,0.4204,0.422,0.4147,0.4157,107712.0
1712404800000.0,0.4153,0.4198,0.4142,0.4191,24756.9
1712408400000.0,0.4186,0.4203,0.4173,0.4186,42653.2
1712412000000.0,0.4186,0.4225,0.4161,0.42,45872.1
1712415600000.0,0.4208,0.4211,0.4129,0.4129,51232.7
1712419200000.0,0.4134,0.4196,0.4125,0.4176,15609.5
1712422800000.0,0.4181,0.4186,0.4141,0.4141,73874.1
1712426400000.0,0.4148,0.418,0.4148,0.4171,59871.9
1712430000000.0,0.4167,0.425,0.4167,0.4245,149445.6
1712433600000.0,0.4241,0.4316,0.4227,0.427,107320.2
1712437200000.0,0.4265,0.4307,0.4222,0.4231,77200.3
1712440800000.0,0.4236,0.4335,0.4236,0.4325,47791.8
1712444400000.0,0.4331,0.4333,0.4281,0.4284,44385.1
1712448000000.0,0.4314,0.44,0.4314,0.4393,128376.0
1712451600000.0,0.4396,0.4495,0.4375,0.4479,203158.0
1712455200000.0,0.4483,0.4566,0.4476,0.4549,94350.0
1712458800000.0,0.4556,0.4818,0.4543,0.4778,465709.6
1712462400000.0,0.4783,0.4812,0.4217,0.446,1079764.8
1712466000000.0,0.4467,0.4635,0.4467,0.4525,355431.0
1712469600000.0,0.4531,0.4631,0.4523,0.4546,116023.2
1712473200000.0,0.4541,0.4561,0.4458,0.4463,142661.2
1712476800000.0,0.4467,0.4651,0.4467,0.4603,236874.3
1712480400000.0,0.4602,0.4632,0.4582,0.4597,66351.5
1712484000000.0,0.4592,0.4638,0.4462,0.4471,85037.6
1712487600000.0,0.4467,0.4481,0.4431,0.4443,34047.3
1712491200000.0,0.4438,0.4458,0.4433,0.4438,55747.9
1712494800000.0,0.4443,0.4471,0.4359,0.4428,45634.7
1712498400000.0,0.4418,0.4438,0.4405,0.4423,70676.8
1712502000000.0,0.4423,0.4438,0.4408,0.4408,77742.1
1712505600000.0,0.4406,0.4412,0.4361,0.4361,57823.6
1712509200000.0,0.437,0.4397,0.4361,0.4375,155086.3
1712512800000.0,0.437,0.4398,0.4362,0.4388,12947.2
1712516400000.0,0.4393,0.4403,0.436,0.437,23864.1
1712520000000.0,0.4372,0.4402,0.4367,0.44,9170.0
1712523600000.0,0.4396,0.4434,0.4396,0.4409,18064.5
1712527200000.0,0.4408,0.4425,0.4399,0.4405,68372.8
1712530800000.0,0.4403,0.4423,0.4393,0.4404,21792.1
1712534400000.0,0.4398,0.4418,0.4391,0.4391,26925.1
1712538000000.0,0.4398,0.4455,0.4392,0.4407,62668.9
1712541600000.0,0.4408,0.4492,0.4289,0.4469,534714.5
1712545200000.0,0.4471,0.4504,0.4386,0.4453,225602.0
1712548800000.0,0.4463,0.4486,0.4386,0.443,150586.0
1712552400000.0,0.4436,0.4448,0.4402,0.4417,76758.4
1712556000000.0,0.4417,0.4427,0.4387,0.4395,34262.5
1712559600000.0,0.4388,0.4425,0.4372,0.4408,77014.8
1712563200000.0,0.4413,0.4435,0.4386,0.4391,52526.0
1712566800000.0,0.439,0.4406,0.438,0.4388,81719.2
1712570400000.0,0.4388,0.4388,0.4361,0.4367,25965.9
1712574000000.0,0.4365,0.4369,0.4286,0.434,63558.6
1712577600000.0,0.4346,0.4361,0.4309,0.431,11177.4
1712581200000.0,0.4311,0.44,0.4302,0.4353,214383.1
1712584800000.0,0.4356,0.4356,0.43,0.4326,47351.8
1712588400000.0,0.4321,0.4349,0.4313,0.4316,33129.7
1712592000000.0,0.4321,0.4331,0.4306,0.4316,10259.0
1712595600000.0,0.4321,0.4335,0.4299,0.4319,19718.3
1712599200000.0,0.4322,0.4335,0.4312,0.4319,6266.5
1712602800000.0,0.4318,0.4319,0.4292,0.4314,22694.4
1712606400000.0,0.4306,0.432,0.4297,0.4319,7620.7
1712610000000.0,0.4317,0.4331,0.4309,0.433,11410.1
1712613600000.0,0.4321,0.4326,0.4304,0.4316,3003.5
1712617200000.0,0.432,0.432,0.4295,0.4301,11554.9
1712620800000.0,0.4302,0.4313,0.4272,0.4291,19111.5
1712624400000.0,0.4293,0.4295,0.425,0.4272,28900.2
1712628000000.0,0.427,0.4273,0.4256,0.4259,5851.3
1712631600000.0,0.4257,0.4258,0.4231,0.4237,10192.5
1712635200000.0,0.4234,0.428,0.4212,0.427,63806.1
1712638800000.0,0.4272,0.4279,0.4251,0.4253,30308.9
1712642400000.0,0.4261,0.4279,0.4221,0.4234,68809.2
1712646000000.0,0.4241,0.4298,0.4241,0.4274,60881.5
1712649600000.0,0.4277,0.4364,0.4241,0.4364,42817.2
1712653200000.0,0.4365,0.4434,0.4365,0.4434,56163.5
1712656800000.0,0.4428,0.4473,0.441,0.4423,168205.6
1712660400000.0,0.4426,0.4464,0.4393,0.4457,50295.9
1712664000000.0,0.4463,0.4515,0.4448,0.4448,112667.4
1712667600000.0,0.4443,0.4469,0.4438,0.4453,43670.2
1712671200000.0,0.4448,0.4448,0.4365,0.4405,110087.2
1712674800000.0,0.4404,0.4425,0.4336,0.4413,75017.8
1712678400000.0,0.4418,0.4418,0.4363,0.4363,63887.7
1712682000000.0,0.436,0.4384,0.4311,0.4339,71383.5
1712685600000.0,0.4344,0.4345,0.4306,0.4306,58545.1
1712689200000.0,0.4311,0.4318,0.4279,0.4297,17916.9
1712692800000.0,0.4295,0.4297,0.4245,0.4251,32248.1
1712696400000.0,0.4258,0.4262,0.4225,0.4234,11850.3
1712700000000.0,0.4233,0.4249,0.4217,0.4249,12204.3
1712703600000.0,0.4241,0.4241,0.42,0.4212,5702.2
1712707200000.0,0.4208,0.4277,0.4192,0.4251,20749.5
1712710800000.0,0.4246,0.4261,0.42,0.4248,19604.7
1712714400000.0,0.4256,0.4289,0.4172,0.4172,37798.7
1712718000000.0,0.417,0.4204,0.416,0.4203,14881.7
1712721600000.0,0.4204,0.4208,0.4186,0.4195,9399.2
1712725200000.0,0.42,0.4251,0.42,0.4221,6953.3
1712728800000.0,0.4231,0.4249,0.4221,0.4221,2238.4
1712732400000.0,0.4217,0.4217,0.419,0.419,2534.4
1712736000000.0,0.4186,0.4241,0.4148,0.4236,16832.1
1712739600000.0,0.4233,0.429,0.4226,0.4256,14073.7
1712743200000.0,0.4251,0.4275,0.4212,0.4265,29655.8
1712746800000.0,0.427,0.4303,0.4254,0.4293,11917.7
1712750400000.0,0.4297,0.4323,0.4195,0.4234,150613.4
1712754000000.0,0.4231,0.4251,0.4208,0.4251,22680.4
1712757600000.0,0.4246,0.4315,0.4226,0.4306,96601.8
1712761200000.0,0.4311,0.4318,0.4286,0.4306,60983.3
1712764800000.0,0.4302,0.4365,0.4294,0.4328,44679.5
1712768400000.0,0.4327,0.4327,0.4294,0.4294,11952.7
1712772000000.0,0.4293,0.4293,0.4206,0.4206,15116.2
1712775600000.0,0.4204,0.4354,0.41,0.4342,297217.8
1712779200000.0,0.4346,0.4381,0.4316,0.4319,28772.1
1712782800000.0,0.4326,0.4398,0.4326,0.4348,37310.4
1712786400000.0,0.4356,0.4444,0.4356,0.4393,31933.3
1712790000000.0,0.4398,0.4408,0.4375,0.4379,10126.2
1712793600000.0,0.4373,0.4379,0.4346,0.436,16645.4
1712797200000.0,0.4356,0.4356,0.4302,0.432,14337.1
1712800800000.0,0.4326,0.436,0.4316,0.4319,8075.3
1712804400000.0,0.4312,0.4312,0.4261,0.4265,25849.7
1712808000000.0,0.4261,0.4299,0.4251,0.4291,51827.5
1712811600000.0,0.4289,0.4289,0.4265,0.4279,2847.6
1712815200000.0,0.4284,0.4318,0.4284,0.4318,8258.1
1712818800000.0,0.4318,0.4399,0.4318,0.4384,29506.5
1712822400000.0,0.4393,0.4515,0.4393,0.4467,113276.5
1712826000000.0,0.4463,0.4523,0.4439,0.4452,61059.1
1712829600000.0,0.4458,0.4586,0.4458,0.4474,108840.8
1712833200000.0,0.4476,0.4548,0.4458,0.4481,87124.8
1712836800000.0,0.4476,0.4537,0.4428,0.4501,48050.6
1712840400000.0,0.4496,0.4501,0.4413,0.4433,8801.5
1712844000000.0,0.4428,0.4459,0.4387,0.4448,19334.0
1712847600000.0,0.4453,0.4492,0.4451,0.4481,12388.9
1712851200000.0,0.4476,0.4476,0.437,0.4428,15284.0
1712854800000.0,0.4423,0.4426,0.4355,0.4392,29014.3
1712858400000.0,0.4393,0.4398,0.4341,0.4378,38249.8
1712862000000.0,0.4382,0.4388,0.4351,0.4377,34267.1
1712865600000.0,0.437,0.4438,0.437,0.4428,12650.6
1712869200000.0,0.4423,0.4457,0.438,0.4381,15441.8
1712872800000.0,0.4388,0.4413,0.4388,0.4407,23129.7
1712876400000.0,0.4408,0.4409,0.4387,0.4403,9415.4
1712880000000.0,0.4396,0.4398,0.4355,0.4388,7029.0
1712883600000.0,0.4391,0.4412,0.4365,0.4365,31118.9
1712887200000.0,0.436,0.4546,0.435,0.4526,104714.4
1712890800000.0,0.4531,0.4567,0.4506,0.4545,73948.8
1712894400000.0,0.4545,0.4566,0.4516,0.4557,44300.8
1712898000000.0,0.4558,0.4602,0.453,0.4597,64150.7
1712901600000.0,0.4592,0.4592,0.4515,0.4564,44814.6
1712905200000.0,0.4556,0.4571,0.4526,0.4546,37872.2
1712908800000.0,0.4541,0.4566,0.4518,0.4545,33866.0
1712912400000.0,0.4551,0.4551,0.4493,0.4546,16413.8
1712916000000.0,0.455,0.455,0.436,0.4491,178005.1
1712919600000.0,0.4496,0.4496,0.4437,0.4438,43152.0
1712923200000.0,0.4435,0.4453,0.4394,0.4394,23622.5
1712926800000.0,0.4395,0.4437,0.4306,0.4315,241200.1
1712930400000.0,0.4317,0.4341,0.4295,0.4327,44831.8
1712934000000.0,0.4321,0.4325,0.4262,0.4264,140063.8
1712937600000.0,0.4261,0.4319,0.4225,0.4297,264306.2
1712941200000.0,0.4296,0.4296,0.4125,0.4155,170947.8
1712944800000.0,0.4145,0.4202,0.356,0.3793,652431.7
1712948400000.0,0.3792,0.4006,0.379,0.3923,325115.8
1712952000000.0,0.3957,0.4241,0.3957,0.4138,152486.3
1712955600000.0,0.4138,0.4279,0.41,0.4246,131568.8
1712959200000.0,0.4244,0.4308,0.4171,0.4233,383675.3
1712962800000.0,0.4231,0.4665,0.4186,0.4567,755893.3
1712966400000.0,0.4556,0.4586,0.4343,0.4356,581433.0
1712970000000.0,0.436,0.4481,0.4212,0.427,549940.3
1712973600000.0,0.4265,0.4403,0.4212,0.4336,273435.4
1712977200000.0,0.4331,0.4393,0.4177,0.4341,548634.3
1712980800000.0,0.4341,0.4413,0.42,0.434,376515.2
1712984400000.0,0.4357,0.4541,0.4357,0.4438,481909.8
1712988000000.0,0.4443,0.4646,0.4443,0.4637,575593.2
1712991600000.0,0.4628,0.4648,0.4489,0.4514,560314.9
1712995200000.0,0.4515,0.4617,0.4483,0.4507,327076.8
1712998800000.0,0.4511,0.4592,0.4421,0.455,184644.3
1713002400000.0,0.4541,0.4545,0.4411,0.4526,285391.6
1713006000000.0,0.4521,0.4747,0.4272,0.4334,622263.5
1713009600000.0,0.4326,0.451,0.4246,0.4486,470482.6
1713013200000.0,0.4486,0.4558,0.4351,0.4365,312010.6
1713016800000.0,0.436,0.4458,0.4211,0.4236,318641.4
1713020400000.0,0.4231,0.4329,0.4134,0.4177,245289.7
1713024000000.0,0.4181,0.4217,0.4076,0.42,385237.9
1713027600000.0,0.4204,0.4257,0.4044,0.4112,1006696.7
1713031200000.0,0.4111,0.4166,0.4,0.4052,445380.3
1713034800000.0,0.4052,0.4052,0.3684,0.3766,715689.9
1713038400000.0,0.3768,0.3841,0.3446,0.3649,1538698.4
1713042000000.0,0.3657,0.3737,0.3489,0.3733,260198.7
1713045600000.0,0.3677,0.4,0.3646,0.3964,200373.1
1713049200000.0,0.3968,0.4142,0.3939,0.4048,120478.4
1713052800000.0,0.4039,0.4107,0.3873,0.396,85954.1
1713056400000.0,0.3964,0.4085,0.3873,0.404,274144.4
1713060000000.0,0.4043,0.4117,0.3902,0.3921,440119.5
1713063600000.0,0.3925,0.3954,0.3859,0.3912,403467.1
1713067200000.0,0.3879,0.4062,0.3858,0.3968,406395.0
1713070800000.0,0.3972,0.417,0.397,0.4064,480439.9
1713074400000.0,0.4059,0.424,0.4042,0.412,420761.4
1713078000000.0,0.4117,0.417,0.4084,0.4103,51917.0
1713081600000.0,0.4099,0.4388,0.4095,0.4289,361271.5
1713085200000.0,0.4287,0.4379,0.4287,0.4356,349251.6
1713088800000.0,0.4362,0.4439,0.4345,0.4388,573182.5
1713092400000.0,0.4383,0.4491,0.4284,0.4326,619604.4
1713096000000.0,0.4321,0.442,0.4256,0.4399,527573.0
1713099600000.0,0.4403,0.4404,0.4277,0.4292,317677.8
1713103200000.0,0.4289,0.4331,0.4116,0.4172,898357.2
1713106800000.0,0.4176,0.4182,0.3997,0.4022,373220.9
1713110400000.0,0.4018,0.4129,0.3935,0.3943,563078.1
1713114000000.0,0.3944,0.3957,0.3698,0.3708,977796.9
1713117600000.0,0.3714,0.3797,0.3682,0.3784,419138.0
1713121200000.0,0.3777,0.3783,0.357,0.3579,596405.6
1713124800000.0,0.3578,0.3825,0.3466,0.3728,1819913.0
1713128400000.0,0.373,0.3788,0.3683,0.3781,342886.0
1713132000000.0,0.3777,0.4081,0.3772,0.4004,393460.3
1713135600000.0,0.4,0.4045,0.3983,0.3995,196255.2
1713139200000.0,0.3998,0.4121,0.3939,0.3968,331772.9
1713142800000.0,0.3972,0.3991,0.3924,0.3968,101987.9
1713146400000.0,0.3968,0.3968,0.3849,0.3869,131392.2
1713150000000.0,0.3868,0.3955,0.3845,0.3886,212723.2
1713153600000.0,0.389,0.4232,0.3857,0.4012,914755.0
1713157200000.0,0.4014,0.4081,0.3989,0.4022,304572.2
1713160800000.0,0.4018,0.4107,0.3991,0.4058,323351.6
1713164400000.0,0.4052,0.4056,0.3972,0.3996,182286.6
1713168000000.0,0.3991,0.4026,0.3802,0.3809,312438.5
1713171600000.0,0.3813,0.3821,0.3717,0.3785,474658.7
1713175200000.0,0.3785,0.3785,0.3735,0.3773,95366.9
1713178800000.0,0.3778,0.3807,0.3689,0.3701,241581.8
1713182400000.0,0.3699,0.3726,0.3652,0.3672,212126.0
1713186000000.0,0.3674,0.3755,0.3643,0.3678,315342.2
1713189600000.0,0.368,0.368,0.3549,0.3567,270645.5
1713193200000.0,0.3562,0.3596,0.3482,0.3516,257120.5
1713196800000.0,0.3511,0.3526,0.3411,0.342,787433.9
1713200400000.0,0.3421,0.3469,0.3337,0.3359,421885.3
1713204000000.0,0.3355,0.3357,0.324,0.3248,242473.4
1713207600000.0,0.3244,0.3356,0.3214,0.3313,244804.7
1713211200000.0,0.3316,0.3324,0.3177,0.3209,315505.9
1713214800000.0,0.3204,0.3278,0.3125,0.3255,632135.1
1713218400000.0,0.3261,0.3261,0.3168,0.3229,664059.4
1713222000000.0,0.3226,0.3226,0.3104,0.3163,601768.9
1713225600000.0,0.3154,0.3159,0.2998,0.3038,562841.4
1713229200000.0,0.3031,0.3078,0.2889,0.2891,627685.2
1713232800000.0,0.2891,0.3275,0.2807,0.3121,1282933.9
1713236400000.0,0.3125,0.3181,0.3025,0.3041,466430.7
1713240000000.0,0.3037,0.313,0.3027,0.3079,315793.1
1713243600000.0,0.3083,0.3268,0.3069,0.3189,393934.9
1713247200000.0,0.3184,0.3283,0.316,0.3199,405284.5
1713250800000.0,0.3196,0.3244,0.3169,0.3194,209697.9
1713254400000.0,0.3194,0.3221,0.3167,0.3198,118896.4
1713258000000.0,0.3201,0.321,0.3119,0.3154,421838.1
1713261600000.0,0.3151,0.3162,0.3076,0.3154,278274.0
1713265200000.0,0.3151,0.3194,0.3111,0.3135,50203.0
1713268800000.0,0.3131,0.3131,0.3033,0.3053,140491.0
1713272400000.0,0.3052,0.3348,0.3003,0.3339,748535.6
1713276000000.0,0.3328,0.3376,0.3276,0.328,442862.2
1713279600000.0,0.3283,0.3356,0.3283,0.3293,304691.8
1713283200000.0,0.3297,0.353,0.3287,0.352,604740.0
1713286800000.0,0.3523,0.3673,0.3469,0.3478,740015.6
1713290400000.0,0.3482,0.3574,0.3457,0.351,250938.9
1713294000000.0,0.3516,0.3559,0.3493,0.3513,183915.7
1713297600000.0,0.3513,0.3552,0.3486,0.3528,232677.5
1713301200000.0,0.3532,0.3624,0.3515,0.3519,320804.0
1713304800000.0,0.3524,0.3579,0.3524,0.3559,342032.0
1713308400000.0,0.3562,0.357,0.3501,0.3501,100525.3
1713312000000.0,0.3502,0.3596,0.3476,0.3533,154820.2
1713315600000.0,0.3528,0.3528,0.3431,0.3471,93600.5
1713319200000.0,0.3467,0.3471,0.3406,0.342,99842.5
1713322800000.0,0.3418,0.3431,0.3342,0.3372,117047.5
1713326400000.0,0.3367,0.3475,0.3342,0.3427,129694.8
1713330000000.0,0.3423,0.3465,0.3402,0.3402,160097.2
1713333600000.0,0.3402,0.3435,0.3387,0.3435,20025.2
1713337200000.0,0.3431,0.3447,0.3393,0.3428,84615.7
1713340800000.0,0.3435,0.3474,0.3396,0.3428,30580.2
1713344400000.0,0.3435,0.3544,0.3433,0.35,238257.2
1713348000000.0,0.3508,0.3534,0.3439,0.3471,157600.8
1713351600000.0,0.3467,0.35,0.3427,0.3455,97982.4
1713355200000.0,0.3451,0.3471,0.3383,0.3423,115197.7
1713358800000.0,0.3427,0.3531,0.3392,0.3485,360163.0
1713362400000.0,0.3482,0.3485,0.3408,0.3471,71567.5
1713366000000.0,0.3475,0.3492,0.3429,0.3441,218242.3
1713369600000.0,0.3443,0.3506,0.3411,0.3478,99217.2
1713373200000.0,0.3482,0.3646,0.3482,0.363,255139.5
1713376800000.0,0.3622,0.3882,0.3618,0.3873,549659.2
1713380400000.0,0.3874,0.3963,0.3835,0.3932,314020.9
1713384000000.0,0.3935,0.3985,0.3859,0.3865,239085.5
1713387600000.0,0.3869,0.4129,0.3861,0.401,303209.5
1713391200000.0,0.4014,0.4098,0.4008,0.4049,246104.8
1713394800000.0,0.4052,0.4153,0.4003,0.4048,472838.7
1713398400000.0,0.4059,0.413,0.3964,0.4069,651273.5
1713402000000.0,0.4069,0.4134,0.404,0.4121,354427.7
1713405600000.0,0.4124,0.4178,0.4069,0.4138,509960.4
1713409200000.0,0.4143,0.4291,0.4138,0.4193,607390.8
1713412800000.0,0.4201,0.4251,0.4158,0.4177,214025.9
1713416400000.0,0.4172,0.4195,0.4087,0.4148,348395.7
1713420000000.0,0.4153,0.419,0.4052,0.4121,185021.8
1713423600000.0,0.4125,0.4191,0.4087,0.4103,201447.7
1713427200000.0,0.4103,0.4255,0.4077,0.4163,246334.0
1713430800000.0,0.4167,0.4238,0.4114,0.4196,235219.9
1713434400000.0,0.42,0.4202,0.3983,0.4004,65541.5
1713438000000.0,0.4009,0.4256,0.4009,0.4221,140582.8
1713441600000.0,0.4212,0.4274,0.4167,0.4186,139671.8
1713445200000.0,0.419,0.4244,0.4158,0.4227,212463.1
1713448800000.0,0.4226,0.4726,0.4193,0.4521,1095680.8
1713452400000.0,0.4511,0.4541,0.3997,0.4085,817159.5
1713456000000.0,0.4091,0.4354,0.404,0.4289,576973.6
1713459600000.0,0.4284,0.4473,0.4268,0.4385,424043.6
1713463200000.0,0.4375,0.4434,0.4268,0.4314,563052.5
1713466800000.0,0.4316,0.4393,0.4272,0.4278,229032.5
1713470400000.0,0.4282,0.4282,0.4159,0.4208,153365.9
1713474000000.0,0.4204,0.4318,0.4168,0.4203,196001.8
1713477600000.0,0.42,0.4341,0.4133,0.4279,463412.4
1713481200000.0,0.4277,0.4277,0.4153,0.4172,174681.3
1713484800000.0,0.4168,0.4195,0.4133,0.4145,78663.3
1713488400000.0,0.4142,0.4186,0.4071,0.4071,148938.8
1713492000000.0,0.4077,0.4106,0.4014,0.4066,92071.6
1713495600000.0,0.4056,0.4127,0.4003,0.4015,194660.0
1713499200000.0,0.4009,0.4154,0.3988,0.4117,100906.4
1713502800000.0,0.4117,0.4146,0.4014,0.4014,134744.6
1713506400000.0,0.4009,0.4191,0.393,0.4163,306386.5
1713510000000.0,0.4167,0.4186,0.4096,0.4138,58501.6
1713513600000.0,0.4143,0.4192,0.4126,0.4143,47180.6
1713517200000.0,0.4148,0.4177,0.4106,0.4106,63068.6
1713520800000.0,0.4112,0.4112,0.4031,0.4044,76137.8
1713524400000.0,0.404,0.4071,0.4014,0.4061,36996.5
1713528000000.0,0.4056,0.4096,0.402,0.4043,35376.4
1713531600000.0,0.4044,0.4048,0.398,0.4005,74432.3
1713535200000.0,0.4,0.4004,0.3947,0.3968,96966.4
1713538800000.0,0.3972,0.4021,0.3955,0.4,51453.9
1713542400000.0,0.4004,0.4045,0.3981,0.404,58168.7
1713546000000.0,0.4036,0.4127,0.4024,0.4081,45255.8
1713549600000.0,0.4076,0.4076,0.3987,0.4024,59446.5
1713553200000.0,0.4026,0.4061,0.4026,0.4041,31886.4
1713556800000.0,0.404,0.4055,0.4026,0.4036,17899.9
1713560400000.0,0.4031,0.4047,0.3996,0.4009,16694.4
1713564000000.0,0.4004,0.4029,0.3991,0.4007,150253.9
1713567600000.0,0.4008,0.4026,0.3945,0.4014,160482.0
1713571200000.0,0.4008,0.4092,0.3991,0.404,30452.2
1713574800000.0,0.4044,0.407,0.4009,0.4014,11298.1
1713578400000.0,0.4009,0.4047,0.398,0.398,70241.4
1713582000000.0,0.3991,0.4061,0.3945,0.406,59496.5
1713585600000.0,0.4062,0.411,0.3996,0.4066,88670.5
1713589200000.0,0.4061,0.4061,0.3965,0.4,102965.9
1713592800000.0,0.3996,0.402,0.3959,0.402,29160.6
1713596400000.0,0.4022,0.4096,0.4022,0.4081,89303.3
1713600000000.0,0.4085,0.4222,0.4079,0.4217,301798.7
1713603600000.0,0.4221,0.4311,0.4208,0.4301,96563.1
1713607200000.0,0.4302,0.435,0.4221,0.4306,485979.0
1713610800000.0,0.4311,0.4348,0.4212,0.4246,62481.0
1713614400000.0,0.4251,0.427,0.4194,0.4221,67546.5
1713618000000.0,0.4217,0.4272,0.4112,0.4112,51263.1
1713621600000.0,0.4107,0.4161,0.4052,0.4067,89568.1
1713625200000.0,0.4061,0.4163,0.4044,0.4125,46065.3
1713628800000.0,0.4129,0.4151,0.4056,0.4066,258245.0
1713632400000.0,0.4071,0.4077,0.4004,0.4038,138140.6
1713636000000.0,0.4036,0.4067,0.4005,0.4009,37048.3
1713639600000.0,0.4012,0.4012,0.3971,0.3975,67609.4
1713643200000.0,0.3978,0.3978,0.3927,0.3927,78739.0
1713646800000.0,0.3927,0.3964,0.3878,0.393,94094.5
1713650400000.0,0.3935,0.3939,0.3888,0.3925,71482.8
1713654000000.0,0.3921,0.3933,0.3898,0.3898,83815.8
1713657600000.0,0.391,0.3959,0.391,0.3912,68213.7
1713661200000.0,0.3907,0.3943,0.3886,0.393,6194.5
1713664800000.0,0.393,0.3937,0.3898,0.3902,25196.1
1713668400000.0,0.3901,0.3932,0.3844,0.3865,154916.4
1713672000000.0,0.3866,0.3894,0.3838,0.3865,32461.2
1713675600000.0,0.3861,0.3886,0.3853,0.3873,30926.5
1713679200000.0,0.3869,0.3869,0.379,0.3801,72176.7
1713682800000.0,0.3793,0.3793,0.3728,0.3752,140515.8
1713686400000.0,0.375,0.3837,0.373,0.3825,170199.4
1713690000000.0,0.383,0.389,0.3795,0.3846,70556.7
1713693600000.0,0.384,0.3913,0.3817,0.3907,257820.6
1713697200000.0,0.3902,0.394,0.3881,0.3925,216579.5
1713700800000.0,0.3921,0.398,0.3909,0.3969,240367.5
1713704400000.0,0.3961,0.3976,0.3847,0.3877,135005.0
1713708000000.0,0.3878,0.3894,0.3817,0.3869,164970.0
1713711600000.0,0.3865,0.3865,0.3825,0.3848,29203.2
1713715200000.0,0.3844,0.3846,0.3781,0.3817,62190.5
1713718800000.0,0.3825,0.3835,0.3781,0.379,36494.9
1713722400000.0,0.3797,0.3797,0.3759,0.3772,70353.7
1713726000000.0,0.3768,0.3772,0.3723,0.3757,47233.8
1713729600000.0,0.375,0.3781,0.3738,0.3781,29337.5
1713733200000.0,0.3785,0.3821,0.376,0.3777,29288.3
1713736800000.0,0.3781,0.3809,0.3763,0.3763,20917.6
1713740400000.0,0.3761,0.3779,0.374,0.3779,13525.3
1713744000000.0,0.3772,0.3835,0.3772,0.3817,36716.2
1713747600000.0,0.3818,0.3865,0.3755,0.3781,41433.5
1713751200000.0,0.3785,0.3801,0.3742,0.375,27324.8
1713754800000.0,0.3755,0.3791,0.3752,0.376,18210.3
1713758400000.0,0.376,0.3799,0.3748,0.3764,126822.5
1713762000000.0,0.376,0.3802,0.3751,0.3778,36726.9
1713765600000.0,0.3785,0.3797,0.3763,0.3768,99883.0
1713769200000.0,0.3772,0.3789,0.3726,0.3734,20044.1
1713772800000.0,0.3738,0.3752,0.3686,0.3698,79294.8
1713776400000.0,0.3702,0.3738,0.3702,0.3717,41645.7
1713780000000.0,0.372,0.3772,0.3702,0.3769,29077.4
1713783600000.0,0.3768,0.3794,0.375,0.3768,163516.9
1713787200000.0,0.3771,0.3823,0.3761,0.3821,24704.2
1713790800000.0,0.3825,0.3849,0.3778,0.3789,60371.1
1713794400000.0,0.3793,0.383,0.3785,0.381,8799.1
1713798000000.0,0.3805,0.3837,0.3781,0.3805,45337.5
1713801600000.0,0.3809,0.3844,0.3797,0.382,24432.9
1713805200000.0,0.3817,0.3855,0.3808,0.3817,44092.8
1713808800000.0,0.382,0.3827,0.3801,0.3813,35920.9
1713812400000.0,0.3817,0.3829,0.3795,0.38,12421.1
1713816000000.0,0.3801,0.3823,0.378,0.3794,14482.0
1713819600000.0,0.3795,0.3802,0.3787,0.3787,7080.9
1713823200000.0,0.3789,0.3823,0.3789,0.3817,9704.1
1713826800000.0,0.3819,0.383,0.3805,0.3805,16743.3
1713830400000.0,0.3808,0.3899,0.3807,0.3894,52828.1
1713834000000.0,0.3898,0.3932,0.3853,0.3853,69564.5
1713837600000.0,0.3857,0.3865,0.3836,0.3848,23930.2
1713841200000.0,0.3853,0.3857,0.3797,0.3809,22112.7
1713844800000.0,0.3813,0.3817,0.3747,0.3762,41270.9
1713848400000.0,0.3764,0.377,0.3695,0.3751,236027.8
1713852000000.0,0.3746,0.3759,0.3692,0.3702,15844.8
1713855600000.0,0.3706,0.3737,0.3706,0.3732,33089.7
1713859200000.0,0.3737,0.3787,0.3711,0.3784,87820.1
1713862800000.0,0.3785,0.3837,0.3775,0.3809,79103.5
1713866400000.0,0.3813,0.3849,0.3803,0.3809,67082.4
1713870000000.0,0.3809,0.383,0.3797,0.38,8738.4
1713873600000.0,0.3797,0.3809,0.3777,0.3785,14840.8
1713877200000.0,0.3786,0.3797,0.3763,0.3789,32466.3
1713880800000.0,0.3793,0.3819,0.377,0.3801,25718.7
1713884400000.0,0.3797,0.3816,0.376,0.376,17625.0
1713888000000.0,0.3764,0.3785,0.375,0.3756,31407.3
1713891600000.0,0.376,0.3772,0.3734,0.3755,17067.0
1713895200000.0,0.3751,0.3771,0.3732,0.3747,13950.9
1713898800000.0,0.3746,0.3777,0.3744,0.3757,10705.6
1713902400000.0,0.3762,0.3785,0.3738,0.3785,18249.0
1713906000000.0,0.3781,0.3785,0.3767,0.3771,14095.1
1713909600000.0,0.3768,0.3793,0.3746,0.375,12857.0
1713913200000.0,0.3746,0.3755,0.3737,0.374,944.8
1713916800000.0,0.3746,0.3788,0.373,0.3788,26146.3
1713920400000.0,0.3789,0.3813,0.377,0.3793,58188.5
1713924000000.0,0.3797,0.3798,0.3738,0.375,36945.9
1713927600000.0,0.3747,0.3755,0.373,0.373,36890.2
1713931200000.0,0.3728,0.3779,0.3718,0.3774,34746.5
1713934800000.0,0.3773,0.3773,0.3725,0.3725,27127.7
1713938400000.0,0.3724,0.373,0.3691,0.3727,22159.4
1713942000000.0,0.3722,0.373,0.3714,0.3715,2166.2
1713945600000.0,0.372,0.3758,0.3718,0.3742,10473.5
1713949200000.0,0.3741,0.3772,0.373,0.3772,9009.2
1713952800000.0,0.3768,0.3782,0.376,0.376,11555.1
1713956400000.0,0.3755,0.3755,0.3734,0.3745,5293.9
1713960000000.0,0.3738,0.3738,0.3703,0.3705,9225.0
1713963600000.0,0.3705,0.371,0.3683,0.3683,14517.6
1713967200000.0,0.3687,0.3702,0.3582,0.3626,122496.3
1713970800000.0,0.3622,0.3633,0.3585,0.3594,34493.6
1713974400000.0,0.359,0.3638,0.359,0.3614,20435.8
1713978000000.0,0.3614,0.3741,0.3614,0.3674,118961.6
1713981600000.0,0.367,0.3702,0.3659,0.3682,23971.3
1713985200000.0,0.3678,0.3718,0.3662,0.3702,27334.6
1713988800000.0,0.3706,0.3715,0.3646,0.3654,84852.1
1713992400000.0,0.365,0.365,0.3611,0.3642,9981.0
1713996000000.0,0.3638,0.3638,0.354,0.3563,44627.8
1713999600000.0,0.356,0.3582,0.3522,0.3577,42175.8
1714003200000.0,0.357,0.359,0.3552,0.3582,6102.2
1714006800000.0,0.3586,0.36,0.354,0.354,16207.3
1714010400000.0,0.3536,0.3555,0.3508,0.3537,25405.3
1714014000000.0,0.3544,0.3559,0.3512,0.3512,7725.9
1714017600000.0,0.3516,0.3532,0.3457,0.3524,17727.6
1714021200000.0,0.352,0.357,0.3511,0.357,8455.4
1714024800000.0,0.3566,0.3568,0.354,0.3548,4354.9
1714028400000.0,0.3544,0.3547,0.3512,0.352,4067.4
1714032000000.0,0.3523,0.3552,0.3523,0.3548,6290.1
1714035600000.0,0.3547,0.3584,0.3547,0.3552,22815.1
1714039200000.0,0.3548,0.3548,0.3504,0.3506,9997.7
1714042800000.0,0.3512,0.3528,0.3512,0.3512,3370.1
1714046400000.0,0.3516,0.3544,0.3485,0.3496,14654.1
1714050000000.0,0.3492,0.3528,0.347,0.3528,14879.9
1714053600000.0,0.3528,0.3579,0.3528,0.3552,18585.8
1714057200000.0,0.3555,0.3594,0.354,0.3584,6994.0
1714060800000.0,0.3588,0.3617,0.3586,0.3596,17168.1
1714064400000.0,0.3594,0.361,0.3577,0.3586,11801.8
1714068000000.0,0.359,0.3606,0.3572,0.3586,7165.7
1714071600000.0,0.3585,0.3592,0.3563,0.3579,5615.9
1714075200000.0,0.3582,0.3604,0.3577,0.3596,6875.5
1714078800000.0,0.3598,0.3616,0.359,0.359,21272.2
1714082400000.0,0.3586,0.3586,0.3557,0.3557,2556.7
1714086000000.0,0.3555,0.3574,0.3552,0.3573,11954.7
1714089600000.0,0.3564,0.3569,0.3524,0.3552,9508.5
1714093200000.0,0.3548,0.3562,0.3496,0.3544,8848.9
1714096800000.0,0.3548,0.3579,0.3544,0.3552,4172.0
1714100400000.0,0.3548,0.3554,0.3508,0.3508,14562.3
1714104000000.0,0.3504,0.352,0.3487,0.3508,10280.8
1714107600000.0,0.3504,0.3555,0.3504,0.3552,2209.9
1714111200000.0,0.3555,0.3555,0.3508,0.3513,4729.6
1714114800000.0,0.3512,0.3539,0.3499,0.3528,35227.7
1714118400000.0,0.3532,0.3544,0.3524,0.3524,2958.7
1714122000000.0,0.3521,0.3528,0.3504,0.3505,4456.5
1714125600000.0,0.3505,0.3508,0.3473,0.3478,28114.4
1714129200000.0,0.3481,0.3493,0.3481,0.3489,12387.6
1714132800000.0,0.3485,0.3509,0.3482,0.3489,11710.9
1714136400000.0,0.3492,0.352,0.3451,0.352,23621.4
1714140000000.0,0.3516,0.3551,0.3495,0.3496,12862.1
1714143600000.0,0.35,0.3528,0.3475,0.3528,6878.6
1714147200000.0,0.3524,0.3532,0.3505,0.3524,4951.2
1714150800000.0,0.3517,0.3532,0.3517,0.3528,2271.3
1714154400000.0,0.3524,0.3533,0.352,0.3529,3363.7
1714158000000.0,0.3524,0.3524,0.3516,0.3516,736.9
1714161600000.0,0.3518,0.3539,0.3516,0.3524,13507.2
1714165200000.0,0.3528,0.353,0.3502,0.3528,65776.0
1714168800000.0,0.3524,0.3528,0.3478,0.3481,9759.4
1714172400000.0,0.3485,0.3496,0.3483,0.349,7768.6
1714176000000.0,0.3492,0.3512,0.3454,0.3471,8823.9
1714179600000.0,0.3475,0.348,0.3359,0.3406,233984.4
1714183200000.0,0.3402,0.3435,0.3395,0.3406,20159.4
1714186800000.0,0.3409,0.3451,0.3409,0.3435,34263.5
1714190400000.0,0.3439,0.3455,0.3435,0.3455,713.9
1714194000000.0,0.3455,0.3457,0.3431,0.3447,2895.1
1714197600000.0,0.3443,0.3471,0.3433,0.3439,82315.8
1714201200000.0,0.3443,0.3467,0.3443,0.346,11865.0
1714204800000.0,0.3459,0.3459,0.3435,0.3441,15615.8
1714208400000.0,0.3442,0.3446,0.3421,0.3421,12504.1
1714212000000.0,0.3425,0.3427,0.3407,0.3411,15496.7
1714215600000.0,0.3406,0.3431,0.3394,0.3423,12223.3
1714219200000.0,0.342,0.3435,0.3416,0.3423,2717.8
1714222800000.0,0.3427,0.343,0.342,0.343,15657.4
1714226400000.0,0.3426,0.3467,0.3423,0.3423,4991.8
1714230000000.0,0.342,0.3427,0.3402,0.3402,5910.0
1714233600000.0,0.3399,0.3413,0.3393,0.3409,2653.1
1714237200000.0,0.3413,0.3496,0.3413,0.3496,3954.1
1714240800000.0,0.3498,0.3505,0.3455,0.3475,5042.3
1714244400000.0,0.3471,0.3482,0.3459,0.3475,12657.4
1714248000000.0,0.3478,0.3482,0.3467,0.3469,624.7
1714251600000.0,0.3467,0.3467,0.3452,0.3463,5004.2
1714255200000.0,0.3461,0.3467,0.3437,0.3437,11945.0
1714258800000.0,0.3437,0.3467,0.3437,0.3455,810.6
1714262400000.0,0.3451,0.3471,0.3431,0.3456,105638.7
1714266000000.0,0.3455,0.3459,0.3428,0.3442,19318.3
1714269600000.0,0.3435,0.3439,0.3423,0.3428,21465.8
1714273200000.0,0.3428,0.3447,0.3428,0.343,14019.3
1714276800000.0,0.3432,0.3439,0.3419,0.3427,6470.0
1714280400000.0,0.3428,0.3439,0.3428,0.3434,303.4
1714284000000.0,0.3438,0.3482,0.3433,0.3481,14238.2
1714287600000.0,0.3478,0.3485,0.3464,0.3466,9415.5
1714291200000.0,0.3471,0.3471,0.3444,0.3455,1752.2
1714294800000.0,0.3459,0.3459,0.3435,0.3435,578.5
1714298400000.0,0.3432,0.3432,0.3391,0.3402,40795.0
1714302000000.0,0.3406,0.341,0.3373,0.3373,8410.3
1714305600000.0,0.3388,0.3392,0.3374,0.3387,2170.5
1714309200000.0,0.3391,0.3416,0.3391,0.3409,6100.6
1714312800000.0,0.3406,0.3406,0.3371,0.3383,65050.5
1714316400000.0,0.3386,0.3387,0.3349,0.3361,33193.1
1714320000000.0,0.3361,0.3371,0.3339,0.3367,10218.0
1714323600000.0,0.3363,0.3457,0.3348,0.3417,199070.4
1714327200000.0,0.3414,0.3451,0.3395,0.3446,20769.3
1714330800000.0,0.3443,0.3462,0.3431,0.3431,24156.8
1714334400000.0,0.3427,0.3433,0.3422,0.3432,9901.1
1714338000000.0,0.3429,0.3446,0.3427,0.3436,8126.2
1714341600000.0,0.3435,0.3441,0.3391,0.3397,46445.1
1714345200000.0,0.3393,0.3395,0.3362,0.3379,14145.1
1714348800000.0,0.3375,0.341,0.3368,0.3409,3896.1
1714352400000.0,0.3413,0.3431,0.3394,0.3416,10592.2
1714356000000.0,0.342,0.3423,0.3334,0.3349,9667.5
1714359600000.0,0.3346,0.3355,0.3273,0.3276,18930.9
1714363200000.0,0.3273,0.3339,0.3269,0.3335,8341.8
1714366800000.0,0.3332,0.3347,0.3305,0.3339,10490.4
1714370400000.0,0.3342,0.3359,0.3283,0.3309,17634.0
1714374000000.0,0.3313,0.3328,0.3267,0.3272,12911.8
1714377600000.0,0.3276,0.3289,0.3247,0.3286,16168.6
1714381200000.0,0.3289,0.3328,0.3283,0.3324,15105.8
1714384800000.0,0.3321,0.3328,0.3293,0.3301,2482.5
1714388400000.0,0.3297,0.3297,0.3266,0.3273,7685.6
1714392000000.0,0.3269,0.3297,0.3255,0.3296,13733.0
1714395600000.0,0.3289,0.3309,0.3258,0.3273,18826.0
1714399200000.0,0.327,0.3343,0.3266,0.3339,14196.1
1714402800000.0,0.3342,0.3349,0.3318,0.3329,21945.5
1714406400000.0,0.3332,0.3335,0.3305,0.3309,3655.7
1714410000000.0,0.3313,0.3355,0.3313,0.3333,19089.3
1714413600000.0,0.3332,0.3342,0.3324,0.3339,2280.5
1714417200000.0,0.3335,0.3345,0.3324,0.3345,10682.2
1714420800000.0,0.3346,0.3355,0.3335,0.334,4938.5
1714424400000.0,0.3335,0.3355,0.3322,0.3347,10396.3
1714428000000.0,0.3349,0.3402,0.3349,0.3398,12577.7
1714431600000.0,0.3399,0.3416,0.3391,0.3406,11927.5
1714435200000.0,0.3402,0.3446,0.3379,0.3439,34694.2
1714438800000.0,0.3438,0.3449,0.3385,0.3385,19673.9
1714442400000.0,0.3385,0.3416,0.3361,0.3413,11510.3
1714446000000.0,0.3409,0.3423,0.3399,0.3406,9395.2
1714449600000.0,0.3405,0.3405,0.3367,0.3371,13604.0
1714453200000.0,0.3367,0.3379,0.3345,0.336,5534.2
1714456800000.0,0.3355,0.3395,0.3355,0.3395,1326.2
1714460400000.0,0.3391,0.3391,0.3367,0.3371,2478.8
1714464000000.0,0.3375,0.3383,0.3292,0.3306,14784.4
1714467600000.0,0.3305,0.3328,0.3284,0.3297,37391.7
1714471200000.0,0.3293,0.3309,0.3279,0.3293,8297.4
1714474800000.0,0.3289,0.3289,0.322,0.3236,12992.9
1714478400000.0,0.3233,0.3244,0.3172,0.3188,23624.8
1714482000000.0,0.3184,0.3184,0.3135,0.3135,15224.7
1714485600000.0,0.3138,0.3188,0.312,0.3172,31991.2
1714489200000.0,0.3168,0.3183,0.312,0.3128,13956.7
1714492800000.0,0.3125,0.3133,0.3082,0.3126,34796.0
1714496400000.0,0.3125,0.3141,0.3114,0.3139,11750.4
1714500000000.0,0.3139,0.3176,0.3139,0.3176,5216.0
1714503600000.0,0.3178,0.3204,0.3154,0.3172,27296.3
1714507200000.0,0.3176,0.3258,0.3176,0.3232,48558.9
1714510800000.0,0.3236,0.3253,0.3212,0.3215,11079.6
1714514400000.0,0.3218,0.3247,0.3215,0.3228,12041.7
1714518000000.0,0.3232,0.3244,0.3222,0.3232,4130.4
1714521600000.0,0.3228,0.3228,0.3179,0.3188,18397.9
1714525200000.0,0.3188,0.3229,0.318,0.3221,18281.3
1714528800000.0,0.3218,0.3224,0.3175,0.3208,7397.7
1714532400000.0,0.3215,0.3243,0.3211,0.3236,23788.3
1714536000000.0,0.3237,0.3244,0.3222,0.3232,5623.2
1714539600000.0,0.3236,0.3244,0.3215,0.3228,5968.5
1714543200000.0,0.3232,0.3232,0.318,0.318,8225.2
1714546800000.0,0.318,0.3232,0.3105,0.3177,216663.1
1714550400000.0,0.3176,0.325,0.3154,0.3219,177685.3
1714554000000.0,0.3218,0.3289,0.3215,0.3262,34300.9
1714557600000.0,0.3258,0.3258,0.3215,0.3232,20247.9
1714561200000.0,0.3228,0.3236,0.3178,0.3181,16639.4
1714564800000.0,0.318,0.3254,0.3151,0.3232,48787.1
1714568400000.0,0.3228,0.3232,0.3204,0.3215,10620.1
1714572000000.0,0.3218,0.3232,0.3211,0.3224,4749.8
1714575600000.0,0.3228,0.3228,0.3191,0.3208,15882.1
1714579200000.0,0.3204,0.3218,0.3182,0.3201,27051.8
1714582800000.0,0.3198,0.3242,0.3188,0.3242,8250.9
1714586400000.0,0.3243,0.3323,0.3243,0.3293,39020.5
1714590000000.0,0.3297,0.3317,0.3247,0.3252,83803.9
1714593600000.0,0.3255,0.3279,0.324,0.3279,4984.1
1714597200000.0,0.3273,0.3313,0.3266,0.3313,7695.7
1714600800000.0,0.3311,0.3346,0.3311,0.3343,38252.7
1714604400000.0,0.3339,0.3355,0.3332,0.3339,25896.9
1714608000000.0,0.3346,0.3349,0.3301,0.3305,6157.8
1714611600000.0,0.3301,0.3308,0.3262,0.3292,17559.9
1714615200000.0,0.3297,0.3332,0.3293,0.3323,18737.1
1714618800000.0,0.3321,0.3358,0.3321,0.3349,5985.4
1714622400000.0,0.3346,0.3389,0.3336,0.3346,144928.3
1714626000000.0,0.3347,0.3347,0.3322,0.3345,14938.5
1714629600000.0,0.3339,0.3339,0.3313,0.3317,13324.6
1714633200000.0,0.3316,0.3325,0.3312,0.3312,12207.7
1714636800000.0,0.3309,0.3342,0.3309,0.3339,5279.2
1714640400000.0,0.3342,0.3355,0.3335,0.3355,1740.6
1714644000000.0,0.3357,0.3364,0.3342,0.3364,5484.5
1714647600000.0,0.336,0.3405,0.336,0.3399,13910.0
1714651200000.0,0.3395,0.3395,0.3375,0.3379,2669.7
1714654800000.0,0.3382,0.3387,0.3371,0.3383,5748.7
1714658400000.0,0.3379,0.35,0.3371,0.35,71183.6
1714662000000.0,0.3496,0.3574,0.3482,0.354,143495.2
1714665600000.0,0.3536,0.3633,0.3522,0.3622,97136.8
1714669200000.0,0.3618,0.3724,0.3599,0.3676,151880.6
1714672800000.0,0.367,0.3775,0.367,0.3693,128918.0
1714676400000.0,0.3682,0.3684,0.3578,0.362,121180.6
1714680000000.0,0.3614,0.363,0.354,0.3552,34604.4
1714683600000.0,0.3555,0.3559,0.3524,0.354,12217.3
1714687200000.0,0.354,0.3615,0.354,0.358,111664.4
1714690800000.0,0.358,0.3628,0.3578,0.3599,44709.9
1714694400000.0,0.3594,0.362,0.3576,0.3586,11004.5
1714698000000.0,0.359,0.371,0.359,0.3694,155833.8
1714701600000.0,0.3686,0.3735,0.3677,0.3698,25424.8
1714705200000.0,0.3694,0.373,0.3669,0.3726,26601.0
1714708800000.0,0.3725,0.3738,0.3697,0.3702,25670.1
1714712400000.0,0.37,0.3755,0.3679,0.3713,28160.2
1714716000000.0,0.3706,0.3718,0.368,0.3718,15339.0
1714719600000.0,0.3715,0.375,0.368,0.368,34889.9
1714723200000.0,0.3686,0.3709,0.3656,0.3671,16571.5
1714726800000.0,0.367,0.367,0.3627,0.3635,27452.4
1714730400000.0,0.3638,0.3646,0.3606,0.3618,8253.4
1714734000000.0,0.3614,0.3621,0.359,0.3621,27659.6
1714737600000.0,0.3618,0.3682,0.3612,0.3634,42211.1
1714741200000.0,0.3638,0.371,0.3634,0.371,12264.1
1714744800000.0,0.3706,0.378,0.3706,0.3764,27331.1
1714748400000.0,0.3768,0.3796,0.3704,0.3713,53108.8
1714752000000.0,0.3714,0.3739,0.3697,0.371,14361.4
1714755600000.0,0.3706,0.3741,0.3699,0.3699,17321.1
1714759200000.0,0.3699,0.3699,0.3669,0.3671,21990.3
1714762800000.0,0.3678,0.3689,0.367,0.3677,3038.3
1714766400000.0,0.3678,0.3688,0.3673,0.3678,8975.7
1714770000000.0,0.3676,0.3693,0.3667,0.3678,13256.8
1714773600000.0,0.3682,0.37,0.3678,0.3679,24736.5
1714777200000.0,0.3686,0.3699,0.367,0.367,1971.4
1714780800000.0,0.3668,0.3695,0.3666,0.3683,4406.3
1714784400000.0,0.3678,0.3694,0.367,0.3684,7073.9
1714788000000.0,0.3678,0.373,0.367,0.3726,7260.0
1714791600000.0,0.3734,0.3797,0.3722,0.3763,210461.0
1714795200000.0,0.3764,0.3771,0.367,0.3685,54655.3
1714798800000.0,0.3682,0.3705,0.3677,0.3694,23437.5
1714802400000.0,0.369,0.3717,0.3686,0.3694,16151.4
1714806000000.0,0.3698,0.3712,0.3669,0.3674,12081.8
1714809600000.0,0.3674,0.3698,0.3674,0.3688,2214.0
1714813200000.0,0.369,0.371,0.369,0.3699,8019.1
1714816800000.0,0.3701,0.372,0.3692,0.372,9952.2
1714820400000.0,0.3714,0.3714,0.369,0.3713,14023.0
1714824000000.0,0.3714,0.375,0.3714,0.375,13400.6
1714827600000.0,0.3746,0.375,0.3722,0.3746,7749.4
1714831200000.0,0.375,0.376,0.3738,0.375,15378.9
1714834800000.0,0.3754,0.3794,0.3754,0.3777,18290.7
1714838400000.0,0.3777,0.3846,0.3772,0.3839,56244.3
1714842000000.0,0.384,0.3841,0.3796,0.3816,34425.9
1714845600000.0,0.3821,0.383,0.3754,0.3764,8884.3
1714849200000.0,0.3766,0.3766,0.3735,0.3747,14842.0
1714852800000.0,0.3742,0.3755,0.3738,0.3755,7869.4
1714856400000.0,0.376,0.3776,0.3755,0.3764,6087.8
1714860000000.0,0.376,0.376,0.3742,0.3746,4064.8
1714863600000.0,0.375,0.3764,0.3739,0.3752,25373.0
1714867200000.0,0.376,0.3775,0.3729,0.3766,11679.5
1714870800000.0,0.3764,0.3764,0.3699,0.3714,29170.7
1714874400000.0,0.3718,0.373,0.3702,0.3702,6807.5
1714878000000.0,0.3706,0.375,0.3706,0.373,2439.5
1714881600000.0,0.3726,0.3726,0.3692,0.3706,3599.2
1714885200000.0,0.371,0.3721,0.3685,0.369,12483.7
1714888800000.0,0.3686,0.3748,0.3686,0.3738,4841.5
1714892400000.0,0.3742,0.3749,0.3714,0.3714,10016.9
1714896000000.0,0.3714,0.373,0.3702,0.3722,2277.2
1714899600000.0,0.3718,0.3722,0.3694,0.3718,8220.8
1714903200000.0,0.3714,0.3715,0.3704,0.3707,4646.0
1714906800000.0,0.3714,0.373,0.3708,0.3715,9712.3
1714910400000.0,0.3714,0.3722,0.3712,0.3714,1114.9
1714914000000.0,0.371,0.3729,0.3706,0.3728,8860.3
1714917600000.0,0.3722,0.3764,0.3714,0.3764,17136.6
1714921200000.0,0.376,0.376,0.3723,0.3723,14608.8
1714924800000.0,0.3729,0.3734,0.3714,0.3726,3858.0
1714928400000.0,0.373,0.3751,0.3726,0.373,3681.2
1714932000000.0,0.3726,0.3726,0.3706,0.3714,5603.2
1714935600000.0,0.3718,0.3718,0.3715,0.3716,1861.6
1714939200000.0,0.3714,0.3724,0.3707,0.3712,10092.8
1714942800000.0,0.3718,0.3765,0.3718,0.3755,51345.0
1714946400000.0,0.375,0.376,0.3726,0.373,15478.2
1714950000000.0,0.3734,0.3764,0.3734,0.3764,7747.5
1714953600000.0,0.3768,0.3782,0.376,0.378,8790.4
1714957200000.0,0.3779,0.3779,0.3755,0.376,40042.8
1714960800000.0,0.3764,0.3764,0.3752,0.3753,2478.4
1714964400000.0,0.3755,0.376,0.3752,0.3754,164683.3
1714968000000.0,0.3753,0.3759,0.3751,0.3759,9651.4
1714971600000.0,0.3753,0.376,0.3753,0.3759,89217.2
1714975200000.0,0.3758,0.3771,0.3756,0.3757,38205.7
1714978800000.0,0.3757,0.3768,0.3753,0.3765,31581.3
1714982400000.0,0.3764,0.3793,0.3757,0.3764,77284.3
1714986000000.0,0.3765,0.3785,0.3764,0.3785,9861.3
1714989600000.0,0.3782,0.3785,0.3716,0.3763,85339.7
1714993200000.0,0.3763,0.383,0.3763,0.3789,58268.7
1714996800000.0,0.3797,0.383,0.3757,0.3796,30726.3
1715000400000.0,0.3793,0.3804,0.3764,0.3793,86254.2
1715004000000.0,0.3792,0.3879,0.3773,0.3773,101604.3
1715007600000.0,0.3781,0.3781,0.3745,0.3754,38219.4
1715011200000.0,0.375,0.3764,0.3722,0.3734,6498.6
1715014800000.0,0.3738,0.3759,0.3726,0.3741,5513.5
1715018400000.0,0.3746,0.376,0.3734,0.376,2626.0
1715022000000.0,0.3755,0.3765,0.3731,0.375,5818.1
1715025600000.0,0.3754,0.3758,0.375,0.375,2031.5
1715029200000.0,0.3746,0.3751,0.3727,0.3734,25721.4
1715032800000.0,0.373,0.373,0.3714,0.3714,969.7
1715036400000.0,0.371,0.371,0.3674,0.3682,8918.8
1715040000000.0,0.3686,0.3698,0.3678,0.3689,1935.7
1715043600000.0,0.3686,0.3702,0.3682,0.3698,6773.2
1715047200000.0,0.3694,0.371,0.3687,0.3695,3597.1
1715050800000.0,0.3693,0.3694,0.3605,0.3626,15275.6
1715054400000.0,0.363,0.3644,0.3622,0.3622,4892.7
1715058000000.0,0.3618,0.3619,0.3596,0.3606,3730.1
1715061600000.0,0.3602,0.361,0.3598,0.3607,3101.3
1715065200000.0,0.361,0.3622,0.361,0.361,5378.9
1715068800000.0,0.3614,0.3661,0.3614,0.3658,12510.8
1715072400000.0,0.3654,0.3688,0.3654,0.3682,18567.4
1715076000000.0,0.3685,0.3765,0.3685,0.3695,32382.3
1715079600000.0,0.3702,0.3713,0.3666,0.3666,9191.5
1715083200000.0,0.3667,0.3698,0.3667,0.3698,6199.1
1715086800000.0,0.3702,0.3755,0.3698,0.3739,8057.0
1715090400000.0,0.3746,0.3746,0.371,0.3746,3661.3
1715094000000.0,0.3744,0.3744,0.3721,0.3734,4176.4
1715097600000.0,0.3738,0.376,0.3738,0.3752,9463.3
1715101200000.0,0.3755,0.3755,0.3722,0.3722,997.0
1715104800000.0,0.3718,0.3722,0.37,0.3722,17078.7
1715108400000.0,0.3721,0.3734,0.371,0.371,16216.7
1715112000000.0,0.3714,0.3726,0.3693,0.3702,5155.7
1715115600000.0,0.3706,0.3714,0.3677,0.3694,3272.2
1715119200000.0,0.3697,0.3697,0.3659,0.3666,3186.8
1715122800000.0,0.3663,0.3663,0.3622,0.3634,28172.3
1715126400000.0,0.3638,0.3645,0.3592,0.3638,46517.1
1715130000000.0,0.3638,0.3646,0.3618,0.3622,1397.3
1715133600000.0,0.3626,0.3651,0.3614,0.3651,4735.8
1715137200000.0,0.3647,0.3654,0.3626,0.3646,2300.2
1715140800000.0,0.3642,0.3653,0.3598,0.3605,6388.4
1715144400000.0,0.3602,0.3602,0.3582,0.3587,4979.8
1715148000000.0,0.3586,0.3604,0.3566,0.3598,11573.2
1715151600000.0,0.3598,0.361,0.3568,0.3581,12279.9
1715155200000.0,0.3574,0.3626,0.3574,0.3622,6103.3
1715158800000.0,0.3626,0.3638,0.3608,0.363,4577.5
1715162400000.0,0.3622,0.3638,0.3614,0.3614,1218.5
1715166000000.0,0.361,0.361,0.3576,0.359,8774.2
1715169600000.0,0.3586,0.3614,0.358,0.361,72250.8
1715173200000.0,0.3614,0.3686,0.361,0.3654,45628.6
1715176800000.0,0.3658,0.3683,0.3642,0.3683,47606.1
1715180400000.0,0.3686,0.3701,0.3662,0.3692,23632.6
1715184000000.0,0.3698,0.3711,0.3663,0.3694,22182.0
1715187600000.0,0.3698,0.3749,0.3698,0.3732,22633.5
1715191200000.0,0.3738,0.3805,0.3738,0.3762,43901.0
1715194800000.0,0.376,0.376,0.3718,0.3739,10454.0
1715198400000.0,0.3742,0.3755,0.3669,0.3684,14200.2
1715202000000.0,0.369,0.3704,0.3678,0.3701,7049.3
1715205600000.0,0.3701,0.3722,0.369,0.3718,8497.7
1715209200000.0,0.3717,0.3726,0.3705,0.3723,5459.9
1715212800000.0,0.3725,0.378,0.371,0.3742,22299.0
1715216400000.0,0.3746,0.3777,0.3742,0.3747,15991.0
1715220000000.0,0.3746,0.3768,0.3743,0.3743,5115.8
1715223600000.0,0.375,0.3805,0.375,0.377,64356.1
1715227200000.0,0.3775,0.3789,0.376,0.376,10245.3
1715230800000.0,0.3764,0.3768,0.3738,0.3764,29891.2
1715234400000.0,0.3767,0.3817,0.3767,0.3805,10538.7
1715238000000.0,0.3809,0.3826,0.3751,0.3764,30109.1
1715241600000.0,0.376,0.3772,0.3739,0.3772,21355.7
1715245200000.0,0.3777,0.3789,0.3746,0.3764,17524.1
1715248800000.0,0.3768,0.3772,0.3722,0.3722,2928.5
1715252400000.0,0.3723,0.3778,0.3711,0.3759,20944.9
1715256000000.0,0.3764,0.3792,0.3749,0.3755,65866.8
1715259600000.0,0.375,0.3782,0.3737,0.3763,55858.6
1715263200000.0,0.3764,0.3801,0.3743,0.3772,66990.0
1715266800000.0,0.3777,0.38,0.372,0.373,83570.2
1715270400000.0,0.373,0.3777,0.3726,0.377,4991.3
1715274000000.0,0.3775,0.3799,0.3742,0.3764,73670.2
1715277600000.0,0.3771,0.3793,0.3761,0.3768,9173.5
1715281200000.0,0.3764,0.3781,0.3764,0.3781,2256.0
1715284800000.0,0.3782,0.3788,0.3772,0.3772,8939.3
1715288400000.0,0.3777,0.3787,0.376,0.3768,24288.1
1715292000000.0,0.3773,0.3794,0.3763,0.3772,5728.5
1715295600000.0,0.3768,0.377,0.3728,0.3738,11759.1
1715299200000.0,0.3733,0.375,0.372,0.373,3933.7
1715302800000.0,0.3734,0.3755,0.3734,0.3755,3225.3
1715306400000.0,0.375,0.3764,0.3738,0.3739,2387.1
1715310000000.0,0.3742,0.3742,0.373,0.373,386.7
1715313600000.0,0.373,0.3738,0.373,0.3734,614.9
1715317200000.0,0.3738,0.375,0.3732,0.3748,5525.1
1715320800000.0,0.3755,0.376,0.3746,0.3756,1612.6
1715324400000.0,0.3752,0.3762,0.3727,0.3734,40942.2
1715328000000.0,0.3738,0.3746,0.3725,0.3736,10016.2
1715331600000.0,0.373,0.3738,0.3718,0.372,1008.0
1715335200000.0,0.3726,0.3748,0.3726,0.3738,21858.8
1715338800000.0,0.3738,0.3746,0.3733,0.3741,7534.4
1715342400000.0,0.3735,0.3735,0.3715,0.3722,1057.0
1715346000000.0,0.3718,0.3722,0.3696,0.3704,14307.3
1715349600000.0,0.3699,0.3699,0.3583,0.3602,33984.7
1715353200000.0,0.3598,0.361,0.3578,0.3598,11135.8
1715356800000.0,0.3594,0.3594,0.3536,0.3552,17474.9
1715360400000.0,0.3548,0.3548,0.3515,0.3518,60410.4
1715364000000.0,0.3516,0.3549,0.3512,0.354,36240.8
1715367600000.0,0.3544,0.3547,0.3532,0.3544,2339.2
1715371200000.0,0.3548,0.3552,0.3532,0.3538,4062.6
1715374800000.0,0.3536,0.3556,0.3536,0.3552,3301.9
1715378400000.0,0.3555,0.357,0.3552,0.3562,7268.4
1715382000000.0,0.3566,0.3591,0.3566,0.3591,1337.0
1715385600000.0,0.3593,0.3694,0.3593,0.368,46435.4
1715389200000.0,0.3682,0.3764,0.3682,0.3698,36811.2
1715392800000.0,0.3702,0.371,0.3663,0.3698,8141.6
1715396400000.0,0.3702,0.3772,0.369,0.3732,24866.8
1715400000000.0,0.3734,0.3755,0.3699,0.3702,15009.4
1715403600000.0,0.3706,0.3722,0.3684,0.3702,9824.6
1715407200000.0,0.3706,0.3712,0.3685,0.3711,9669.5
1715410800000.0,0.3706,0.3766,0.3706,0.3746,12435.5
1715414400000.0,0.375,0.3756,0.3714,0.3733,23465.8
1715418000000.0,0.3726,0.3738,0.3702,0.3734,12041.2
1715421600000.0,0.373,0.3748,0.3717,0.3741,25728.8
1715425200000.0,0.3734,0.3734,0.369,0.371,16528.6
1715428800000.0,0.3714,0.373,0.3694,0.373,15955.0
1715432400000.0,0.3726,0.3776,0.3721,0.377,21197.5
1715436000000.0,0.3769,0.3795,0.3745,0.3749,41512.1
1715439600000.0,0.375,0.375,0.3642,0.3652,55730.4
1715443200000.0,0.365,0.3657,0.3622,0.363,16117.5
1715446800000.0,0.3626,0.3665,0.3626,0.3656,4058.5
1715450400000.0,0.3662,0.3701,0.3662,0.3674,10203.7
1715454000000.0,0.3674,0.3698,0.3674,0.369,11334.7
1715457600000.0,0.3686,0.3702,0.3686,0.3696,3471.8
1715461200000.0,0.369,0.3705,0.369,0.369,1354.1
1715464800000.0,0.3686,0.369,0.3666,0.3666,12445.0
1715468400000.0,0.367,0.3686,0.3666,0.3667,2017.2
1715472000000.0,0.367,0.3738,0.367,0.371,8755.0
1715475600000.0,0.3714,0.38,0.3708,0.3725,78039.6
1715479200000.0,0.3718,0.3742,0.368,0.3714,35291.8
1715482800000.0,0.3718,0.3739,0.3714,0.3734,13349.8
1715486400000.0,0.373,0.373,0.3714,0.3714,537.4
1715490000000.0,0.371,0.3718,0.3702,0.3707,1566.2
1715493600000.0,0.3702,0.3718,0.3697,0.3718,5385.3
1715497200000.0,0.3714,0.3714,0.3692,0.3694,7390.9
1715500800000.0,0.3698,0.3702,0.3682,0.3686,1062.3
1715504400000.0,0.3682,0.3686,0.3669,0.3674,2352.2
1715508000000.0,0.3678,0.3688,0.3674,0.3674,9574.2
1715511600000.0,0.367,0.3677,0.3667,0.3667,5917.3
1715515200000.0,0.3666,0.3701,0.3654,0.3701,3383.8
1715518800000.0,0.3701,0.3817,0.3695,0.3803,76116.1
1715522400000.0,0.3812,0.385,0.375,0.3793,136391.1
1715526000000.0,0.3797,0.3859,0.3755,0.3763,130557.6
1715529600000.0,0.3764,0.3798,0.3755,0.3788,8921.7
1715533200000.0,0.379,0.3809,0.3772,0.3797,33000.9
1715536800000.0,0.3797,0.3821,0.3789,0.3803,61885.5
1715540400000.0,0.3801,0.3805,0.3769,0.3775,16859.2
1715544000000.0,0.3768,0.3785,0.3764,0.3772,4315.5
1715547600000.0,0.3768,0.3771,0.3739,0.3764,9994.8
1715551200000.0,0.3763,0.3768,0.3737,0.3737,7890.1
1715554800000.0,0.374,0.3742,0.3733,0.3739,1290.7
1715558400000.0,0.3739,0.3777,0.3739,0.3765,2133.3
1715562000000.0,0.3772,0.378,0.3726,0.3742,19582.4
1715565600000.0,0.3738,0.3742,0.3657,0.3661,40693.7
1715569200000.0,0.3661,0.367,0.3639,0.365,12228.2
1715572800000.0,0.3646,0.3646,0.3534,0.357,68280.5
1715576400000.0,0.3566,0.3575,0.3544,0.3559,12881.5
1715580000000.0,0.3562,0.3602,0.3562,0.3594,9260.4
1715583600000.0,0.3598,0.3602,0.3571,0.3577,6779.6
1715587200000.0,0.3574,0.3594,0.3559,0.357,15490.4
1715590800000.0,0.3566,0.3582,0.3562,0.3566,49472.3
1715594400000.0,0.3566,0.3566,0.3506,0.3512,75092.7
1715598000000.0,0.3508,0.3609,0.3501,0.357,131365.1
1715601600000.0,0.357,0.3624,0.356,0.3574,78556.5
1715605200000.0,0.3578,0.3652,0.3557,0.3646,89275.3
1715608800000.0,0.365,0.3747,0.365,0.3745,76902.5
1715612400000.0,0.375,0.3801,0.375,0.3793,79916.1
1715616000000.0,0.3797,0.3826,0.3772,0.3825,50624.6
1715619600000.0,0.3827,0.3835,0.3722,0.3723,23827.0
1715623200000.0,0.372,0.372,0.3683,0.3694,34301.7
1715626800000.0,0.3698,0.3745,0.3698,0.3718,3684.6
1715630400000.0,0.3722,0.3755,0.3721,0.3748,6256.3
1715634000000.0,0.375,0.378,0.375,0.3755,13673.2
1715637600000.0,0.376,0.3777,0.3748,0.3759,4399.8
1715641200000.0,0.3756,0.3764,0.3722,0.3722,3208.3
1715644800000.0,0.3718,0.3751,0.3714,0.3746,15036.9
1715648400000.0,0.3742,0.3773,0.3738,0.3746,27306.3
1715652000000.0,0.375,0.375,0.3721,0.3722,12086.9
1715655600000.0,0.3723,0.3772,0.3723,0.3749,12185.4
1715659200000.0,0.3753,0.3773,0.3753,0.3773,17489.0
1715662800000.0,0.3777,0.3836,0.3777,0.3817,13202.9
1715666400000.0,0.3813,0.3813,0.375,0.3772,14577.9
1715670000000.0,0.3774,0.3774,0.3728,0.3755,12008.5
1715673600000.0,0.375,0.38,0.3746,0.3777,37279.1
1715677200000.0,0.3772,0.3777,0.3741,0.377,22536.6
1715680800000.0,0.3768,0.3794,0.3759,0.379,34088.6
1715684400000.0,0.3791,0.3803,0.3775,0.3775,25502.4
1715688000000.0,0.3772,0.3797,0.373,0.373,55520.6
1715691600000.0,0.3729,0.3729,0.366,0.3674,133797.0
1715695200000.0,0.367,0.371,0.363,0.3674,26547.1
1715698800000.0,0.367,0.3761,0.367,0.375,18854.2
1715702400000.0,0.3746,0.3778,0.3732,0.3755,39443.1
1715706000000.0,0.3759,0.3785,0.3737,0.3746,14142.5
1715709600000.0,0.3743,0.3808,0.3743,0.3791,30729.0
1715713200000.0,0.3793,0.3818,0.3787,0.3797,15449.1
1715716800000.0,0.3793,0.3805,0.3778,0.3793,10956.4
1715720400000.0,0.3791,0.3821,0.3786,0.3807,10620.5
1715724000000.0,0.3809,0.3813,0.3787,0.3789,4400.0
1715727600000.0,0.3789,0.3789,0.3692,0.371,60233.8
1715731200000.0,0.3714,0.3779,0.3714,0.3746,26123.3
1715734800000.0,0.375,0.3781,0.373,0.373,23436.5
1715738400000.0,0.3726,0.378,0.3701,0.3767,8909.9
1715742000000.0,0.3772,0.3795,0.3718,0.3731,8901.6
1715745600000.0,0.3734,0.3776,0.3731,0.3757,15028.8
1715749200000.0,0.3764,0.3781,0.3764,0.3768,2357.8
1715752800000.0,0.3772,0.3772,0.3742,0.3749,3284.5
1715756400000.0,0.375,0.3755,0.371,0.371,3972.6
1715760000000.0,0.3714,0.3763,0.3714,0.3742,4402.4
1715763600000.0,0.3746,0.3752,0.3714,0.3726,8566.2
1715767200000.0,0.373,0.3764,0.3726,0.3757,15302.0
1715770800000.0,0.376,0.3778,0.3747,0.3778,6796.6
1715774400000.0,0.3772,0.3817,0.3729,0.375,51105.5
1715778000000.0,0.3746,0.3772,0.3717,0.3723,28240.4
1715781600000.0,0.3719,0.3742,0.3697,0.373,7445.9
1715785200000.0,0.373,0.377,0.3723,0.375,48102.5
1715788800000.0,0.3755,0.3794,0.372,0.3725,18152.9
1715792400000.0,0.3721,0.3745,0.3714,0.3716,15146.3
1715796000000.0,0.372,0.3722,0.3702,0.3718,22384.3
1715799600000.0,0.3714,0.3734,0.3706,0.3732,17034.2
1715803200000.0,0.373,0.373,0.3693,0.3698,10217.1
1715806800000.0,0.3696,0.3726,0.3694,0.3725,29734.4
1715810400000.0,0.3726,0.373,0.3716,0.3724,14258.6
1715814000000.0,0.3726,0.3733,0.3723,0.3733,83213.3
1715817600000.0,0.3732,0.3789,0.3732,0.376,32120.4
1715821200000.0,0.3757,0.3777,0.3755,0.377,16112.8
1715824800000.0,0.3777,0.3798,0.3776,0.3793,57007.1
1715828400000.0,0.3789,0.3789,0.3739,0.3741,10724.3
1715832000000.0,0.3742,0.375,0.3732,0.3742,33435.3
1715835600000.0,0.3738,0.3748,0.3732,0.3747,14661.8
1715839200000.0,0.3742,0.3772,0.3742,0.3758,7393.5
1715842800000.0,0.376,0.3822,0.376,0.3808,195238.4
1715846400000.0,0.3813,0.3917,0.3813,0.3886,66843.7
1715850000000.0,0.3894,0.3907,0.3812,0.3835,52751.1
1715853600000.0,0.3825,0.3825,0.3742,0.3746,17808.2
1715857200000.0,0.3742,0.3755,0.3724,0.3755,26394.8
1715860800000.0,0.375,0.375,0.3655,0.3662,156697.6
1715864400000.0,0.3666,0.3666,0.3613,0.364,83939.0
1715868000000.0,0.3638,0.3638,0.3526,0.3536,43126.4
1715871600000.0,0.354,0.3587,0.3515,0.357,33695.9
1715875200000.0,0.3566,0.3578,0.3544,0.356,156093.3
1715878800000.0,0.3562,0.3573,0.3529,0.3562,107152.2
1715882400000.0,0.3562,0.3605,0.3562,0.3605,7250.5
1715886000000.0,0.3598,0.3605,0.3582,0.3586,22506.8
1715889600000.0,0.3582,0.3582,0.3544,0.3555,21875.9
1715893200000.0,0.3559,0.3581,0.3559,0.3574,13464.1
1715896800000.0,0.357,0.357,0.355,0.3556,63909.6
1715900400000.0,0.3555,0.3589,0.3555,0.3582,5110.1
1715904000000.0,0.3578,0.3598,0.3566,0.3598,7172.5
1715907600000.0,0.36,0.3601,0.3561,0.3574,6662.8
1715911200000.0,0.3578,0.3578,0.3556,0.3556,1269.0
1715914800000.0,0.3555,0.3569,0.3549,0.3551,15408.9
1715918400000.0,0.3551,0.3563,0.3534,0.3538,7496.4
1715922000000.0,0.3538,0.3548,0.3538,0.354,444.1
1715925600000.0,0.3536,0.357,0.3533,0.3566,1669.8
1715929200000.0,0.3563,0.3626,0.3561,0.3602,39657.4
1715932800000.0,0.3598,0.3608,0.356,0.3572,37756.4
1715936400000.0,0.3567,0.3578,0.3562,0.3569,9679.9
1715940000000.0,0.3569,0.359,0.3562,0.359,15637.5
1715943600000.0,0.3594,0.361,0.3594,0.3602,19458.0
1715947200000.0,0.3598,0.3625,0.359,0.3625,1389.3
1715950800000.0,0.3618,0.3618,0.3586,0.3586,15424.8
1715954400000.0,0.359,0.3622,0.359,0.3614,4314.7
1715958000000.0,0.361,0.3654,0.3602,0.3643,25814.4
1715961600000.0,0.3646,0.3657,0.3628,0.3628,27936.9
1715965200000.0,0.3626,0.3658,0.3626,0.3643,17083.0
1715968800000.0,0.3646,0.3668,0.3638,0.3668,6378.1
1715972400000.0,0.3662,0.3667,0.365,0.3654,17940.7
1715976000000.0,0.3657,0.3657,0.3637,0.3647,153413.7
1715979600000.0,0.3642,0.3649,0.3632,0.3632,9995.5
1715983200000.0,0.363,0.3652,0.3626,0.365,20164.7
1715986800000.0,0.3652,0.3656,0.3629,0.3634,6520.4
1715990400000.0,0.363,0.3642,0.3607,0.3622,7321.3
1715994000000.0,0.3618,0.3626,0.3612,0.3626,2509.9
1715997600000.0,0.3622,0.3622,0.3596,0.361,4624.9
1716001200000.0,0.3612,0.3622,0.3598,0.3619,6908.4
1716004800000.0,0.3626,0.363,0.3606,0.3614,1906.5
1716008400000.0,0.361,0.3614,0.3604,0.3604,1888.5
1716012000000.0,0.3602,0.3602,0.3585,0.3598,14410.9
1716015600000.0,0.3601,0.3647,0.3599,0.363,67828.2
1716019200000.0,0.3634,0.368,0.3626,0.3658,22261.9
1716022800000.0,0.3659,0.37,0.3644,0.3652,116188.7
1716026400000.0,0.365,0.3652,0.3625,0.3642,8988.5
1716030000000.0,0.3646,0.3662,0.3645,0.3662,5146.3
1716033600000.0,0.3666,0.3696,0.3664,0.3672,7856.5
1716037200000.0,0.3674,0.3689,0.344,0.3508,578215.2
1716040800000.0,0.3504,0.3504,0.3342,0.3352,195032.2
1716044400000.0,0.335,0.3392,0.3235,0.3238,508546.7
1716048000000.0,0.3233,0.3233,0.3172,0.3223,522224.5
1716051600000.0,0.3218,0.3313,0.3204,0.3281,981633.0
1716055200000.0,0.3276,0.3355,0.3262,0.3335,318964.9
1716058800000.0,0.3335,0.3344,0.3294,0.3329,187098.2
1716062400000.0,0.333,0.3341,0.3293,0.3328,127432.1
1716066000000.0,0.3329,0.3359,0.3314,0.3342,264249.8
1716069600000.0,0.3339,0.3353,0.3295,0.3313,170025.5
1716073200000.0,0.3311,0.3345,0.3259,0.327,161889.0
1716076800000.0,0.3266,0.3266,0.3195,0.322,388554.3
1716080400000.0,0.3211,0.3216,0.3191,0.3194,166017.1
1716084000000.0,0.3198,0.3232,0.3171,0.3203,269048.9
1716087600000.0,0.3204,0.3215,0.3187,0.3191,170743.8
1716091200000.0,0.3189,0.3212,0.3149,0.3201,208651.4
1716094800000.0,0.3194,0.3214,0.313,0.3138,139768.1
1716098400000.0,0.3138,0.3147,0.3105,0.3138,370549.9
1716102000000.0,0.3135,0.3147,0.3103,0.3119,390713.4
1716105600000.0,0.312,0.3164,0.31,0.3118,508873.6
1716109200000.0,0.3114,0.3118,0.3001,0.3086,819239.8
1716112800000.0,0.3083,0.31,0.3066,0.3081,167562.7
1716116400000.0,0.3076,0.3093,0.3056,0.3083,151938.3
1716120000000.0,0.3084,0.3084,0.3023,0.3041,206437.3
1716123600000.0,0.3038,0.308,0.3024,0.3069,269327.8
1716127200000.0,0.3063,0.3152,0.3034,0.3041,682036.6
1716130800000.0,0.3041,0.3042,0.285,0.2918,1468359.1
1716134400000.0,0.2915,0.2919,0.275,0.2819,1210996.6
1716138000000.0,0.2817,0.2837,0.2782,0.2816,375208.5
1716141600000.0,0.2817,0.2893,0.2801,0.2848,509556.3
1716145200000.0,0.2843,0.2866,0.283,0.2847,228943.0
1716148800000.0,0.2848,0.2877,0.284,0.2853,256179.7
1716152400000.0,0.2855,0.287,0.2836,0.2842,441242.5
1716156000000.0,0.284,0.2852,0.2823,0.2841,253929.5
1716159600000.0,0.2841,0.2855,0.2836,0.2855,163453.5
1716163200000.0,0.2849,0.2853,0.2805,0.2813,568543.3
1716166800000.0,0.281,0.2833,0.2724,0.276,406939.2
1716170400000.0,0.2761,0.28,0.2738,0.2798,501549.0
1716174000000.0,0.2801,0.2837,0.2758,0.2771,418358.0
1716177600000.0,0.2768,0.2819,0.2755,0.2795,228146.7
1716181200000.0,0.2794,0.283,0.2786,0.2826,161230.8
1716184800000.0,0.2824,0.2824,0.2733,0.2747,297697.0
1716188400000.0,0.2744,0.278,0.2744,0.2773,89820.2
1716192000000.0,0.2771,0.2809,0.2769,0.2799,143443.3
1716195600000.0,0.2799,0.281,0.2786,0.2789,67537.8
1716199200000.0,0.2786,0.2826,0.2784,0.2801,118471.8
1716202800000.0,0.2798,0.281,0.2774,0.2791,171384.9
1716206400000.0,0.2789,0.2807,0.2776,0.2787,68801.0
1716210000000.0,0.2791,0.2819,0.2782,0.2819,144995.2
1716213600000.0,0.2819,0.2841,0.278,0.2797,239137.5
1716217200000.0,0.2801,0.281,0.2793,0.2804,134304.7
1716220800000.0,0.28,0.2828,0.2781,0.281,103181.0
1716224400000.0,0.2809,0.283,0.2788,0.2825,131430.5
1716228000000.0,0.2822,0.2875,0.2809,0.2852,430156.0
1716231600000.0,0.2849,0.2907,0.2834,0.2897,279200.6
1716235200000.0,0.2899,0.2935,0.2862,0.2891,505775.3
1716238800000.0,0.2894,0.2942,0.2894,0.294,262560.7
1716242400000.0,0.2943,0.2963,0.2926,0.2945,358529.4
1716246000000.0,0.2946,0.2957,0.2906,0.2942,717872.4
1716249600000.0,0.2935,0.3012,0.2935,0.3002,798575.2
1716253200000.0,0.3005,0.3038,0.2987,0.3034,404237.2
1716256800000.0,0.3036,0.307,0.2992,0.301,621760.6
1716260400000.0,0.3015,0.3029,0.2983,0.2993,123400.7
1716264000000.0,0.2999,0.305,0.2989,0.299,195908.3
1716267600000.0,0.2993,0.3023,0.2985,0.3014,85288.0
1716271200000.0,0.3024,0.3032,0.2999,0.3013,299311.1
1716274800000.0,0.3015,0.3033,0.2988,0.3003,88300.6
1716278400000.0,0.301,0.3028,0.3009,0.3028,67801.7
1716282000000.0,0.3031,0.3054,0.3028,0.3053,33763.6
1716285600000.0,0.3056,0.3072,0.301,0.3022,63192.2
1716289200000.0,0.3025,0.3028,0.2952,0.2973,409791.4
1716292800000.0,0.2971,0.3022,0.2965,0.3004,192806.6
1716296400000.0,0.3006,0.3037,0.3002,0.3025,118049.0
1716300000000.0,0.3028,0.3041,0.302,0.3038,236544.0
1716303600000.0,0.3039,0.3059,0.2981,0.2993,150531.7
1716307200000.0,0.2996,0.3045,0.299,0.3032,158575.9
1716310800000.0,0.3037,0.3048,0.3025,0.304,105466.8
1716314400000.0,0.3045,0.3053,0.3008,0.3023,186352.2
1716318000000.0,0.3025,0.3026,0.298,0.3,374481.1
1716321600000.0,0.3,0.3031,0.3,0.3029,69734.1
1716325200000.0,0.3031,0.3034,0.2999,0.302,80505.8
1716328800000.0,0.3021,0.3034,0.3018,0.3028,114708.2
1716332400000.0,0.3025,0.3025,0.3009,0.3018,63139.9
1716336000000.0,0.3018,0.3031,0.3,0.3003,40870.8
1716339600000.0,0.3004,0.3008,0.298,0.2999,66128.0
1716343200000.0,0.3,0.3006,0.2956,0.2966,135057.2
1716346800000.0,0.2968,0.2985,0.295,0.2985,49719.3
1716350400000.0,0.2981,0.299,0.2908,0.2938,95633.0
1716354000000.0,0.2939,0.2957,0.2922,0.2957,57431.9
1716357600000.0,0.2952,0.2995,0.2951,0.299,49779.4
1716361200000.0,0.2996,0.3,0.2971,0.2984,13825.1
1716364800000.0,0.2986,0.3007,0.296,0.2997,30488.6
1716368400000.0,0.3002,0.3004,0.2974,0.2981,48041.7
1716372000000.0,0.2977,0.2987,0.2916,0.2918,86070.5
1716375600000.0,0.2922,0.2939,0.285,0.2866,290864.1
1716379200000.0,0.287,0.2877,0.2803,0.2813,202144.3
1716382800000.0,0.2816,0.2876,0.2787,0.2807,405109.5
1716386400000.0,0.2801,0.2848,0.2789,0.2841,290169.3
1716390000000.0,0.2842,0.2894,0.2826,0.289,117502.4
1716393600000.0,0.2887,0.2916,0.2871,0.2909,102224.8
1716397200000.0,0.2912,0.2926,0.2885,0.2891,47485.3
1716400800000.0,0.2894,0.2899,0.2844,0.2867,60276.9
1716404400000.0,0.2868,0.2876,0.2844,0.2855,48013.8
1716408000000.0,0.2858,0.2881,0.2831,0.2845,119704.6
1716411600000.0,0.2844,0.2866,0.2815,0.2862,88582.7
1716415200000.0,0.2858,0.2858,0.2819,0.2828,105411.3
1716418800000.0,0.2828,0.284,0.2822,0.2838,48323.0
1716422400000.0,0.2842,0.286,0.284,0.285,104036.7
1716426000000.0,0.2846,0.2864,0.2825,0.2862,101003.7
1716429600000.0,0.2864,0.287,0.2849,0.2866,53527.9
1716433200000.0,0.287,0.2903,0.287,0.2897,58403.5
1716436800000.0,0.29,0.2901,0.2863,0.2864,171844.1
1716440400000.0,0.2867,0.2871,0.2861,0.2864,28633.5
1716444000000.0,0.2866,0.2875,0.2861,0.2867,123055.9
1716447600000.0,0.2864,0.2891,0.2845,0.2863,230962.7
1716451200000.0,0.2861,0.2861,0.2835,0.2845,233526.7
1716454800000.0,0.2842,0.2857,0.2832,0.2832,65315.9
1716458400000.0,0.2837,0.2849,0.2829,0.2836,41421.1
1716462000000.0,0.284,0.2877,0.284,0.2876,20665.7
1716465600000.0,0.2876,0.2889,0.2793,0.2808,238252.6
1716469200000.0,0.281,0.284,0.2633,0.2712,262099.3
1716472800000.0,0.2711,0.2734,0.2678,0.268,149963.9
1716476400000.0,0.2682,0.272,0.2656,0.2697,120668.1
1716480000000.0,0.2699,0.2714,0.2638,0.2694,384454.1
1716483600000.0,0.2693,0.2701,0.2663,0.2668,143673.0
1716487200000.0,0.2668,0.2676,0.2628,0.2668,433088.5
1716490800000.0,0.2673,0.2681,0.2658,0.2662,70129.1
1716494400000.0,0.2658,0.2658,0.2541,0.2641,357603.4
1716498000000.0,0.2642,0.2693,0.2636,0.2684,243519.6
1716501600000.0,0.2684,0.2698,0.2652,0.2673,121230.1
1716505200000.0,0.2674,0.2678,0.2657,0.2676,30087.0
1716508800000.0,0.2673,0.2682,0.2658,0.2679,80376.7
1716512400000.0,0.2682,0.2704,0.2675,0.2704,14261.6
1716516000000.0,0.2705,0.2716,0.2693,0.2712,136145.2
1716519600000.0,0.2712,0.272,0.2695,0.2705,104484.1
1716523200000.0,0.2708,0.2708,0.2677,0.2679,42812.6
1716526800000.0,0.2677,0.2685,0.2652,0.2661,101114.5
1716530400000.0,0.2658,0.2671,0.2621,0.2621,54036.5
1716534000000.0,0.2621,0.263,0.2588,0.2603,84896.9
1716537600000.0,0.26,0.26,0.256,0.2589,63001.2
1716541200000.0,0.2586,0.2589,0.2567,0.257,46617.0
1716544800000.0,0.2567,0.2586,0.256,0.256,40893.9
1716548400000.0,0.2563,0.2579,0.2558,0.2563,117370.3
1716552000000.0,0.2561,0.2586,0.2556,0.2556,227833.9
1716555600000.0,0.2556,0.2591,0.2542,0.2552,292074.6
1716559200000.0,0.2555,0.2595,0.254,0.258,186286.1
1716562800000.0,0.2581,0.2603,0.2562,0.2573,120836.7
1716566400000.0,0.2567,0.2567,0.2543,0.2552,41192.8
1716570000000.0,0.2549,0.2582,0.2549,0.2579,70796.6
1716573600000.0,0.2582,0.2609,0.2579,0.2585,73519.6
1716577200000.0,0.2585,0.2589,0.257,0.2582,31936.4
1716580800000.0,0.2581,0.2602,0.2573,0.2597,14732.1
1716584400000.0,0.26,0.2711,0.2587,0.2636,310257.6
1716588000000.0,0.2638,0.2655,0.2633,0.2633,57458.5
1716591600000.0,0.2636,0.2668,0.2636,0.2665,167939.1
1716595200000.0,0.2667,0.2696,0.2667,0.2683,97739.9
1716598800000.0,0.268,0.2709,0.2656,0.2673,87762.6
1716602400000.0,0.2676,0.2679,0.2645,0.2655,35017.3
1716606000000.0,0.2652,0.2656,0.2638,0.2656,14103.0
1716609600000.0,0.2655,0.2689,0.2655,0.268,198688.3
1716613200000.0,0.2678,0.2688,0.267,0.2676,71236.3
1716616800000.0,0.2676,0.2676,0.2653,0.2659,13836.6
1716620400000.0,0.2658,0.2677,0.2658,0.2676,62132.8
1716624000000.0,0.2679,0.2694,0.2674,0.2682,14478.6
1716627600000.0,0.2685,0.2694,0.2675,0.2692,51193.0
1716631200000.0,0.269,0.2702,0.2676,0.2693,15249.2
1716634800000.0,0.2692,0.2699,0.2676,0.2699,38419.8
1716638400000.0,0.2702,0.271,0.2655,0.2679,104596.5
1716642000000.0,0.2676,0.2685,0.2646,0.2658,47199.2
1716645600000.0,0.266,0.266,0.2629,0.2652,54706.6
1716649200000.0,0.2655,0.2673,0.2652,0.267,54412.9
1716652800000.0,0.2673,0.2678,0.2667,0.2673,19946.9
1716656400000.0,0.2675,0.2686,0.2669,0.2676,61310.7
1716660000000.0,0.2674,0.2684,0.267,0.2681,19382.4
1716663600000.0,0.2682,0.2698,0.2682,0.2688,43730.7
1716667200000.0,0.2691,0.2695,0.267,0.2676,45653.0
1716670800000.0,0.2676,0.2685,0.2673,0.2675,31954.7
1716674400000.0,0.2679,0.2679,0.2658,0.2672,169004.9
1716678000000.0,0.2671,0.2684,0.2671,0.2684,16510.6
1716681600000.0,0.2679,0.2685,0.2672,0.2679,8261.9
1716685200000.0,0.2679,0.2688,0.2665,0.2667,27342.6
1716688800000.0,0.267,0.267,0.2634,0.2644,53455.5
1716692400000.0,0.2648,0.266,0.2633,0.2655,34215.2
1716696000000.0,0.2652,0.2652,0.2627,0.2633,31603.4
1716699600000.0,0.2634,0.2658,0.2624,0.2649,70311.0
1716703200000.0,0.2652,0.2657,0.2649,0.2654,23409.0
1716706800000.0,0.2652,0.2658,0.2643,0.2647,10339.0
1716710400000.0,0.2652,0.2666,0.2449,0.2521,719770.2
1716714000000.0,0.2514,0.2519,0.2469,0.2494,838855.3
1716717600000.0,0.2493,0.2519,0.2482,0.2504,261809.4
1716721200000.0,0.2502,0.2527,0.2492,0.2511,224927.7
1716724800000.0,0.251,0.2522,0.2475,0.2505,550096.5
1716728400000.0,0.2504,0.2517,0.2491,0.2496,178245.5
1716732000000.0,0.2498,0.2514,0.2486,0.2511,61195.6
1716735600000.0,0.2509,0.2537,0.2494,0.2504,230231.9
1716739200000.0,0.2501,0.2515,0.2483,0.2493,203819.9
1716742800000.0,0.249,0.252,0.2478,0.2508,160613.5
1716746400000.0,0.2507,0.2518,0.2496,0.2514,108466.2
1716750000000.0,0.2517,0.2535,0.2517,0.2528,134647.3
1716753600000.0,0.2526,0.2526,0.2501,0.2503,94224.8
1716757200000.0,0.2502,0.252,0.2482,0.252,188984.7
1716760800000.0,0.252,0.2536,0.2503,0.2514,166752.8
1716764400000.0,0.2517,0.2517,0.2505,0.2509,27339.9
1716768000000.0,0.251,0.2537,0.2506,0.2532,56425.8
1716771600000.0,0.2533,0.2547,0.2513,0.2542,143169.0
1716775200000.0,0.2538,0.2561,0.2525,0.2555,68007.2
1716778800000.0,0.2558,0.2567,0.2542,0.2542,101243.7
1716782400000.0,0.2546,0.2577,0.2546,0.2568,29767.1
1716786000000.0,0.2564,0.2574,0.2552,0.2561,68444.4
1716789600000.0,0.2559,0.257,0.2545,0.2545,33251.5
1716793200000.0,0.2549,0.2561,0.2531,0.254,49423.1
1716796800000.0,0.254,0.2574,0.254,0.2573,36398.7
1716800400000.0,0.257,0.2617,0.2567,0.26,220245.2
1716804000000.0,0.2601,0.2631,0.2596,0.2602,87602.0
1716807600000.0,0.2603,0.2614,0.2586,0.2596,40470.6
1716811200000.0,0.2597,0.2636,0.2597,0.2615,99817.6
1716814800000.0,0.2618,0.2636,0.2613,0.2627,61868.4
1716818400000.0,0.263,0.2651,0.2615,0.2633,75915.7
1716822000000.0,0.2633,0.2694,0.2633,0.2679,238970.1
1716825600000.0,0.2682,0.2728,0.2681,0.2712,276691.7
1716829200000.0,0.2714,0.2726,0.2666,0.2682,164146.3
1716832800000.0,0.2685,0.2691,0.2658,0.2659,80426.5
1716836400000.0,0.2658,0.2659,0.261,0.2628,140149.1
1716840000000.0,0.2631,0.2654,0.2631,0.2654,151809.7
1716843600000.0,0.2654,0.266,0.2639,0.2655,27627.8
1716847200000.0,0.2652,0.2652,0.2634,0.2637,30788.5
1716850800000.0,0.2636,0.2641,0.2612,0.2624,74815.5
1716854400000.0,0.2623,0.2631,0.2595,0.2604,44339.0
1716858000000.0,0.2604,0.2638,0.257,0.2573,109598.4
1716861600000.0,0.2576,0.2603,0.2553,0.2579,159943.4
1716865200000.0,0.2582,0.2586,0.2538,0.2558,73370.3
1716868800000.0,0.2561,0.2568,0.2507,0.2536,125806.3
1716872400000.0,0.2536,0.2554,0.2523,0.2546,47698.5
1716876000000.0,0.2543,0.2557,0.2536,0.2551,39352.7
1716879600000.0,0.2546,0.2568,0.2538,0.2567,19659.5
1716883200000.0,0.2567,0.2618,0.2566,0.2578,187066.5
1716886800000.0,0.2573,0.2599,0.2568,0.2591,17151.1
1716890400000.0,0.2594,0.2621,0.2594,0.2618,87050.6
1716894000000.0,0.2621,0.2637,0.2606,0.2612,58342.4
1716897600000.0,0.2613,0.2621,0.259,0.2612,79984.7
1716901200000.0,0.2615,0.2623,0.2587,0.2605,416529.6
1716904800000.0,0.2606,0.2635,0.2603,0.2615,64125.9
1716908400000.0,0.2618,0.2631,0.2609,0.263,44687.5
1716912000000.0,0.2633,0.2636,0.2603,0.2613,52962.3
1716915600000.0,0.2613,0.264,0.2609,0.2623,146070.1
1716919200000.0,0.2624,0.2635,0.2586,0.2612,65554.2
1716922800000.0,0.2615,0.2637,0.2615,0.2636,18022.9
1716926400000.0,0.2638,0.2652,0.2634,0.2635,51805.1
1716930000000.0,0.2633,0.2638,0.2625,0.263,7707.2
1716933600000.0,0.2628,0.2636,0.2622,0.2622,6101.6
1716937200000.0,0.2623,0.2636,0.2612,0.2627,28284.1
1716940800000.0,0.2626,0.2663,0.2626,0.2638,149876.1
1716944400000.0,0.2641,0.2647,0.2624,0.2626,38863.6
1716948000000.0,0.263,0.2643,0.2599,0.2643,148444.0
1716951600000.0,0.2641,0.2659,0.264,0.2655,25842.8
1716955200000.0,0.2658,0.2667,0.2652,0.266,12446.5
1716958800000.0,0.2658,0.2669,0.2647,0.2652,5901.9
1716962400000.0,0.2655,0.2685,0.2652,0.2667,15754.5
1716966000000.0,0.2664,0.2664,0.263,0.2639,99388.3
1716969600000.0,0.2641,0.2656,0.2616,0.2656,81109.3
1716973200000.0,0.2656,0.269,0.2655,0.2676,97166.4
1716976800000.0,0.2677,0.2692,0.2677,0.2683,30798.9
1716980400000.0,0.2682,0.2692,0.2664,0.267,100480.6
1716984000000.0,0.2671,0.2689,0.2652,0.267,101367.1
1716987600000.0,0.2667,0.2685,0.2661,0.2672,67755.7
1716991200000.0,0.2673,0.2688,0.267,0.2679,22839.6
1716994800000.0,0.2676,0.2679,0.2636,0.2638,47931.3
1716998400000.0,0.2633,0.2652,0.2606,0.2649,19025.7
1717002000000.0,0.2652,0.2661,0.2641,0.2656,22588.6
1717005600000.0,0.2657,0.2658,0.2633,0.2633,12381.0
1717009200000.0,0.2636,0.2646,0.2613,0.2614,15038.6
1717012800000.0,0.2616,0.2618,0.2604,0.2609,15651.4
1717016400000.0,0.2609,0.2614,0.2565,0.2596,44664.6
1717020000000.0,0.2594,0.2597,0.2569,0.2592,450248.5
1717023600000.0,0.2594,0.2603,0.2581,0.2586,21675.2
1717027200000.0,0.2589,0.2609,0.258,0.2584,27874.3
1717030800000.0,0.2586,0.2606,0.2576,0.2586,27950.8
1717034400000.0,0.2586,0.2615,0.2584,0.2615,12809.6
1717038000000.0,0.2615,0.2637,0.2611,0.2634,10773.7
1717041600000.0,0.2635,0.2655,0.2633,0.2636,8112.5
1717045200000.0,0.2636,0.2638,0.2615,0.2624,38460.2
1717048800000.0,0.2621,0.2621,0.2573,0.2579,146968.5
1717052400000.0,0.2576,0.2596,0.2546,0.255,100800.1
1717056000000.0,0.2548,0.2584,0.2539,0.2584,81136.4
1717059600000.0,0.2583,0.2591,0.2568,0.2588,39434.4
1717063200000.0,0.2591,0.2614,0.2582,0.2612,26428.2
1717066800000.0,0.2615,0.2627,0.2615,0.2624,19126.5
1717070400000.0,0.2624,0.2636,0.2609,0.2635,109439.0
1717074000000.0,0.2636,0.2665,0.2636,0.2644,159114.4
1717077600000.0,0.2645,0.2673,0.2643,0.2649,21180.4
1717081200000.0,0.2652,0.2678,0.2646,0.2666,21187.3
1717084800000.0,0.267,0.2679,0.2657,0.2677,44931.9
1717088400000.0,0.2678,0.2681,0.2654,0.2663,42738.6
1717092000000.0,0.2659,0.2659,0.264,0.2649,25782.5
1717095600000.0,0.2646,0.2665,0.2626,0.2641,47386.0
1717099200000.0,0.2643,0.2643,0.2609,0.2627,27953.1
1717102800000.0,0.2627,0.2634,0.2612,0.2624,17052.1
1717106400000.0,0.2621,0.2624,0.2612,0.2619,4843.9
1717110000000.0,0.2618,0.2629,0.2615,0.2615,1145.0
1717113600000.0,0.2612,0.2612,0.2576,0.2594,32791.4
1717117200000.0,0.2597,0.26,0.2576,0.2579,4720.2
1717120800000.0,0.2579,0.2606,0.2579,0.2597,19533.5
1717124400000.0,0.26,0.262,0.2597,0.262,5007.7
1717128000000.0,0.262,0.2621,0.2609,0.2609,6723.5
1717131600000.0,0.2606,0.2606,0.2534,0.2546,100235.6
1717135200000.0,0.254,0.2575,0.2534,0.2538,51217.6
1717138800000.0,0.254,0.2565,0.2538,0.2549,35645.0
1717142400000.0,0.2546,0.2555,0.2529,0.2531,71580.9
1717146000000.0,0.253,0.2537,0.2511,0.253,48468.3
1717149600000.0,0.2527,0.2527,0.2512,0.2512,39139.3
1717153200000.0,0.2517,0.2538,0.2514,0.2531,35855.2
1717156800000.0,0.2528,0.2531,0.251,0.2522,64975.8
1717160400000.0,0.2526,0.2528,0.2491,0.2499,79523.6
1717164000000.0,0.2496,0.2512,0.2493,0.2506,27808.2
1717167600000.0,0.251,0.251,0.2496,0.2496,22699.1
1717171200000.0,0.2495,0.2517,0.2484,0.2516,49527.5
1717174800000.0,0.252,0.2525,0.2517,0.2523,27590.7
1717178400000.0,0.252,0.252,0.2514,0.2519,4476.7
1717182000000.0,0.252,0.2535,0.2519,0.2528,43207.0
1717185600000.0,0.2526,0.2527,0.2517,0.2517,2825.1
1717189200000.0,0.2521,0.2524,0.2519,0.252,8708.9
1717192800000.0,0.2523,0.2523,0.252,0.2523,1057.0
1717196400000.0,0.2512,0.2516,0.2505,0.2516,11818.7
1717200000000.0,0.2511,0.2511,0.2493,0.2496,28233.6
1717203600000.0,0.2497,0.2499,0.2466,0.2498,164671.5
1717207200000.0,0.2499,0.252,0.2486,0.252,22514.6
1717210800000.0,0.252,0.2524,0.2502,0.2502,12690.5
1717214400000.0,0.2501,0.2505,0.2488,0.2501,5988.1
1717218000000.0,0.2501,0.2501,0.2493,0.2494,23623.7
1717221600000.0,0.2495,0.2496,0.2488,0.2495,6968.7
1717225200000.0,0.2498,0.2502,0.2493,0.2496,2572.8
1717228800000.0,0.2499,0.2505,0.2496,0.2505,7831.0
1717232400000.0,0.2499,0.25,0.2495,0.2499,301.8
1717236000000.0,0.2502,0.2505,0.249,0.249,4770.0
1717239600000.0,0.2491,0.2497,0.2491,0.2496,4261.6
1717243200000.0,0.2494,0.2502,0.249,0.2496,370.7
1717246800000.0,0.2495,0.2497,0.2486,0.2494,19935.7
1717250400000.0,0.2494,0.2502,0.2491,0.2497,42697.2
1717254000000.0,0.2499,0.2508,0.2499,0.2505,12788.2
1717257600000.0,0.2507,0.2512,0.2497,0.2497,15776.6
1717261200000.0,0.2502,0.2503,0.2492,0.2498,11157.0
1717264800000.0,0.2502,0.2503,0.2495,0.2497,9890.0
1717268400000.0,0.2497,0.2502,0.2493,0.2502,8273.4
1717272000000.0,0.2499,0.2501,0.2493,0.25,7982.3
1717275600000.0,0.25,0.2508,0.25,0.2508,25458.0
1717279200000.0,0.2508,0.2521,0.2508,0.2517,8077.6
1717282800000.0,0.252,0.252,0.2504,0.2508,5917.8
1717286400000.0,0.2507,0.2525,0.2507,0.2524,24664.4
1717290000000.0,0.2522,0.2531,0.2499,0.2505,44232.7
1717293600000.0,0.2505,0.2513,0.2491,0.2493,9227.3
1717297200000.0,0.2493,0.2496,0.2489,0.2496,9309.8
1717300800000.0,0.2494,0.2496,0.249,0.2496,9252.1
1717304400000.0,0.2499,0.2502,0.2456,0.2469,35743.8
1717308000000.0,0.2465,0.2484,0.246,0.2471,55284.6
1717311600000.0,0.2468,0.247,0.2345,0.2373,106105.3
1717315200000.0,0.2394,0.2451,0.2381,0.2447,294295.3
1717318800000.0,0.2445,0.2445,0.2417,0.2422,19201.9
1717322400000.0,0.2425,0.2473,0.2417,0.2465,88276.3
1717326000000.0,0.2468,0.2474,0.246,0.2468,5194.4
1717329600000.0,0.2471,0.2579,0.2471,0.2528,498821.8
1717333200000.0,0.2531,0.2572,0.2526,0.2561,36547.5
1717336800000.0,0.2564,0.2622,0.2563,0.2584,95723.7
1717340400000.0,0.2582,0.2658,0.2559,0.2615,135558.0
1717344000000.0,0.262,0.2638,0.2564,0.2565,70824.8
1717347600000.0,0.257,0.2571,0.2527,0.2541,124967.6
1717351200000.0,0.2538,0.2555,0.2522,0.2546,59837.0
1717354800000.0,0.2545,0.2549,0.2457,0.2525,404318.7
1717358400000.0,0.2525,0.2525,0.2505,0.2523,19004.1
1717362000000.0,0.252,0.2522,0.2511,0.2522,7836.2
1717365600000.0,0.2523,0.2529,0.2512,0.2522,25893.7
1717369200000.0,0.2526,0.2532,0.2512,0.2512,15722.6
1717372800000.0,0.2511,0.2528,0.2472,0.2499,55030.1
1717376400000.0,0.2496,0.2499,0.2372,0.2448,322241.0
1717380000000.0,0.245,0.2468,0.2436,0.2462,137595.0
1717383600000.0,0.2459,0.2465,0.2424,0.2456,83796.2
1717387200000.0,0.2459,0.247,0.2437,0.2464,55870.1
1717390800000.0,0.2464,0.2488,0.2464,0.2475,24836.7
1717394400000.0,0.2475,0.2535,0.2474,0.2511,106963.1
1717398000000.0,0.251,0.2532,0.2496,0.25,93555.0
1717401600000.0,0.2499,0.2509,0.2492,0.2494,12651.5
1717405200000.0,0.2495,0.2519,0.2478,0.2511,36890.6
1717408800000.0,0.2516,0.2523,0.2496,0.2502,50045.2
1717412400000.0,0.2502,0.2514,0.2496,0.2503,29700.1
1717416000000.0,0.2504,0.2521,0.2504,0.2517,28460.6
1717419600000.0,0.2516,0.2521,0.2503,0.2503,287439.8
1717423200000.0,0.2508,0.2553,0.2494,0.2508,118951.6
1717426800000.0,0.2511,0.2534,0.2508,0.2526,19850.4
1717430400000.0,0.2524,0.2524,0.2453,0.2476,51743.9
1717434000000.0,0.2478,0.2496,0.2472,0.2496,58117.5
1717437600000.0,0.2494,0.2504,0.248,0.2494,80052.4
1717441200000.0,0.249,0.2496,0.249,0.2494,5280.1
1717444800000.0,0.2496,0.2502,0.2489,0.2496,2882.9
1717448400000.0,0.2493,0.2496,0.2474,0.2482,36492.0
1717452000000.0,0.2481,0.2484,0.2472,0.2484,22955.7
1717455600000.0,0.2481,0.2481,0.246,0.2465,4948.5
1717459200000.0,0.2464,0.2475,0.2459,0.2474,23629.6
1717462800000.0,0.2469,0.2518,0.2469,0.2509,25638.9
1717466400000.0,0.251,0.2511,0.2493,0.2493,2810.2
1717470000000.0,0.2492,0.2504,0.2481,0.2483,10566.5
1717473600000.0,0.2482,0.2494,0.2473,0.2473,8535.8
1717477200000.0,0.2476,0.2483,0.2468,0.2475,4602.6
1717480800000.0,0.2474,0.2476,0.2467,0.2468,1163.7
1717484400000.0,0.2465,0.2473,0.2449,0.2462,10308.6
1717488000000.0,0.2462,0.2491,0.2452,0.2471,25297.7
1717491600000.0,0.247,0.2476,0.2459,0.2459,66930.9
1717495200000.0,0.2462,0.2488,0.2462,0.2477,36152.7
1717498800000.0,0.2481,0.2483,0.2459,0.2465,7719.3
1717502400000.0,0.2468,0.2482,0.2461,0.2465,29663.2
1717506000000.0,0.2468,0.2492,0.2465,0.2487,16743.0
1717509600000.0,0.2488,0.2499,0.2474,0.2499,26809.7
1717513200000.0,0.25,0.2512,0.2491,0.2504,123019.7
1717516800000.0,0.2508,0.2513,0.249,0.2497,115334.1
1717520400000.0,0.2501,0.2509,0.2496,0.2506,61383.4
1717524000000.0,0.2506,0.2517,0.2502,0.2511,11413.1
1717527600000.0,0.251,0.251,0.2481,0.2502,31153.1
1717531200000.0,0.2505,0.2508,0.2494,0.2505,12531.6
1717534800000.0,0.2502,0.2502,0.2492,0.2499,2431.7
1717538400000.0,0.2496,0.2514,0.2496,0.2514,4280.2
1717542000000.0,0.2511,0.2521,0.2506,0.2518,11143.5
1717545600000.0,0.2523,0.2538,0.2523,0.2531,24510.8
1717549200000.0,0.2528,0.256,0.2528,0.255,110684.0
1717552800000.0,0.2555,0.2561,0.2546,0.2547,65250.4
1717556400000.0,0.2552,0.2572,0.2552,0.2572,12692.8
1717560000000.0,0.2568,0.2568,0.2552,0.2564,9447.1
1717563600000.0,0.2567,0.2575,0.254,0.254,33643.3
1717567200000.0,0.2539,0.2567,0.2535,0.2555,80176.1
1717570800000.0,0.2558,0.2561,0.2538,0.2544,15449.6
1717574400000.0,0.2546,0.2546,0.2523,0.2523,1066.6
1717578000000.0,0.2525,0.2528,0.252,0.2527,1862.9
1717581600000.0,0.2525,0.2539,0.252,0.2537,11892.6
1717585200000.0,0.2533,0.2549,0.2531,0.2537,28411.6
1717588800000.0,0.2535,0.2538,0.252,0.2533,24138.2
1717592400000.0,0.2531,0.2534,0.251,0.251,5574.9
1717596000000.0,0.251,0.2517,0.2502,0.2517,64367.7
1717599600000.0,0.252,0.2535,0.2514,0.2524,49619.0
1717603200000.0,0.2528,0.2538,0.252,0.252,40091.3
1717606800000.0,0.2523,0.2547,0.2523,0.2547,15564.8
1717610400000.0,0.2547,0.2547,0.2534,0.254,34797.0
1717614000000.0,0.2543,0.2546,0.2531,0.2542,16736.3
1717617600000.0,0.2546,0.2549,0.2537,0.2544,35960.8
1717621200000.0,0.2541,0.2553,0.2528,0.2531,23904.1
1717624800000.0,0.2533,0.2533,0.2523,0.2524,4191.8
1717628400000.0,0.252,0.2532,0.252,0.253,5895.4
1717632000000.0,0.2533,0.2543,0.2526,0.2534,28137.1
1717635600000.0,0.2536,0.2545,0.2531,0.2539,48407.4
1717639200000.0,0.2537,0.2555,0.2529,0.2549,29613.5
1717642800000.0,0.2549,0.2549,0.2522,0.2522,14646.2
1717646400000.0,0.2526,0.2543,0.2512,0.252,66354.2
1717650000000.0,0.2517,0.2517,0.2502,0.2506,14379.6
1717653600000.0,0.2508,0.2509,0.2481,0.2488,33495.9
1717657200000.0,0.2488,0.2504,0.2483,0.25,14361.8
1717660800000.0,0.2498,0.2498,0.2488,0.2497,5124.0
1717664400000.0,0.25,0.2505,0.2498,0.25,2475.0
1717668000000.0,0.2506,0.2509,0.25,0.2505,10300.6
1717671600000.0,0.2509,0.2512,0.2502,0.2512,1904.6
1717675200000.0,0.2507,0.2512,0.25,0.2506,111431.8
1717678800000.0,0.2503,0.2508,0.2491,0.2506,31589.5
1717682400000.0,0.2503,0.2506,0.2488,0.2497,28282.2
1717686000000.0,0.2494,0.2512,0.2492,0.2503,9810.7
1717689600000.0,0.2503,0.2508,0.2484,0.2486,11430.9
1717693200000.0,0.2488,0.25,0.2484,0.2491,30678.4
1717696800000.0,0.2494,0.2494,0.2478,0.2484,8358.5
1717700400000.0,0.2482,0.2482,0.2448,0.245,109846.3
1717704000000.0,0.2448,0.2468,0.2426,0.2464,59510.0
1717707600000.0,0.2462,0.2462,0.245,0.2456,5452.3
1717711200000.0,0.2457,0.247,0.2457,0.2467,21479.7
1717714800000.0,0.247,0.2472,0.2466,0.2466,5641.0
1717718400000.0,0.2469,0.2488,0.2469,0.2482,15072.1
1717722000000.0,0.2482,0.2482,0.2466,0.2476,6626.8
1717725600000.0,0.248,0.2484,0.2464,0.2468,5155.5
1717729200000.0,0.2471,0.2471,0.246,0.2468,3663.2
1717732800000.0,0.2467,0.2487,0.2467,0.2487,22263.6
1717736400000.0,0.2487,0.2494,0.2483,0.2486,4135.1
1717740000000.0,0.2484,0.2486,0.248,0.2486,2157.8
1717743600000.0,0.2485,0.2494,0.2485,0.2491,6518.6
1717747200000.0,0.2492,0.2494,0.2492,0.2493,5961.4
1717750800000.0,0.2493,0.2498,0.2483,0.249,5443.3
1717754400000.0,0.2489,0.2491,0.2469,0.2482,5428.7
1717758000000.0,0.248,0.2496,0.2479,0.2495,12585.4
1717761600000.0,0.2498,0.2498,0.2435,0.2468,89673.2
1717765200000.0,0.247,0.2492,0.2462,0.2486,12128.0
1717768800000.0,0.2488,0.2492,0.2476,0.2488,24092.2
1717772400000.0,0.249,0.249,0.2467,0.2474,2731.5
1717776000000.0,0.2474,0.2476,0.2448,0.2452,25550.5
1717779600000.0,0.245,0.245,0.2404,0.2404,51770.1
1717783200000.0,0.2403,0.2408,0.2075,0.2202,1095596.0
1717786800000.0,0.2197,0.2225,0.2167,0.2202,135237.4
1717790400000.0,0.22,0.22,0.217,0.2183,144216.3
1717794000000.0,0.218,0.2186,0.2175,0.218,26670.5
1717797600000.0,0.2179,0.2193,0.2171,0.2185,63176.8
1717801200000.0,0.2184,0.2252,0.2152,0.2222,2157417.0
1717804800000.0,0.2222,0.2282,0.2206,0.2282,507756.2
1717808400000.0,0.2283,0.2402,0.2283,0.2398,431574.5
1717812000000.0,0.2396,0.2487,0.2346,0.2458,542608.9
1717815600000.0,0.2456,0.2464,0.2416,0.2416,351923.5
1717819200000.0,0.2418,0.2471,0.2403,0.245,308135.3
1717822800000.0,0.2448,0.2494,0.2443,0.2474,202457.2
1717826400000.0,0.2472,0.2546,0.2451,0.2546,337587.5
1717830000000.0,0.2538,0.259,0.2519,0.2558,462213.7
1717833600000.0,0.2552,0.2571,0.248,0.2527,496914.6
1717837200000.0,0.2524,0.2533,0.2471,0.2478,164219.1
1717840800000.0,0.248,0.2547,0.2468,0.2528,303237.4
1717844400000.0,0.2524,0.2615,0.2482,0.2591,733866.9
1717848000000.0,0.2594,0.2768,0.2546,0.2649,3078834.0
1717851600000.0,0.265,0.2688,0.2499,0.266,1825391.0
1717855200000.0,0.2658,0.2678,0.26,0.2637,597521.1
1717858800000.0,0.2631,0.2659,0.2548,0.2551,403762.4
1717862400000.0,0.255,0.2627,0.2539,0.2595,270242.8
1717866000000.0,0.2596,0.2655,0.2571,0.2655,357308.3
1717869600000.0,0.2647,0.2702,0.2624,0.266,586258.0
1717873200000.0,0.2662,0.2687,0.2598,0.2623,438196.4
1717876800000.0,0.2616,0.2651,0.2606,0.2627,159217.0
1717880400000.0,0.2625,0.2651,0.261,0.2635,110596.0
1717884000000.0,0.2633,0.2645,0.2554,0.2614,335327.2
1717887600000.0,0.261,0.2611,0.2572,0.2593,214435.2
1717891200000.0,0.2587,0.2614,0.2555,0.2573,156817.8
1717894800000.0,0.2571,0.2592,0.2535,0.2556,536824.9
1717898400000.0,0.2553,0.2682,0.2516,0.2615,1046292.8
1717902000000.0,0.2612,0.2702,0.2612,0.2701,655991.4
1717905600000.0,0.2699,0.2772,0.2663,0.2669,966985.9
1717909200000.0,0.2666,0.2738,0.2638,0.2706,428484.0
1717912800000.0,0.2702,0.2733,0.2657,0.2679,448020.7
1717916400000.0,0.2675,0.2735,0.2648,0.2654,438111.4
1717920000000.0,0.2651,0.2651,0.2582,0.2598,494221.8
1717923600000.0,0.2597,0.2644,0.2578,0.2616,324566.4
1717927200000.0,0.2614,0.2678,0.2595,0.2622,201239.0
1717930800000.0,0.2619,0.2628,0.2587,0.2613,190622.2
1717934400000.0,0.261,0.2639,0.2593,0.2616,159094.1
1717938000000.0,0.2623,0.2669,0.2601,0.264,105779.2
1717941600000.0,0.2639,0.2673,0.2634,0.2667,74100.3
1717945200000.0,0.2669,0.2677,0.2653,0.2672,87293.1
1717948800000.0,0.2675,0.2706,0.2657,0.2687,253973.3
1717952400000.0,0.2684,0.2705,0.2682,0.2703,129633.0
1717956000000.0,0.27,0.2736,0.2686,0.2713,463301.8
1717959600000.0,0.2717,0.2738,0.2684,0.2692,295287.3
1717963200000.0,0.2691,0.2694,0.2661,0.2672,94107.4
1717966800000.0,0.2675,0.2684,0.2612,0.2657,272340.3
1717970400000.0,0.2655,0.2663,0.2621,0.2649,296421.7
1717974000000.0,0.2647,0.2682,0.2645,0.2682,437158.5
1717977600000.0,0.2682,0.2737,0.2681,0.2727,801567.7
1717981200000.0,0.2723,0.2772,0.27,0.2769,426334.6
1717984800000.0,0.2766,0.2799,0.2728,0.277,537306.3
1717988400000.0,0.2771,0.2824,0.2755,0.2764,944680.3
1717992000000.0,0.276,0.282,0.2746,0.2806,847107.4
1717995600000.0,0.2805,0.2819,0.2759,0.2816,431091.2
1717999200000.0,0.2816,0.287,0.2808,0.2853,448082.8
1718002800000.0,0.285,0.287,0.2814,0.2821,212426.4
1718006400000.0,0.2819,0.2879,0.2786,0.2868,615200.8
1718010000000.0,0.287,0.29,0.2828,0.2894,443835.1
1718013600000.0,0.2891,0.2943,0.2869,0.2934,448580.1
1718017200000.0,0.2936,0.2939,0.2869,0.2923,537999.9
1718020800000.0,0.2919,0.2932,0.2876,0.2904,356600.9
1718024400000.0,0.2903,0.2913,0.2863,0.2901,378389.1
1718028000000.0,0.29,0.2988,0.2883,0.2943,796723.5
1718031600000.0,0.2946,0.2993,0.2928,0.2979,259283.1
1718035200000.0,0.2982,0.2996,0.2936,0.2989,396309.6
1718038800000.0,0.2985,0.2989,0.2948,0.2973,132664.3
1718042400000.0,0.297,0.297,0.283,0.2857,656843.0
1718046000000.0,0.2852,0.2854,0.2789,0.2808,636113.1
1718049600000.0,0.2805,0.2808,0.2758,0.2768,152959.4
1718053200000.0,0.2772,0.2814,0.277,0.2802,81518.1
1718056800000.0,0.2799,0.2848,0.2793,0.2846,150794.4
1718060400000.0,0.2846,0.2855,0.2811,0.2837,157853.1
1718064000000.0,0.2838,0.286,0.2826,0.2838,186593.1
1718067600000.0,0.2843,0.2861,0.2719,0.2833,279249.3
1718071200000.0,0.283,0.2843,0.2766,0.2772,145410.4
1718074800000.0,0.2769,0.2786,0.2757,0.2776,42726.0
1718078400000.0,0.2772,0.2851,0.2753,0.2832,157511.5
1718082000000.0,0.2833,0.2863,0.2811,0.2858,199600.5
1718085600000.0,0.2855,0.286,0.281,0.2822,140330.3
1718089200000.0,0.2825,0.2858,0.2619,0.266,297675.6
1718092800000.0,0.2663,0.269,0.2612,0.2618,105700.2
1718096400000.0,0.2616,0.2657,0.2612,0.2644,138088.3
1718100000000.0,0.2642,0.2651,0.262,0.2622,46615.3
1718103600000.0,0.262,0.2625,0.2555,0.2565,109516.9
1718107200000.0,0.2565,0.2752,0.2547,0.2744,748104.9
1718110800000.0,0.2741,0.2753,0.2675,0.2681,116760.3
1718114400000.0,0.2684,0.2686,0.2629,0.2681,89278.2
1718118000000.0,0.2678,0.2702,0.2639,0.264,90570.7
1718121600000.0,0.2643,0.2696,0.2632,0.2651,56316.9
1718125200000.0,0.2654,0.2654,0.2622,0.264,60356.8
1718128800000.0,0.2639,0.2672,0.2625,0.2666,106490.2
1718132400000.0,0.2668,0.2675,0.2654,0.2657,16553.2
1718136000000.0,0.2654,0.2672,0.2639,0.2655,14514.8
1718139600000.0,0.266,0.2664,0.2636,0.2651,26056.6
1718143200000.0,0.2654,0.272,0.2651,0.2708,185159.5
1718146800000.0,0.2708,0.2739,0.2708,0.2714,29932.2
1718150400000.0,0.2712,0.2767,0.2712,0.274,77051.5
1718154000000.0,0.2744,0.2757,0.2639,0.2672,284143.4
1718157600000.0,0.2675,0.2702,0.2649,0.27,102346.0
1718161200000.0,0.2704,0.2737,0.2681,0.2715,73473.5
1718164800000.0,0.2716,0.275,0.271,0.2729,65524.6
1718168400000.0,0.2732,0.2766,0.2707,0.2743,74694.0
1718172000000.0,0.2742,0.2772,0.2706,0.2757,104012.7
1718175600000.0,0.276,0.276,0.2731,0.2745,44793.9
1718179200000.0,0.2744,0.2775,0.2717,0.2769,162639.3
1718182800000.0,0.277,0.2849,0.2755,0.2847,196183.8
1718186400000.0,0.2846,0.2907,0.284,0.2901,200153.7
1718190000000.0,0.2894,0.29,0.285,0.2886,356561.7
1718193600000.0,0.2886,0.2955,0.2766,0.2766,384948.1
1718197200000.0,0.2773,0.2808,0.2762,0.2787,173259.8
1718200800000.0,0.279,0.2803,0.2782,0.2796,102505.6
1718204400000.0,0.2793,0.2859,0.2791,0.2849,81959.9
1718208000000.0,0.2846,0.2901,0.2843,0.288,73674.4
1718211600000.0,0.2885,0.2909,0.2876,0.2884,96263.9
1718215200000.0,0.2871,0.293,0.2823,0.2879,119144.6
1718218800000.0,0.2878,0.2893,0.2779,0.2799,204310.2
1718222400000.0,0.2796,0.2817,0.2781,0.2797,59697.2
1718226000000.0,0.2793,0.2816,0.2784,0.2791,47162.4
1718229600000.0,0.2792,0.2814,0.2791,0.2807,47043.5
1718233200000.0,0.2811,0.2811,0.2765,0.2772,84425.2
1718236800000.0,0.2769,0.2781,0.2752,0.2761,91519.7
1718240400000.0,0.276,0.276,0.2678,0.2685,156870.2
1718244000000.0,0.2684,0.2684,0.2635,0.2635,140145.0
1718247600000.0,0.2634,0.2634,0.2599,0.2622,84451.1
1718251200000.0,0.2619,0.2681,0.2607,0.2673,407232.8
1718254800000.0,0.2678,0.2716,0.2672,0.2696,280561.5
1718258400000.0,0.2698,0.2715,0.2692,0.2711,39487.1
1718262000000.0,0.2708,0.2708,0.269,0.2699,9929.0
1718265600000.0,0.2698,0.2739,0.2696,0.2719,41116.5
1718269200000.0,0.2719,0.2719,0.2685,0.2717,50674.2
1718272800000.0,0.2714,0.2714,0.2684,0.269,47159.2
1718276400000.0,0.2689,0.2711,0.2687,0.2698,8579.5
1718280000000.0,0.2696,0.2744,0.2694,0.2698,54296.7
1718283600000.0,0.2696,0.2717,0.2696,0.2707,9407.1
1718287200000.0,0.2711,0.272,0.2686,0.2686,20900.8
1718290800000.0,0.269,0.2695,0.2634,0.2645,30145.7
1718294400000.0,0.2643,0.2687,0.2634,0.2684,14628.9
1718298000000.0,0.2687,0.2698,0.2681,0.2681,9317.1
1718301600000.0,0.268,0.2684,0.2661,0.2675,7636.7
1718305200000.0,0.2672,0.2672,0.2654,0.2654,23807.4
1718308800000.0,0.2651,0.266,0.2645,0.2649,26526.9
1718312400000.0,0.2651,0.2663,0.2633,0.2663,29854.2
1718316000000.0,0.266,0.266,0.264,0.264,18119.2
1718319600000.0,0.2639,0.2643,0.2607,0.2639,133782.7
1718323200000.0,0.2642,0.29,0.2625,0.2831,859244.0
1718326800000.0,0.283,0.2934,0.2822,0.2909,1144556.7
1718330400000.0,0.2912,0.2929,0.2855,0.2921,785708.3
1718334000000.0,0.292,0.2957,0.2885,0.2931,545420.9
1718337600000.0,0.2936,0.2938,0.2868,0.2879,593036.2
1718341200000.0,0.2874,0.2922,0.2874,0.2914,673650.0
1718344800000.0,0.2912,0.2934,0.2903,0.2929,158115.8
1718348400000.0,0.2926,0.2967,0.2882,0.2918,193286.5
1718352000000.0,0.2919,0.2943,0.291,0.2929,49134.9
1718355600000.0,0.293,0.2937,0.2894,0.2913,65994.0
1718359200000.0,0.2909,0.2921,0.2858,0.2907,189883.6
1718362800000.0,0.2904,0.294,0.2897,0.2934,291306.7
1718366400000.0,0.2931,0.2941,0.2909,0.2928,98979.9
1718370000000.0,0.2931,0.2939,0.2894,0.2915,97435.9
1718373600000.0,0.2914,0.2914,0.2697,0.2714,500839.8
1718377200000.0,0.2708,0.2735,0.2675,0.2691,103455.3
1718380800000.0,0.2689,0.2702,0.2619,0.2657,186100.2
1718384400000.0,0.2655,0.2655,0.2585,0.2599,165227.8
1718388000000.0,0.2597,0.2601,0.2566,0.258,43668.2
1718391600000.0,0.2577,0.2585,0.256,0.2577,47699.4
1718395200000.0,0.2574,0.2575,0.2553,0.2554,17335.9
1718398800000.0,0.2559,0.2585,0.255,0.2577,68764.2
1718402400000.0,0.2576,0.2576,0.2536,0.254,65056.2
1718406000000.0,0.2538,0.2543,0.2505,0.2521,107907.5
1718409600000.0,0.2518,0.2596,0.2486,0.2594,268795.7
1718413200000.0,0.2597,0.2733,0.2586,0.2637,617356.9
1718416800000.0,0.2641,0.2714,0.2636,0.2714,268178.2
1718420400000.0,0.2707,0.2727,0.2681,0.2708,134120.7
1718424000000.0,0.2705,0.2773,0.2705,0.2745,370129.2
1718427600000.0,0.2746,0.276,0.2702,0.276,161597.9
1718431200000.0,0.2763,0.2791,0.2727,0.2766,222763.8
1718434800000.0,0.2769,0.2775,0.2712,0.2712,81407.7
1718438400000.0,0.2712,0.273,0.2696,0.273,44430.1
1718442000000.0,0.2732,0.2751,0.2718,0.2728,43813.1
1718445600000.0,0.2729,0.2769,0.2714,0.2766,28884.6
1718449200000.0,0.2769,0.2798,0.2765,0.2798,49406.0
1718452800000.0,0.2799,0.285,0.2782,0.2805,589194.0
1718456400000.0,0.2811,0.282,0.2774,0.2801,466243.9
1718460000000.0,0.2799,0.281,0.2793,0.2802,41689.8
1718463600000.0,0.2799,0.2809,0.2785,0.2803,114360.7
1718467200000.0,0.2802,0.2834,0.2793,0.2822,137918.3
1718470800000.0,0.2819,0.2822,0.2801,0.2822,14464.6
1718474400000.0,0.2819,0.2819,0.2796,0.2802,39992.2
1718478000000.0,0.2803,0.2803,0.2779,0.2796,27229.4
1718481600000.0,0.2793,0.2793,0.2766,0.2775,26378.1
1718485200000.0,0.2781,0.2811,0.2777,0.2801,68835.5
1718488800000.0,0.2799,0.2803,0.2785,0.2795,35951.2
1718492400000.0,0.2794,0.2821,0.2791,0.2805,39050.2
1718496000000.0,0.2806,0.2821,0.2784,0.2784,95644.6
1718499600000.0,0.2781,0.2785,0.2769,0.2779,16609.8
1718503200000.0,0.2775,0.2793,0.2767,0.2778,9289.0
1718506800000.0,0.2778,0.2778,0.2744,0.2748,13845.5
1718510400000.0,0.2748,0.2759,0.2732,0.2755,8749.6
1718514000000.0,0.2754,0.2755,0.2746,0.2752,3835.3
1718517600000.0,0.2755,0.2765,0.2735,0.2752,7668.1
1718521200000.0,0.275,0.2752,0.2741,0.275,9699.3
1718524800000.0,0.2752,0.2778,0.2752,0.2774,2541.8
1718528400000.0,0.2775,0.2778,0.276,0.2772,3538.4
1718532000000.0,0.277,0.2786,0.277,0.2786,8843.4
1718535600000.0,0.2781,0.2781,0.2765,0.277,2316.8
1718539200000.0,0.2771,0.2772,0.2757,0.2762,19149.1
1718542800000.0,0.276,0.2766,0.2757,0.276,7904.1
1718546400000.0,0.2757,0.279,0.2755,0.2781,6206.7
1718550000000.0,0.2784,0.2791,0.2776,0.2789,5383.1
1718553600000.0,0.2787,0.2801,0.2778,0.279,13025.9
1718557200000.0,0.2784,0.2785,0.2772,0.2778,55285.6
1718560800000.0,0.2779,0.2805,0.2779,0.2795,16699.0
1718564400000.0,0.2799,0.2808,0.2799,0.2806,1816.7
1718568000000.0,0.281,0.2818,0.2808,0.2809,5519.5
1718571600000.0,0.2808,0.2822,0.2802,0.2822,28066.4
1718575200000.0,0.2825,0.2848,0.281,0.2846,28406.3
1718578800000.0,0.2848,0.2869,0.2848,0.2868,18945.4
1718582400000.0,0.2865,0.2875,0.2828,0.2834,67698.6
1718586000000.0,0.2831,0.2837,0.2742,0.2748,68704.0
1718589600000.0,0.2748,0.2748,0.2711,0.272,24600.5
1718593200000.0,0.2723,0.2746,0.27,0.2729,98455.3
1718596800000.0,0.2726,0.2729,0.2706,0.2723,49683.7
1718600400000.0,0.2725,0.2735,0.2711,0.2711,5947.7
1718604000000.0,0.2708,0.2717,0.2688,0.2694,12354.2
1718607600000.0,0.2696,0.2716,0.2684,0.27,24510.3
1718611200000.0,0.2698,0.2699,0.2655,0.2669,47100.4
1718614800000.0,0.2675,0.2684,0.2637,0.2643,45546.5
1718618400000.0,0.2646,0.2675,0.2612,0.2669,34198.2
1718622000000.0,0.2669,0.2675,0.266,0.2667,24258.8
1718625600000.0,0.2669,0.2669,0.2634,0.2637,74032.0
1718629200000.0,0.2637,0.2645,0.2607,0.2616,76769.0
1718632800000.0,0.2616,0.2655,0.2616,0.2655,69724.2
1718636400000.0,0.2656,0.2667,0.2609,0.2615,28838.8
1718640000000.0,0.2614,0.2656,0.2506,0.2637,268047.1
1718643600000.0,0.2637,0.2667,0.2637,0.2641,16774.3
1718647200000.0,0.2643,0.2692,0.2643,0.2678,8048.0
1718650800000.0,0.2681,0.2681,0.2651,0.2651,2785.5
1718654400000.0,0.2649,0.2649,0.26,0.2607,15927.9
1718658000000.0,0.261,0.2634,0.2585,0.2625,24809.4
1718661600000.0,0.2628,0.2666,0.2625,0.2638,158260.4
1718665200000.0,0.2634,0.2639,0.2606,0.2611,127818.0
1718668800000.0,0.2616,0.2626,0.2504,0.2543,148338.6
1718672400000.0,0.2546,0.2565,0.2304,0.2397,239771.2
1718676000000.0,0.2397,0.244,0.2386,0.2428,82733.2
1718679600000.0,0.2426,0.2437,0.2414,0.2434,22329.1
1718683200000.0,0.2432,0.2444,0.2418,0.2442,40287.6
1718686800000.0,0.2444,0.2462,0.2433,0.2433,61891.9
1718690400000.0,0.2436,0.245,0.2436,0.2439,5798.0
1718694000000.0,0.2442,0.2475,0.2442,0.247,7239.4
1718697600000.0,0.2468,0.2477,0.2456,0.2468,65116.5
1718701200000.0,0.2467,0.2467,0.245,0.2452,8970.2
1718704800000.0,0.2452,0.247,0.2442,0.2451,6407.5
1718708400000.0,0.2449,0.2465,0.2425,0.2458,203917.5
1718712000000.0,0.246,0.2468,0.2412,0.2434,83526.1
1718715600000.0,0.2432,0.2432,0.2386,0.239,45088.2
1718719200000.0,0.2392,0.2462,0.2366,0.2416,86427.2
1718722800000.0,0.2417,0.2425,0.2391,0.2408,56950.9
1718726400000.0,0.2406,0.2413,0.237,0.2398,55935.6
1718730000000.0,0.24,0.2414,0.2378,0.2387,38614.8
1718733600000.0,0.2386,0.2412,0.2376,0.2388,22332.0
1718737200000.0,0.2388,0.2424,0.2364,0.2424,25113.1
1718740800000.0,0.2426,0.244,0.2402,0.2436,32968.0
1718744400000.0,0.2438,0.2458,0.2434,0.2452,42951.7
1718748000000.0,0.245,0.247,0.2442,0.247,6020.7
1718751600000.0,0.2468,0.2492,0.2463,0.249,5083.4
1718755200000.0,0.2485,0.2488,0.245,0.2475,56402.8
1718758800000.0,0.2474,0.2534,0.2474,0.249,15738.3
1718762400000.0,0.2492,0.253,0.2492,0.2503,63102.4
1718766000000.0,0.2508,0.2536,0.2508,0.2512,24658.5
1718769600000.0,0.2509,0.2532,0.2506,0.2524,41788.2
1718773200000.0,0.2527,0.2527,0.25,0.2517,81712.9
1718776800000.0,0.2517,0.2534,0.2516,0.2532,15671.4
1718780400000.0,0.2534,0.2538,0.2512,0.2515,7204.0
1718784000000.0,0.2512,0.2514,0.2492,0.2496,3598.5
1718787600000.0,0.2498,0.2518,0.2496,0.2518,25014.9
1718791200000.0,0.2521,0.2533,0.2513,0.2528,177264.6
1718794800000.0,0.2528,0.253,0.25,0.2516,32655.1
1718798400000.0,0.2515,0.2538,0.2515,0.2534,30072.6
1718802000000.0,0.2532,0.2542,0.2524,0.2525,20245.8
1718805600000.0,0.2521,0.2521,0.2497,0.2503,23978.3
1718809200000.0,0.2504,0.2522,0.2501,0.2522,6547.3
1718812800000.0,0.2522,0.2555,0.2515,0.2536,18903.4
1718816400000.0,0.2534,0.2565,0.2534,0.2556,111243.3
1718820000000.0,0.2556,0.2576,0.2552,0.2565,56577.1
1718823600000.0,0.2567,0.2581,0.2563,0.2573,80922.0
1718827200000.0,0.2571,0.2571,0.255,0.2562,31662.1
1718830800000.0,0.2559,0.2571,0.2559,0.257,52407.0
1718834400000.0,0.2565,0.2585,0.2559,0.2571,4263.1
1718838000000.0,0.2574,0.258,0.2559,0.258,4247.6
1718841600000.0,0.2577,0.2593,0.2568,0.2583,8927.0
1718845200000.0,0.2582,0.2607,0.257,0.2583,31229.0
1718848800000.0,0.258,0.2585,0.2563,0.2574,25002.1
1718852400000.0,0.2572,0.2593,0.2564,0.2583,22227.3
1718856000000.0,0.258,0.2599,0.2565,0.2599,6311.2
1718859600000.0,0.2601,0.2627,0.2601,0.2627,5689.8
1718863200000.0,0.2628,0.2634,0.2617,0.2628,5127.5
1718866800000.0,0.2631,0.2666,0.2631,0.2655,74190.0
1718870400000.0,0.2653,0.2663,0.2651,0.266,24946.1
1718874000000.0,0.2663,0.2667,0.265,0.266,33278.0
1718877600000.0,0.2664,0.2675,0.2642,0.2673,35340.8
1718881200000.0,0.2676,0.2731,0.2673,0.2707,78389.0
1718884800000.0,0.2708,0.2732,0.2692,0.2696,94880.3
1718888400000.0,0.2698,0.2723,0.2666,0.2682,43947.1
1718892000000.0,0.2687,0.2687,0.264,0.266,44620.8
1718895600000.0,0.2663,0.2675,0.2643,0.2645,26059.4
1718899200000.0,0.2643,0.2645,0.2608,0.2631,14230.3
1718902800000.0,0.2631,0.2654,0.2625,0.2654,12542.2
1718906400000.0,0.2657,0.2664,0.2651,0.2662,8645.5
1718910000000.0,0.266,0.2669,0.2643,0.2653,41615.5
1718913600000.0,0.2657,0.2657,0.2641,0.2643,6981.3
1718917200000.0,0.2641,0.2643,0.2622,0.2622,8298.4
1718920800000.0,0.262,0.262,0.2616,0.262,1148.2
1718924400000.0,0.2619,0.2631,0.2616,0.2619,7213.5
1718928000000.0,0.2627,0.2653,0.2603,0.2628,34872.3
1718931600000.0,0.2634,0.269,0.2631,0.2687,15961.2
1718935200000.0,0.269,0.2698,0.2657,0.2657,30228.6
1718938800000.0,0.2654,0.2666,0.264,0.2663,62151.8
1718942400000.0,0.266,0.2667,0.2643,0.2645,45179.9
1718946000000.0,0.2647,0.2651,0.2616,0.2619,45543.2
1718949600000.0,0.2616,0.2616,0.2565,0.2577,25848.7
1718953200000.0,0.2574,0.258,0.2538,0.2542,19780.6
1718956800000.0,0.2544,0.2556,0.2512,0.2521,24532.5
1718960400000.0,0.2524,0.2587,0.2521,0.258,68854.1
1718964000000.0,0.2579,0.2589,0.2571,0.2571,12514.4
1718967600000.0,0.2569,0.2571,0.2544,0.2562,45511.6
1718971200000.0,0.2559,0.2562,0.2507,0.2528,20482.4
1718974800000.0,0.253,0.2536,0.2512,0.2518,5380.7
1718978400000.0,0.2515,0.2553,0.2502,0.254,56604.2
1718982000000.0,0.2542,0.255,0.2498,0.2512,136272.6
1718985600000.0,0.2509,0.2527,0.2509,0.252,7571.0
1718989200000.0,0.2521,0.2524,0.249,0.2496,16521.4
1718992800000.0,0.2495,0.2518,0.2472,0.2518,32420.2
1718996400000.0,0.2521,0.2531,0.2515,0.2518,24579.1
1719000000000.0,0.2521,0.2538,0.2518,0.2527,3788.1
1719003600000.0,0.253,0.2536,0.2515,0.2527,23638.1
1719007200000.0,0.2524,0.255,0.2524,0.2538,31953.4
1719010800000.0,0.254,0.2544,0.253,0.2532,3055.1
1719014400000.0,0.253,0.253,0.2477,0.2478,4417.5
1719018000000.0,0.2477,0.2488,0.2476,0.2488,7230.2
1719021600000.0,0.2485,0.2512,0.2485,0.2509,28348.0
1719025200000.0,0.2506,0.2512,0.249,0.249,21348.6
1719028800000.0,0.2488,0.2492,0.2478,0.2488,9794.1
1719032400000.0,0.2486,0.2486,0.2456,0.2458,14081.2
1719036000000.0,0.246,0.2468,0.2376,0.2404,110511.5
1719039600000.0,0.2402,0.2454,0.2402,0.2442,35920.8
1719043200000.0,0.2444,0.2446,0.2408,0.2408,14840.5
1719046800000.0,0.241,0.2416,0.2386,0.239,16260.9
1719050400000.0,0.2388,0.2406,0.2384,0.24,6499.4
1719054000000.0,0.2402,0.2408,0.2384,0.2384,3552.4
1719057600000.0,0.2386,0.2388,0.237,0.237,22458.8
1719061200000.0,0.2368,0.2398,0.2366,0.239,31837.5
1719064800000.0,0.2392,0.2434,0.2392,0.2412,34029.3
1719068400000.0,0.2411,0.2437,0.2392,0.242,67749.1
1719072000000.0,0.242,0.2432,0.2418,0.2424,4493.4
1719075600000.0,0.2422,0.2422,0.2413,0.2418,23489.9
1719079200000.0,0.2416,0.2416,0.2395,0.2402,15084.6
1719082800000.0,0.24,0.24,0.2391,0.24,17336.2
1719086400000.0,0.2399,0.2402,0.2389,0.2394,13889.2
1719090000000.0,0.2394,0.2402,0.2394,0.2402,5316.8
1719093600000.0,0.24,0.24,0.2387,0.2396,5321.0
1719097200000.0,0.2398,0.2432,0.2398,0.2418,57829.7
1719100800000.0,0.2416,0.2435,0.2406,0.2424,27489.0
1719104400000.0,0.2426,0.2432,0.2394,0.2396,13171.2
1719108000000.0,0.2398,0.2406,0.2391,0.2396,42219.1
1719111600000.0,0.2398,0.2406,0.239,0.24,6255.2
1719115200000.0,0.24,0.2402,0.2394,0.2402,4204.5
1719118800000.0,0.2404,0.2406,0.2388,0.2388,1655.7
1719122400000.0,0.2386,0.2388,0.2378,0.2388,25900.8
1719126000000.0,0.2387,0.2388,0.2384,0.2388,13659.1
1719129600000.0,0.2388,0.2403,0.2382,0.2393,47037.4
1719133200000.0,0.2396,0.2418,0.2392,0.2392,11139.5
1719136800000.0,0.2392,0.2392,0.2347,0.2354,33882.4
1719140400000.0,0.2354,0.2354,0.2318,0.2334,40315.5
1719144000000.0,0.2332,0.2336,0.2322,0.2324,7482.1
1719147600000.0,0.2326,0.2328,0.231,0.2314,70528.5
1719151200000.0,0.2316,0.2316,0.2274,0.2294,20183.1
1719154800000.0,0.2296,0.23,0.2282,0.2292,20623.1
1719158400000.0,0.2294,0.2343,0.229,0.2306,65982.5
1719162000000.0,0.2304,0.231,0.2277,0.229,71504.1
1719165600000.0,0.229,0.2332,0.2276,0.2329,56297.0
1719169200000.0,0.233,0.2336,0.23,0.2309,74899.0
1719172800000.0,0.2308,0.2312,0.2262,0.2308,100512.2
1719176400000.0,0.231,0.2322,0.231,0.2318,17790.8
1719180000000.0,0.232,0.2348,0.2307,0.2336,70377.4
1719183600000.0,0.2338,0.2344,0.2299,0.2299,15408.7
1719187200000.0,0.23,0.231,0.2266,0.2308,156209.3
1719190800000.0,0.231,0.233,0.229,0.231,141593.5
1719194400000.0,0.231,0.2324,0.2236,0.226,42045.0
1719198000000.0,0.2258,0.2274,0.225,0.2254,54201.7
1719201600000.0,0.2256,0.2278,0.2256,0.2278,26211.9
1719205200000.0,0.2279,0.2283,0.2204,0.2218,45534.2
1719208800000.0,0.222,0.2255,0.222,0.2249,39458.5
1719212400000.0,0.2252,0.2254,0.2226,0.2236,10511.7
1719216000000.0,0.2234,0.2269,0.2216,0.2266,58802.6
1719219600000.0,0.2243,0.2268,0.2156,0.2261,84621.5
1719223200000.0,0.2264,0.2275,0.2251,0.226,18540.6
1719226800000.0,0.2258,0.2263,0.2246,0.2263,12823.5
1719230400000.0,0.226,0.2284,0.2258,0.2266,4878.5
1719234000000.0,0.2264,0.2306,0.2262,0.2306,14762.9
1719237600000.0,0.2308,0.2322,0.2278,0.2296,62605.2
1719241200000.0,0.2294,0.2314,0.2284,0.2298,21240.8
1719244800000.0,0.2296,0.2296,0.2265,0.228,69816.2
1719248400000.0,0.2278,0.2308,0.2262,0.228,74707.3
1719252000000.0,0.228,0.229,0.2262,0.2274,32120.3
1719255600000.0,0.2276,0.2288,0.225,0.2258,10733.6
1719259200000.0,0.226,0.228,0.223,0.2268,45185.9
1719262800000.0,0.227,0.2312,0.227,0.2304,10413.4
1719266400000.0,0.2306,0.2324,0.2306,0.2306,9053.8
1719270000000.0,0.2308,0.235,0.2308,0.2342,38333.3
1719273600000.0,0.2341,0.2344,0.2322,0.2334,33621.8
1719277200000.0,0.2332,0.2342,0.2314,0.2342,21472.6
1719280800000.0,0.2343,0.2363,0.2339,0.236,40896.3
1719284400000.0,0.2358,0.2375,0.2355,0.2368,23071.4
1719288000000.0,0.2367,0.2369,0.2352,0.2358,175623.6
1719291600000.0,0.2356,0.2364,0.2346,0.2346,1933.5
1719295200000.0,0.2348,0.2348,0.2332,0.2338,4376.6
1719298800000.0,0.234,0.2374,0.234,0.2372,10854.7
1719302400000.0,0.237,0.241,0.2364,0.24,68832.2
1719306000000.0,0.2402,0.2477,0.2399,0.247,99738.1
1719309600000.0,0.247,0.2727,0.2468,0.2634,316999.2
1719313200000.0,0.2631,0.2811,0.245,0.2478,1990026.6
1719316800000.0,0.2474,0.2562,0.2474,0.2526,511958.9
1719320400000.0,0.2527,0.2568,0.2506,0.2525,332930.5
1719324000000.0,0.2527,0.2619,0.2524,0.2615,242621.7
1719327600000.0,0.2616,0.2696,0.2604,0.2653,300133.6
1719331200000.0,0.2657,0.2729,0.2647,0.2654,352517.5
1719334800000.0,0.2657,0.2695,0.2638,0.2669,281644.8
1719338400000.0,0.2672,0.2707,0.2663,0.2681,133612.9
1719342000000.0,0.268,0.2702,0.2667,0.2683,80629.4
1719345600000.0,0.2687,0.2717,0.2681,0.271,109715.1
1719349200000.0,0.2714,0.272,0.2675,0.2678,111484.7
1719352800000.0,0.2681,0.2751,0.2681,0.2741,429885.4
1719356400000.0,0.2742,0.2762,0.2676,0.2698,257279.6
1719360000000.0,0.2702,0.2717,0.2675,0.2705,154725.2
1719363600000.0,0.2706,0.275,0.2689,0.2715,415959.8
1719367200000.0,0.2716,0.2763,0.2655,0.2659,355622.3
1719370800000.0,0.266,0.2698,0.2646,0.269,89021.0
1719374400000.0,0.2692,0.2708,0.2656,0.2666,107463.2
1719378000000.0,0.2669,0.2681,0.2641,0.2654,142764.2
1719381600000.0,0.2653,0.266,0.2631,0.2639,106965.4
1719385200000.0,0.2637,0.2653,0.2631,0.2641,88072.9
1719388800000.0,0.2639,0.2663,0.2626,0.2647,41138.2
1719392400000.0,0.2646,0.2653,0.264,0.2645,36817.9
1719396000000.0,0.2647,0.2647,0.2635,0.2637,14702.9
1719399600000.0,0.2634,0.2641,0.2615,0.2625,45641.7
1719403200000.0,0.2622,0.2641,0.2594,0.2634,113802.7
1719406800000.0,0.2631,0.2647,0.261,0.2631,80070.3
1719410400000.0,0.2628,0.2635,0.2622,0.2634,26547.3
1719414000000.0,0.2635,0.2648,0.2608,0.2622,44026.3
1719417600000.0,0.2621,0.2645,0.2614,0.2627,89144.1
1719421200000.0,0.2625,0.2643,0.2605,0.2625,137766.7
1719424800000.0,0.2622,0.2651,0.2622,0.2635,151997.7
1719428400000.0,0.2639,0.2645,0.2632,0.2641,12032.2
1719432000000.0,0.2639,0.2641,0.2625,0.2639,7693.3
1719435600000.0,0.2641,0.2651,0.2628,0.2634,9301.6
1719439200000.0,0.2631,0.2643,0.2631,0.2639,15829.9
1719442800000.0,0.2643,0.2654,0.2637,0.2654,6542.8
1719446400000.0,0.2653,0.2672,0.2634,0.2642,65043.2
1719450000000.0,0.2643,0.2644,0.2625,0.2637,15959.7
1719453600000.0,0.2639,0.2648,0.2628,0.2641,46756.5
1719457200000.0,0.2639,0.2654,0.2637,0.2647,12009.2
1719460800000.0,0.2649,0.2689,0.2649,0.2678,72192.9
1719464400000.0,0.2675,0.268,0.2643,0.2654,23311.2
1719468000000.0,0.2654,0.2657,0.2631,0.2632,72600.3
1719471600000.0,0.2637,0.2652,0.2633,0.2648,30268.4
1719475200000.0,0.2645,0.2651,0.2634,0.2643,3320.0
1719478800000.0,0.2645,0.2687,0.2641,0.2672,9963.7
1719482400000.0,0.2675,0.2726,0.2675,0.2707,107111.0
1719486000000.0,0.2708,0.2727,0.2701,0.2712,31232.3
1719489600000.0,0.2717,0.2745,0.2714,0.2744,57575.4
1719493200000.0,0.2744,0.2793,0.2729,0.2793,64336.6
1719496800000.0,0.279,0.2798,0.2771,0.2772,70574.0
1719500400000.0,0.2775,0.2797,0.2746,0.276,48010.0
1719504000000.0,0.2758,0.2791,0.2754,0.2791,30025.1
1719507600000.0,0.2791,0.2798,0.2778,0.2787,23160.1
1719511200000.0,0.2784,0.2784,0.2765,0.2766,135003.4
1719514800000.0,0.2764,0.2766,0.2739,0.276,28070.7
1719518400000.0,0.2756,0.2761,0.2738,0.2758,27081.6
1719522000000.0,0.2757,0.2757,0.275,0.275,5316.0
1719525600000.0,0.2748,0.2758,0.274,0.2757,13065.5
1719529200000.0,0.2755,0.2774,0.2754,0.2773,14595.4
1719532800000.0,0.2773,0.2783,0.2755,0.2757,30169.5
1719536400000.0,0.2755,0.2791,0.2748,0.2775,10127.7
1719540000000.0,0.2772,0.2772,0.2736,0.2743,15826.8
1719543600000.0,0.2746,0.275,0.2734,0.2743,4933.2
1719547200000.0,0.2741,0.2741,0.2728,0.2741,7333.4
1719550800000.0,0.2744,0.2744,0.2732,0.2735,5754.7
1719554400000.0,0.2738,0.2741,0.2727,0.2741,2809.2
1719558000000.0,0.2744,0.2744,0.2731,0.2741,63604.9
1719561600000.0,0.2738,0.275,0.2738,0.2746,14821.8
1719565200000.0,0.2744,0.276,0.2729,0.2755,51811.7
1719568800000.0,0.2752,0.276,0.2741,0.2745,7250.1
1719572400000.0,0.2744,0.2757,0.269,0.2753,66789.0
1719576000000.0,0.2755,0.2766,0.2727,0.2727,13041.2
1719579600000.0,0.2727,0.2735,0.2707,0.271,32955.4
1719583200000.0,0.2714,0.2766,0.2714,0.2748,32167.9
1719586800000.0,0.275,0.2751,0.2728,0.2741,10528.6
1719590400000.0,0.2744,0.2754,0.2727,0.275,14930.9
1719594000000.0,0.2752,0.2752,0.2705,0.2711,85579.3
1719597600000.0,0.2708,0.2719,0.2697,0.2709,55475.3
1719601200000.0,0.2705,0.2717,0.2698,0.2711,7760.8
1719604800000.0,0.2714,0.2728,0.2711,0.2723,21292.4
1719608400000.0,0.272,0.2723,0.2687,0.2705,31412.2
1719612000000.0,0.2702,0.271,0.2696,0.2704,22239.9
1719615600000.0,0.2702,0.2702,0.2687,0.2696,44650.9
1719619200000.0,0.2695,0.2716,0.2695,0.2716,27715.9
1719622800000.0,0.2717,0.275,0.2714,0.2749,9017.6
1719626400000.0,0.2748,0.2748,0.2693,0.2693,20276.7
1719630000000.0,0.2693,0.2707,0.2687,0.2696,26662.8
1719633600000.0,0.2694,0.2694,0.2678,0.2678,4664.0
1719637200000.0,0.2677,0.2698,0.2671,0.269,19288.1
1719640800000.0,0.2692,0.2698,0.2687,0.2694,18182.5
1719644400000.0,0.2693,0.2693,0.2656,0.2656,11175.7
1719648000000.0,0.2657,0.2657,0.2619,0.2624,16634.2
1719651600000.0,0.2625,0.2639,0.26,0.261,40990.1
1719655200000.0,0.2607,0.2607,0.256,0.2567,18866.5
1719658800000.0,0.2563,0.2628,0.2554,0.2611,102770.4
1719662400000.0,0.261,0.261,0.2536,0.2536,42885.9
1719666000000.0,0.2535,0.2538,0.2457,0.2462,112161.6
1719669600000.0,0.246,0.2518,0.2458,0.2492,53829.6
1719673200000.0,0.2494,0.252,0.2469,0.2503,81973.0
1719676800000.0,0.2496,0.2505,0.2484,0.249,36564.8
1719680400000.0,0.2488,0.2502,0.2483,0.2497,28461.0
1719684000000.0,0.2494,0.2499,0.2487,0.2489,118205.4
1719687600000.0,0.2488,0.249,0.246,0.2467,26239.3
1719691200000.0,0.247,0.2472,0.243,0.2439,74377.7
1719694800000.0,0.2436,0.2446,0.242,0.2426,107150.3
1719698400000.0,0.2428,0.2438,0.2412,0.242,85320.9
1719702000000.0,0.2421,0.2424,0.2394,0.2396,293880.3
1719705600000.0,0.2396,0.2396,0.2328,0.233,136799.6
1719709200000.0,0.233,0.233,0.2216,0.2254,441433.9
1719712800000.0,0.2255,0.2256,0.2181,0.2209,667189.0
1719716400000.0,0.2209,0.2257,0.2182,0.2238,496694.8
1719720000000.0,0.2238,0.2246,0.2196,0.223,259968.4
1719723600000.0,0.223,0.224,0.2168,0.2176,204559.6
1719727200000.0,0.2178,0.218,0.2145,0.2151,343197.9
1719730800000.0,0.2152,0.2245,0.2149,0.2224,536740.5
1719734400000.0,0.2226,0.2283,0.2215,0.2275,192236.2
1719738000000.0,0.2275,0.2305,0.2256,0.2258,326044.4
1719741600000.0,0.226,0.2262,0.2164,0.2171,424972.5
1719745200000.0,0.2171,0.2206,0.2166,0.2183,96680.3
1719748800000.0,0.2184,0.2204,0.2184,0.2196,95007.3
1719752400000.0,0.2194,0.2196,0.2164,0.2192,148893.7
1719756000000.0,0.2189,0.22,0.2177,0.2179,100076.6
1719759600000.0,0.2178,0.2202,0.2171,0.2191,93529.9
1719763200000.0,0.2188,0.2196,0.2053,0.2076,717212.3
1719766800000.0,0.2078,0.2148,0.2064,0.2118,543366.8
1719770400000.0,0.2116,0.2136,0.2092,0.2128,291145.9
1719774000000.0,0.2126,0.2143,0.212,0.2124,146574.8
1719777600000.0,0.2122,0.215,0.2112,0.2127,346685.5
1719781200000.0,0.2126,0.2149,0.2092,0.2108,229647.0
1719784800000.0,0.2106,0.2161,0.2092,0.2159,265612.5
1719788400000.0,0.2159,0.2165,0.2124,0.2125,194489.2
1719792000000.0,0.2127,0.214,0.2104,0.2122,174471.9
1719795600000.0,0.2119,0.2154,0.2107,0.215,376020.3
1719799200000.0,0.2149,0.217,0.213,0.2154,286793.7
1719802800000.0,0.2153,0.2169,0.2124,0.2124,237118.5
1719806400000.0,0.2125,0.2141,0.2113,0.2136,150972.8
1719810000000.0,0.2134,0.2134,0.2121,0.2132,40371.5
1719813600000.0,0.2131,0.2139,0.2124,0.2131,20016.8
1719817200000.0,0.213,0.2131,0.21,0.2106,249186.9
1719820800000.0,0.2104,0.2106,0.2015,0.2052,507117.2
1719824400000.0,0.2052,0.2052,0.2024,0.2033,201781.4
1719828000000.0,0.2032,0.2032,0.1951,0.1953,532374.7
1719831600000.0,0.1951,0.2026,0.1943,0.2002,349575.4
1719835200000.0,0.2004,0.2036,0.2003,0.2017,340669.6
1719838800000.0,0.2018,0.2024,0.197,0.1975,260388.4
1719842400000.0,0.1976,0.1982,0.1955,0.1973,212565.5
1719846000000.0,0.1975,0.1979,0.1953,0.197,166182.4
1719849600000.0,0.1969,0.1996,0.1967,0.1981,292313.0
1719853200000.0,0.1978,0.199,0.1965,0.1982,155650.9
1719856800000.0,0.1983,0.2027,0.1983,0.202,321239.2
1719860400000.0,0.2018,0.2045,0.2014,0.2032,354374.5
1719864000000.0,0.2034,0.2045,0.2011,0.2023,123982.4
1719867600000.0,0.2024,0.203,0.2008,0.2023,168565.3
1719871200000.0,0.2024,0.2035,0.1992,0.2002,140121.0
1719874800000.0,0.2004,0.2031,0.2003,0.2031,79614.1
1719878400000.0,0.203,0.2032,0.2,0.2028,223731.5
1719882000000.0,0.2028,0.2032,0.1985,0.2017,124178.2
1719885600000.0,0.2018,0.2024,0.2,0.2012,130781.1
1719889200000.0,0.2012,0.2015,0.1993,0.1996,57127.9
1719892800000.0,0.1998,0.2009,0.1978,0.2009,89195.3
1719896400000.0,0.201,0.2033,0.2006,0.2032,68971.2
1719900000000.0,0.2034,0.2043,0.2017,0.2036,125838.6
1719903600000.0,0.2033,0.2106,0.2014,0.2098,532365.0
1719907200000.0,0.2099,0.2104,0.2034,0.2038,454068.3
1719910800000.0,0.2036,0.2061,0.2028,0.2046,311279.8
1719914400000.0,0.2047,0.2064,0.2019,0.206,230698.2
1719918000000.0,0.2062,0.2082,0.2054,0.2063,280511.3
1719921600000.0,0.2066,0.2078,0.2048,0.2051,62352.1
1719925200000.0,0.2052,0.2059,0.2039,0.2044,55233.9
1719928800000.0,0.2046,0.2057,0.201,0.2024,457213.3
1719932400000.0,0.2022,0.2032,0.2019,0.203,66596.9
1719936000000.0,0.2032,0.2044,0.2021,0.204,116951.5
1719939600000.0,0.204,0.2052,0.201,0.2046,237448.7
1719943200000.0,0.2045,0.2051,0.203,0.2043,49257.9
1719946800000.0,0.204,0.2051,0.2034,0.2042,38496.8
1719950400000.0,0.2044,0.2044,0.2023,0.2028,39344.2
1719954000000.0,0.2028,0.2048,0.2023,0.2044,32472.2
1719957600000.0,0.2042,0.2065,0.2042,0.2056,34049.2
1719961200000.0,0.2058,0.2075,0.2056,0.2075,235358.6
1719964800000.0,0.2074,0.21,0.2072,0.2076,485409.5
1719968400000.0,0.2075,0.2075,0.2042,0.2052,203638.2
1719972000000.0,0.205,0.2056,0.2015,0.2036,34768.4
1719975600000.0,0.2038,0.2056,0.2018,0.2056,308841.2
1719979200000.0,0.2056,0.2095,0.2056,0.2074,303369.2
1719982800000.0,0.2076,0.2095,0.2059,0.2095,159547.3
1719986400000.0,0.2095,0.213,0.2086,0.2108,348756.5
1719990000000.0,0.211,0.212,0.2098,0.211,101687.5
1719993600000.0,0.2108,0.2123,0.2095,0.21,120208.0
1719997200000.0,0.2102,0.2126,0.2101,0.2106,59399.3
1720000800000.0,0.2108,0.2114,0.2054,0.2082,358983.4
1720004400000.0,0.208,0.2087,0.2059,0.2082,188280.0
1720008000000.0,0.208,0.208,0.2054,0.2058,96305.7
1720011600000.0,0.206,0.2102,0.2058,0.21,167184.3
1720015200000.0,0.2102,0.2103,0.2082,0.2092,150824.8
1720018800000.0,0.2094,0.2104,0.2074,0.2082,112065.0
1720022400000.0,0.208,0.2086,0.2067,0.2078,71938.2
1720026000000.0,0.2076,0.2084,0.2034,0.2037,61842.4
1720029600000.0,0.204,0.2042,0.2,0.2007,73962.6
1720033200000.0,0.2004,0.2019,0.1986,0.2004,86998.9
1720036800000.0,0.2006,0.203,0.2,0.2016,122959.7
1720040400000.0,0.2014,0.2042,0.2009,0.2033,35995.0
1720044000000.0,0.2032,0.2035,0.2015,0.203,72562.6
1720047600000.0,0.2026,0.2043,0.2014,0.2033,66050.6
1720051200000.0,0.2036,0.2051,0.2015,0.2015,32610.8
1720054800000.0,0.2015,0.2018,0.1907,0.1974,558460.5
1720058400000.0,0.1974,0.201,0.1947,0.2005,120384.6
1720062000000.0,0.2006,0.2014,0.1996,0.2001,85406.7
1720065600000.0,0.2,0.2012,0.1998,0.2,15064.9
1720069200000.0,0.2002,0.2006,0.1996,0.2,9703.1
1720072800000.0,0.1998,0.2014,0.198,0.1996,34649.7
1720076400000.0,0.1998,0.2002,0.1984,0.1993,20081.8
1720080000000.0,0.199,0.2002,0.197,0.1992,53280.9
1720083600000.0,0.1994,0.2002,0.198,0.1992,77601.4
1720087200000.0,0.199,0.1991,0.1971,0.1991,34325.8
1720090800000.0,0.1988,0.1996,0.1978,0.1988,50527.8
1720094400000.0,0.199,0.1997,0.1949,0.1953,63006.3
1720098000000.0,0.1951,0.1971,0.193,0.1964,162132.2
1720101600000.0,0.1966,0.1971,0.1945,0.1961,36348.3
1720105200000.0,0.1959,0.199,0.1951,0.1983,38979.9
1720108800000.0,0.198,0.1982,0.1959,0.1971,112162.0
1720112400000.0,0.1971,0.1971,0.1955,0.1961,16328.8
1720116000000.0,0.1959,0.196,0.1915,0.1939,50527.3
1720119600000.0,0.194,0.1957,0.1934,0.1934,74089.7
1720123200000.0,0.1933,0.1935,0.1923,0.1934,56396.6
1720126800000.0,0.1936,0.1943,0.1921,0.1943,21285.6
1720130400000.0,0.1941,0.1949,0.1864,0.1867,97457.3
1720134000000.0,0.1865,0.1865,0.1774,0.179,344284.6
1720137600000.0,0.1787,0.179,0.1644,0.1694,447152.5
1720141200000.0,0.1702,0.1718,0.165,0.1718,140070.9
1720144800000.0,0.1718,0.1718,0.1512,0.1581,305242.6
1720148400000.0,0.1592,0.1623,0.1541,0.157,505132.3
1720152000000.0,0.1568,0.1626,0.1531,0.1601,366393.3
1720155600000.0,0.1605,0.1637,0.1599,0.1603,107748.8
1720159200000.0,0.1604,0.161,0.1568,0.1592,157456.9
1720162800000.0,0.1587,0.1599,0.1578,0.1591,80638.5
1720166400000.0,0.1591,0.1591,0.1524,0.1529,32837.0
1720170000000.0,0.1532,0.1581,0.1532,0.1567,51587.5
1720173600000.0,0.1566,0.1594,0.1557,0.1561,75089.4
1720177200000.0,0.1563,0.1579,0.1551,0.1565,221160.0
1720180800000.0,0.1567,0.1567,0.1506,0.1515,203621.4
1720184400000.0,0.152,0.1551,0.1514,0.1546,183829.3
1720188000000.0,0.1545,0.1545,0.1509,0.154,392708.2
1720191600000.0,0.1542,0.1597,0.1542,0.157,854979.0
1720195200000.0,0.1573,0.159,0.1546,0.1551,245060.1
1720198800000.0,0.1548,0.1573,0.1537,0.1558,306467.5
1720202400000.0,0.1557,0.1557,0.1529,0.1552,229981.1
1720206000000.0,0.155,0.1567,0.154,0.1546,168475.5
1720209600000.0,0.1546,0.1573,0.1539,0.1569,91126.6
1720213200000.0,0.1568,0.1607,0.1565,0.1585,218153.1
1720216800000.0,0.1585,0.1594,0.1558,0.1561,206353.6
1720220400000.0,0.1563,0.1567,0.155,0.1563,117817.0
1720224000000.0,0.1557,0.1615,0.1546,0.1579,224620.9
1720227600000.0,0.1577,0.1597,0.1559,0.1594,267226.0
1720231200000.0,0.1595,0.1668,0.1579,0.1647,457391.0
1720234800000.0,0.1647,0.1706,0.1643,0.1654,391276.8
1720238400000.0,0.1655,0.1708,0.1649,0.1687,162123.5
1720242000000.0,0.1689,0.1737,0.1674,0.172,333742.0
1720245600000.0,0.1721,0.182,0.171,0.1775,792095.5
1720249200000.0,0.1772,0.1815,0.1767,0.1806,239446.8
1720252800000.0,0.1805,0.1819,0.1778,0.1817,317643.5
1720256400000.0,0.1819,0.1848,0.1796,0.1841,455687.5
1720260000000.0,0.1839,0.1864,0.1754,0.1787,333153.0
1720263600000.0,0.1785,0.1785,0.1732,0.1783,389550.9
1720267200000.0,0.1785,0.1832,0.1765,0.1771,453570.5
1720270800000.0,0.1769,0.1803,0.1751,0.1794,229378.4
1720274400000.0,0.1795,0.1805,0.1693,0.1736,629051.2
1720278000000.0,0.1737,0.176,0.1733,0.1738,322424.7
1720281600000.0,0.1737,0.1769,0.1729,0.1761,136172.2
1720285200000.0,0.1765,0.1767,0.1737,0.1744,155093.2
1720288800000.0,0.1744,0.1752,0.1735,0.1752,106198.0
1720292400000.0,0.1753,0.1761,0.1736,0.174,89547.9
1720296000000.0,0.1742,0.1754,0.1742,0.1749,32043.3
1720299600000.0,0.1747,0.1777,0.1747,0.1756,142087.5
1720303200000.0,0.1757,0.1771,0.1754,0.1759,123458.5
1720306800000.0,0.176,0.1778,0.1759,0.1771,51227.3
1720310400000.0,0.1769,0.1769,0.1732,0.1734,138840.4
1720314000000.0,0.1736,0.1744,0.1708,0.174,122823.0
1720317600000.0,0.1742,0.1759,0.1738,0.1751,70639.6
1720321200000.0,0.175,0.175,0.1738,0.1742,23092.4
1720324800000.0,0.1744,0.1765,0.1723,0.1725,133266.7
1720328400000.0,0.1726,0.1738,0.1709,0.1738,89889.4
1720332000000.0,0.1739,0.1752,0.1732,0.1748,32056.4
1720335600000.0,0.1746,0.1753,0.1718,0.1739,93946.3
1720339200000.0,0.174,0.1743,0.1725,0.1728,47603.2
1720342800000.0,0.173,0.1748,0.1718,0.1746,71638.6
1720346400000.0,0.1744,0.1758,0.1731,0.174,42042.5
1720350000000.0,0.1742,0.1747,0.1731,0.1747,146101.5
1720353600000.0,0.1744,0.1757,0.1728,0.1735,65328.8
1720357200000.0,0.1732,0.1734,0.1686,0.1698,120856.0
1720360800000.0,0.1696,0.1696,0.1636,0.1668,158257.9
1720364400000.0,0.1666,0.1676,0.1657,0.1664,62440.8
1720368000000.0,0.1663,0.1698,0.166,0.1698,41721.1
1720371600000.0,0.1694,0.171,0.1676,0.1702,38859.8
1720375200000.0,0.1703,0.171,0.1698,0.1698,17470.2
1720378800000.0,0.17,0.1706,0.1696,0.17,44323.6
1720382400000.0,0.1699,0.1717,0.1699,0.1704,97117.5
1720386000000.0,0.1706,0.1706,0.1662,0.1677,59258.1
1720389600000.0,0.168,0.1688,0.1646,0.1651,218278.9
1720393200000.0,0.1652,0.1666,0.1639,0.1647,112328.3
1720396800000.0,0.1653,0.1662,0.1604,0.1605,145891.7
1720400400000.0,0.1607,0.1635,0.1582,0.1635,70721.7
1720404000000.0,0.1633,0.1673,0.1631,0.166,61159.4
1720407600000.0,0.1662,0.167,0.1641,0.1647,15918.2
1720411200000.0,0.1647,0.1658,0.1637,0.1657,30533.6
1720414800000.0,0.166,0.1666,0.1645,0.1657,10166.1
1720418400000.0,0.1658,0.1669,0.1647,0.1651,20854.7
1720422000000.0,0.1652,0.1653,0.1623,0.1637,155535.9
1720425600000.0,0.1636,0.1718,0.1636,0.1716,97353.8
1720429200000.0,0.1714,0.1738,0.1709,0.173,53124.6
1720432800000.0,0.1732,0.1755,0.1723,0.1726,54356.6
1720436400000.0,0.1728,0.1773,0.1728,0.1769,34658.0
1720440000000.0,0.1767,0.1777,0.1746,0.1763,44271.7
1720443600000.0,0.1763,0.1775,0.1746,0.1771,128943.2
1720447200000.0,0.1769,0.1785,0.171,0.1756,286571.3
1720450800000.0,0.1754,0.1769,0.1722,0.1722,42223.8
1720454400000.0,0.1722,0.1739,0.1712,0.1726,89695.8
1720458000000.0,0.1725,0.1736,0.1717,0.1725,29298.2
1720461600000.0,0.1724,0.173,0.172,0.1728,22790.6
1720465200000.0,0.173,0.1732,0.1722,0.1732,3268.3
1720468800000.0,0.1732,0.1747,0.1725,0.1728,27679.2
1720472400000.0,0.1726,0.1746,0.1724,0.1744,13898.4
1720476000000.0,0.1742,0.1759,0.1737,0.1746,26423.7
1720479600000.0,0.1748,0.1754,0.1744,0.1744,5463.4
1720483200000.0,0.174,0.1742,0.1725,0.173,48722.1
1720486800000.0,0.1732,0.1771,0.1722,0.1732,93732.0
1720490400000.0,0.1731,0.1739,0.1709,0.1739,71540.7
1720494000000.0,0.174,0.1745,0.1714,0.1727,39418.9
1720497600000.0,0.1726,0.1731,0.1709,0.171,115901.7
1720501200000.0,0.1709,0.1718,0.1702,0.1709,10818.7
1720504800000.0,0.1708,0.1723,0.1706,0.1717,21679.0
1720508400000.0,0.1716,0.1718,0.1706,0.171,3289.9
1720512000000.0,0.1711,0.1741,0.171,0.1738,14727.0
1720515600000.0,0.1736,0.1756,0.1734,0.174,21081.8
1720519200000.0,0.1738,0.1742,0.1728,0.173,30836.2
1720522800000.0,0.173,0.1732,0.1718,0.1732,18966.1
1720526400000.0,0.1728,0.1739,0.1728,0.1732,32853.0
1720530000000.0,0.1731,0.1731,0.1712,0.1721,23463.6
1720533600000.0,0.1722,0.1754,0.1716,0.1725,41317.7
1720537200000.0,0.1724,0.1731,0.1714,0.1731,23014.7
1720540800000.0,0.1732,0.1744,0.1726,0.1732,40791.8
1720544400000.0,0.1734,0.1734,0.1708,0.1712,102838.8
1720548000000.0,0.171,0.1728,0.1708,0.1723,14172.8
1720551600000.0,0.1724,0.1736,0.1724,0.1734,8727.4
1720555200000.0,0.1733,0.1747,0.173,0.1738,37393.3
1720558800000.0,0.1736,0.1745,0.1732,0.1738,12411.1
1720562400000.0,0.1739,0.175,0.1733,0.1733,14603.1
1720566000000.0,0.1736,0.1736,0.1724,0.173,20856.8
1720569600000.0,0.173,0.173,0.1698,0.1698,134165.4
1720573200000.0,0.17,0.1718,0.1692,0.1708,54450.4
1720576800000.0,0.1706,0.1711,0.1694,0.1704,4967.0
1720580400000.0,0.1704,0.1712,0.1696,0.1712,22655.0
1720584000000.0,0.1714,0.1762,0.1714,0.175,119441.6
1720587600000.0,0.1752,0.1761,0.175,0.1756,19117.6
1720591200000.0,0.1754,0.1765,0.1746,0.1756,14554.6
1720594800000.0,0.1757,0.1757,0.1725,0.1742,9200.6
1720598400000.0,0.1742,0.1742,0.1728,0.1737,22959.8
1720602000000.0,0.1735,0.1742,0.1728,0.1736,2254.3
1720605600000.0,0.1734,0.1787,0.1732,0.1763,199592.5
1720609200000.0,0.1765,0.1767,0.1712,0.1715,201239.1
1720612800000.0,0.1714,0.1718,0.1698,0.1712,37472.9
1720616400000.0,0.1714,0.172,0.17,0.1718,17842.7
1720620000000.0,0.172,0.1726,0.1703,0.1706,39078.6
1720623600000.0,0.1706,0.1726,0.1703,0.1712,16148.1
1720627200000.0,0.1712,0.1739,0.171,0.1726,66537.1
1720630800000.0,0.1724,0.1726,0.1711,0.1716,150459.7
1720634400000.0,0.1716,0.1722,0.1709,0.1711,6467.2
1720638000000.0,0.171,0.171,0.1705,0.1708,8581.6
1720641600000.0,0.1706,0.1708,0.1703,0.1706,65459.4
1720645200000.0,0.1706,0.1706,0.1696,0.1704,46372.9
1720648800000.0,0.1705,0.1721,0.1704,0.1716,57921.8
1720652400000.0,0.1715,0.1722,0.1715,0.1717,28509.6
1720656000000.0,0.1716,0.1716,0.1697,0.1712,72420.7
1720659600000.0,0.171,0.1726,0.1696,0.1726,111161.7
1720663200000.0,0.1727,0.173,0.1716,0.1718,12617.3
1720666800000.0,0.1716,0.1716,0.1673,0.1695,143412.9
1720670400000.0,0.1692,0.1692,0.1686,0.1689,9163.7
1720674000000.0,0.1687,0.1707,0.1686,0.1707,24528.6
1720677600000.0,0.1705,0.1717,0.1702,0.1715,20311.8
1720681200000.0,0.1714,0.1714,0.1698,0.1698,14891.2
1720684800000.0,0.17,0.1702,0.169,0.1691,31909.8
1720688400000.0,0.1694,0.1698,0.1686,0.1696,47397.2
1720692000000.0,0.1698,0.1712,0.1698,0.1704,29402.5
1720695600000.0,0.1699,0.1714,0.1693,0.171,21140.8
1720699200000.0,0.1708,0.1754,0.1702,0.1745,437263.9
1720702800000.0,0.1744,0.1756,0.1732,0.1748,58340.6
1720706400000.0,0.175,0.1752,0.1723,0.1738,83115.3
1720710000000.0,0.174,0.1754,0.1715,0.172,21355.6
1720713600000.0,0.1721,0.1726,0.1705,0.172,44705.1
1720717200000.0,0.172,0.1734,0.172,0.1726,81378.0
1720720800000.0,0.1725,0.1738,0.172,0.1736,9808.1
1720724400000.0,0.1736,0.1736,0.1717,0.1718,17972.8
1720728000000.0,0.1717,0.172,0.1702,0.1714,134358.2
1720731600000.0,0.1713,0.1713,0.1668,0.1678,248367.2
1720735200000.0,0.1678,0.1685,0.1663,0.1676,41930.5
1720738800000.0,0.1678,0.1678,0.1662,0.1662,16330.9
1720742400000.0,0.1667,0.1686,0.1657,0.1669,52420.1
1720746000000.0,0.167,0.1672,0.1627,0.1662,82466.1
1720749600000.0,0.166,0.1678,0.1656,0.1678,26268.2
1720753200000.0,0.1679,0.1684,0.1672,0.1682,11270.5
1720756800000.0,0.1684,0.1684,0.1654,0.1658,51315.6
1720760400000.0,0.166,0.1666,0.1651,0.1657,15454.4
1720764000000.0,0.1658,0.1693,0.1658,0.168,122035.1
1720767600000.0,0.1682,0.1691,0.1658,0.1664,66212.0
1720771200000.0,0.1662,0.167,0.1657,0.1663,15580.3
1720774800000.0,0.1666,0.1666,0.1642,0.1645,23728.5
1720778400000.0,0.1647,0.1647,0.1624,0.1633,54703.6
1720782000000.0,0.1634,0.1635,0.1625,0.1629,16873.6
1720785600000.0,0.163,0.1639,0.1625,0.1639,35766.0
1720789200000.0,0.164,0.168,0.164,0.1678,84964.9
1720792800000.0,0.168,0.1682,0.1664,0.1668,4284.2
1720796400000.0,0.1668,0.1686,0.1664,0.1684,36743.8
1720800000000.0,0.1682,0.17,0.1676,0.1698,47081.4
1720803600000.0,0.17,0.1704,0.1682,0.1696,190464.1
1720807200000.0,0.1694,0.1716,0.1691,0.1712,35025.1
1720810800000.0,0.1714,0.1718,0.1698,0.1698,8428.5
1720814400000.0,0.1696,0.1696,0.1684,0.1696,20733.2
1720818000000.0,0.1694,0.1697,0.1691,0.1691,6842.4
1720821600000.0,0.169,0.1692,0.1686,0.169,4625.4
1720825200000.0,0.1692,0.1811,0.1684,0.1801,1031870.3
1720828800000.0,0.18,0.1856,0.1779,0.1825,510438.2
1720832400000.0,0.1823,0.184,0.1792,0.1825,458221.2
1720836000000.0,0.1824,0.1886,0.1821,0.1882,388031.2
1720839600000.0,0.188,0.1883,0.1853,0.1868,213292.2
1720843200000.0,0.1866,0.1899,0.1863,0.187,268174.4
1720846800000.0,0.1872,0.1921,0.1854,0.1904,272199.7
1720850400000.0,0.1906,0.1909,0.1876,0.189,65199.9
1720854000000.0,0.1891,0.1891,0.1867,0.1884,37263.7
1720857600000.0,0.1882,0.1899,0.1875,0.1882,90774.8
1720861200000.0,0.188,0.189,0.1874,0.1883,89802.7
1720864800000.0,0.1885,0.1886,0.1828,0.1843,158577.5
1720868400000.0,0.1841,0.1849,0.1825,0.1841,75793.0
1720872000000.0,0.1842,0.1858,0.1828,0.1843,100616.2
1720875600000.0,0.1845,0.1846,0.1829,0.1837,28830.1
1720879200000.0,0.1835,0.1835,0.1816,0.1817,38977.3
1720882800000.0,0.1817,0.1837,0.1812,0.1837,16902.6
1720886400000.0,0.1835,0.1844,0.1821,0.1827,44291.8
1720890000000.0,0.1825,0.1829,0.1817,0.1825,26566.8
1720893600000.0,0.1821,0.1827,0.1801,0.1805,136829.9
1720897200000.0,0.1807,0.1812,0.1799,0.1812,32296.0
1720900800000.0,0.1809,0.1827,0.1807,0.1823,62493.4
1720904400000.0,0.1822,0.1822,0.1808,0.1813,66069.9
1720908000000.0,0.1811,0.1839,0.1807,0.1831,44308.7
1720911600000.0,0.1832,0.1862,0.1825,0.1837,196280.0
1720915200000.0,0.1836,0.184,0.1828,0.1832,97226.3
1720918800000.0,0.1831,0.1847,0.1823,0.1841,33437.9
1720922400000.0,0.1839,0.1843,0.1807,0.1828,64491.7
1720926000000.0,0.1828,0.1846,0.1828,0.1843,37110.5
1720929600000.0,0.1841,0.1861,0.1841,0.1851,112151.4
1720933200000.0,0.1853,0.1871,0.1851,0.1863,44617.2
1720936800000.0,0.1863,0.1863,0.1841,0.1841,38643.6
1720940400000.0,0.1841,0.1845,0.1836,0.1843,14436.6
1720944000000.0,0.1845,0.1861,0.1843,0.1855,93445.1
1720947600000.0,0.1857,0.1859,0.1848,0.1859,38403.1
1720951200000.0,0.1861,0.1875,0.1857,0.1861,39322.5
1720954800000.0,0.1859,0.1892,0.1857,0.1882,64985.0
1720958400000.0,0.1881,0.1881,0.1854,0.1857,33023.6
1720962000000.0,0.1859,0.1894,0.1859,0.1888,40497.3
1720965600000.0,0.189,0.1904,0.1888,0.1897,64607.2
1720969200000.0,0.1898,0.1921,0.1898,0.1921,87930.2
1720972800000.0,0.1921,0.1924,0.1895,0.1915,63583.4
1720976400000.0,0.1916,0.1934,0.1908,0.1926,30231.2
1720980000000.0,0.1924,0.1949,0.1915,0.1942,130579.1
1720983600000.0,0.194,0.1947,0.1924,0.1941,122393.4
1720987200000.0,0.194,0.195,0.1936,0.194,98622.5
1720990800000.0,0.194,0.1949,0.1936,0.1948,66901.3
1720994400000.0,0.1946,0.1966,0.1938,0.1961,68768.3
1720998000000.0,0.1965,0.1973,0.1957,0.1969,15433.0
1721001600000.0,0.1971,0.1979,0.1895,0.1932,276053.5
1721005200000.0,0.1934,0.1942,0.1904,0.1913,78923.3
1721008800000.0,0.1914,0.192,0.1906,0.1912,20672.8
1721012400000.0,0.191,0.191,0.1873,0.1894,173116.4
1721016000000.0,0.1894,0.1924,0.1876,0.1904,140943.4
1721019600000.0,0.1903,0.1912,0.1869,0.1888,119372.6
1721023200000.0,0.189,0.1902,0.189,0.1892,14603.0
1721026800000.0,0.1893,0.191,0.189,0.1902,27569.3
1721030400000.0,0.19,0.191,0.1883,0.1886,70754.0
1721034000000.0,0.1882,0.189,0.1876,0.1884,11590.9
1721037600000.0,0.1888,0.1894,0.1883,0.1883,22014.1
1721041200000.0,0.1886,0.1902,0.1884,0.1902,10569.0
1721044800000.0,0.1898,0.1907,0.1896,0.1901,27031.8
1721048400000.0,0.1904,0.1908,0.1884,0.1898,59971.1
1721052000000.0,0.1896,0.1918,0.1896,0.1917,58669.4
1721055600000.0,0.1918,0.1922,0.1912,0.192,44130.0
1721059200000.0,0.1922,0.1961,0.1922,0.1951,113119.2
1721062800000.0,0.1949,0.2079,0.1946,0.2043,497489.2
1721066400000.0,0.2042,0.2068,0.2026,0.2057,125917.0
1721070000000.0,0.206,0.2064,0.2039,0.2056,78288.1
1721073600000.0,0.2054,0.2064,0.2039,0.2058,159298.1
1721077200000.0,0.206,0.206,0.2048,0.2052,13939.0
1721080800000.0,0.2054,0.2089,0.2054,0.2068,158919.0
1721084400000.0,0.207,0.2078,0.204,0.207,99070.4
1721088000000.0,0.2072,0.2083,0.2059,0.2065,67246.5
1721091600000.0,0.2066,0.207,0.205,0.2059,154522.5
1721095200000.0,0.2058,0.2076,0.203,0.2068,79915.7
1721098800000.0,0.2067,0.207,0.205,0.206,24678.0
1721102400000.0,0.2056,0.2056,0.2044,0.2056,16848.0
1721106000000.0,0.2054,0.206,0.1953,0.196,186847.5
1721109600000.0,0.196,0.1975,0.1897,0.1904,194579.8
1721113200000.0,0.1906,0.1929,0.1866,0.188,415499.4
1721116800000.0,0.1884,0.1901,0.186,0.189,102215.7
1721120400000.0,0.1888,0.1907,0.1884,0.19,58933.2
1721124000000.0,0.1898,0.1904,0.1883,0.19,80333.1
1721127600000.0,0.19,0.1921,0.1896,0.1915,58440.5
1721131200000.0,0.1916,0.1916,0.1898,0.1898,14221.7
1721134800000.0,0.1898,0.1918,0.1898,0.1914,11929.2
1721138400000.0,0.1914,0.193,0.1906,0.192,35843.4
1721142000000.0,0.1922,0.1969,0.1922,0.1965,95166.3
1721145600000.0,0.1966,0.1973,0.194,0.1972,136885.3
1721149200000.0,0.1969,0.199,0.1959,0.1988,123187.1
1721152800000.0,0.1987,0.2023,0.1967,0.2004,228190.8
1721156400000.0,0.2006,0.2008,0.1959,0.1976,80118.2
1721160000000.0,0.1975,0.1983,0.1965,0.1967,93917.7
1721163600000.0,0.1971,0.1979,0.1964,0.1964,46345.1
1721167200000.0,0.1965,0.1965,0.1944,0.1951,55583.8
1721170800000.0,0.1953,0.1971,0.1946,0.1958,33180.7
1721174400000.0,0.1959,0.1991,0.1946,0.1979,37983.9
1721178000000.0,0.1981,0.1995,0.1968,0.1977,13824.2
1721181600000.0,0.1979,0.1994,0.1975,0.1979,16695.6
1721185200000.0,0.1979,0.199,0.1967,0.1985,46437.4
1721188800000.0,0.1986,0.2012,0.1983,0.201,106567.6
1721192400000.0,0.2011,0.2011,0.1997,0.2004,14140.1
1721196000000.0,0.2003,0.2004,0.1964,0.1987,72028.4
1721199600000.0,0.1986,0.1994,0.1976,0.1983,32982.9
1721203200000.0,0.1985,0.2005,0.1951,0.1981,101260.4
1721206800000.0,0.1979,0.1999,0.1973,0.1998,40885.6
1721210400000.0,0.1996,0.1997,0.1985,0.199,32255.4
1721214000000.0,0.1988,0.1988,0.1953,0.1974,37234.6
1721217600000.0,0.1971,0.1973,0.1956,0.1959,60261.3
1721221200000.0,0.1963,0.1983,0.1946,0.1979,19231.9
1721224800000.0,0.1981,0.1982,0.1957,0.1971,63241.9
1721228400000.0,0.1969,0.1986,0.1953,0.1959,44897.8
1721232000000.0,0.1957,0.1957,0.1902,0.1928,223450.2
1721235600000.0,0.1928,0.194,0.1922,0.1938,55471.2
1721239200000.0,0.1939,0.1942,0.1934,0.1936,923.4
1721242800000.0,0.1937,0.194,0.1932,0.1934,29862.0
1721246400000.0,0.1936,0.1949,0.1936,0.1949,12317.5
1721250000000.0,0.1946,0.1946,0.1926,0.193,47195.4
1721253600000.0,0.1929,0.1936,0.1914,0.1919,35509.8
1721257200000.0,0.192,0.193,0.1918,0.1922,24254.1
1721260800000.0,0.1924,0.1954,0.1922,0.1947,25774.4
1721264400000.0,0.1949,0.1962,0.1942,0.1962,18376.6
1721268000000.0,0.1962,0.1976,0.1942,0.1965,99459.0
1721271600000.0,0.1967,0.1977,0.1961,0.1967,47025.9
1721275200000.0,0.1969,0.1969,0.1948,0.1948,13517.2
1721278800000.0,0.1947,0.1978,0.1946,0.1973,7868.5
1721282400000.0,0.1971,0.1988,0.1965,0.1985,26869.7
1721286000000.0,0.1985,0.1986,0.1963,0.1963,11812.6
1721289600000.0,0.1961,0.197,0.1951,0.1969,31664.2
1721293200000.0,0.1967,0.1985,0.1962,0.1971,155656.7
1721296800000.0,0.1969,0.1969,0.1949,0.1969,66921.6
1721300400000.0,0.1967,0.1979,0.1964,0.1975,52531.1
1721304000000.0,0.1977,0.1982,0.1971,0.1973,27303.0
1721307600000.0,0.1971,0.1981,0.196,0.1965,18980.9
1721311200000.0,0.1964,0.1966,0.1915,0.1926,245587.6
1721314800000.0,0.1924,0.1926,0.1872,0.1876,63629.0
1721318400000.0,0.1876,0.1876,0.1838,0.1872,204138.6
1721322000000.0,0.187,0.1876,0.1853,0.1853,55779.1
1721325600000.0,0.1855,0.1865,0.1846,0.1859,46486.6
1721329200000.0,0.1857,0.1862,0.1845,0.1857,35344.7
1721332800000.0,0.1855,0.1859,0.1849,0.1859,3637.8
1721336400000.0,0.1859,0.1861,0.1852,0.1859,9838.7
1721340000000.0,0.1859,0.1886,0.1859,0.1878,97296.4
1721343600000.0,0.1877,0.1883,0.1877,0.1881,21559.5
1721347200000.0,0.188,0.1884,0.1863,0.1865,78960.5
1721350800000.0,0.1862,0.1862,0.1836,0.1861,27763.5
1721354400000.0,0.186,0.1864,0.1854,0.1857,9999.2
1721358000000.0,0.1859,0.1887,0.1859,0.1887,41141.8
1721361600000.0,0.1888,0.1888,0.1874,0.1874,24186.6
1721365200000.0,0.1876,0.1884,0.1872,0.1884,3360.8
1721368800000.0,0.1886,0.1907,0.1886,0.1893,21084.6
1721372400000.0,0.1892,0.1892,0.1863,0.187,47439.0
1721376000000.0,0.1872,0.188,0.1857,0.1875,25259.1
1721379600000.0,0.1876,0.1884,0.1864,0.1868,16400.1
1721383200000.0,0.1867,0.1881,0.1865,0.1878,3572.2
1721386800000.0,0.188,0.1885,0.1873,0.1878,16325.2
1721390400000.0,0.188,0.1882,0.1873,0.188,6413.9
1721394000000.0,0.1883,0.1902,0.1869,0.1902,24661.1
1721397600000.0,0.19,0.1915,0.1894,0.1904,50904.4
1721401200000.0,0.1906,0.1918,0.1892,0.1918,73312.4
1721404800000.0,0.1919,0.1937,0.1919,0.1926,110261.0
1721408400000.0,0.1925,0.1932,0.1922,0.1926,23409.3
1721412000000.0,0.1924,0.1931,0.1914,0.1917,48896.5
1721415600000.0,0.1916,0.1936,0.1916,0.193,15707.0
1721419200000.0,0.1928,0.1943,0.1926,0.1943,106692.3
1721422800000.0,0.1944,0.1948,0.1927,0.1931,24728.1
1721426400000.0,0.1931,0.1936,0.1929,0.193,7958.0
1721430000000.0,0.1932,0.1942,0.1932,0.1942,22748.9
1721433600000.0,0.1944,0.1947,0.1919,0.1919,27202.7
1721437200000.0,0.1922,0.1928,0.191,0.1912,6306.0
1721440800000.0,0.1911,0.1924,0.191,0.1924,1672.5
1721444400000.0,0.1924,0.1934,0.1924,0.1934,6881.1
1721448000000.0,0.1932,0.194,0.1924,0.194,14731.4
1721451600000.0,0.1938,0.1938,0.1921,0.1934,20428.7
1721455200000.0,0.193,0.1934,0.1928,0.1934,2829.9
1721458800000.0,0.1932,0.1942,0.1931,0.1936,18804.7
1721462400000.0,0.1936,0.1936,0.1918,0.192,9734.7
1721466000000.0,0.192,0.1927,0.1912,0.1922,6619.7
1721469600000.0,0.192,0.1924,0.1916,0.1918,6432.2
1721473200000.0,0.1916,0.1916,0.1897,0.1899,35401.4
1721476800000.0,0.19,0.1907,0.19,0.1902,3517.8
1721480400000.0,0.1904,0.1904,0.1878,0.1886,61472.0
1721484000000.0,0.1888,0.2013,0.1888,0.1925,468636.4
1721487600000.0,0.1925,0.1942,0.1923,0.1937,174195.8
1721491200000.0,0.1938,0.196,0.1938,0.196,192983.0
1721494800000.0,0.1961,0.1963,0.1946,0.1954,62302.9
1721498400000.0,0.1953,0.1958,0.1945,0.1955,15260.0
1721502000000.0,0.1953,0.1957,0.1946,0.1947,9651.8
1721505600000.0,0.1949,0.1953,0.1947,0.1951,6041.5
1721509200000.0,0.1949,0.1977,0.1931,0.1963,261600.3
1721512800000.0,0.1966,0.1975,0.1941,0.1947,38054.1
1721516400000.0,0.1949,0.1956,0.1949,0.1951,12337.4
1721520000000.0,0.1949,0.1953,0.1931,0.1944,105166.3
1721523600000.0,0.194,0.1955,0.1939,0.1953,26393.6
1721527200000.0,0.1952,0.1956,0.1947,0.1955,53347.5
1721530800000.0,0.1955,0.1957,0.1951,0.1951,2780.9
1721534400000.0,0.1949,0.1951,0.1942,0.1944,27046.8
1721538000000.0,0.1944,0.1944,0.1929,0.1942,15768.6
1721541600000.0,0.1943,0.1943,0.1925,0.1925,15620.3
1721545200000.0,0.1924,0.1926,0.1906,0.1924,60805.2
1721548800000.0,0.1926,0.1936,0.1926,0.1934,6613.7
1721552400000.0,0.1936,0.1959,0.1936,0.1959,31985.0
1721556000000.0,0.1957,0.1957,0.1937,0.1937,55131.2
1721559600000.0,0.1937,0.194,0.1925,0.1936,35288.1
1721563200000.0,0.1934,0.1937,0.1928,0.1932,59166.7
1721566800000.0,0.1932,0.1934,0.1919,0.193,22714.6
1721570400000.0,0.1932,0.1939,0.192,0.1939,11035.7
1721574000000.0,0.1936,0.194,0.1928,0.1932,24832.5
1721577600000.0,0.1929,0.1941,0.1921,0.1933,10143.2
1721581200000.0,0.1936,0.1937,0.1894,0.1902,37248.1
1721584800000.0,0.19,0.1906,0.1816,0.1878,221869.9
1721588400000.0,0.1877,0.1904,0.1865,0.1904,48751.1
1721592000000.0,0.1902,0.1949,0.1902,0.1942,115311.9
1721595600000.0,0.1946,0.1963,0.1938,0.1963,121952.7
1721599200000.0,0.1963,0.1976,0.1955,0.1957,79621.9
1721602800000.0,0.196,0.1968,0.196,0.1962,98981.6
1721606400000.0,0.1962,0.1971,0.1961,0.1963,76907.0
1721610000000.0,0.1964,0.1967,0.1948,0.1953,33866.9
1721613600000.0,0.1951,0.1963,0.1946,0.1963,78295.4
1721617200000.0,0.1959,0.1959,0.1935,0.1935,6494.8
1721620800000.0,0.1934,0.194,0.1909,0.1912,57095.4
1721624400000.0,0.1911,0.1911,0.1871,0.188,54770.9
1721628000000.0,0.188,0.189,0.1863,0.1874,35462.3
1721631600000.0,0.1872,0.1872,0.1859,0.1869,14601.8
1721635200000.0,0.1868,0.187,0.1855,0.1859,35572.7
1721638800000.0,0.1857,0.1869,0.1857,0.1867,35029.5
1721642400000.0,0.1865,0.1878,0.1865,0.1872,18536.9
1721646000000.0,0.1875,0.1876,0.1865,0.1876,62741.8
1721649600000.0,0.1874,0.1884,0.187,0.1879,19238.3
1721653200000.0,0.1878,0.1887,0.1859,0.1863,19329.9
1721656800000.0,0.1861,0.1865,0.1831,0.1839,100102.1
1721660400000.0,0.1838,0.1847,0.1837,0.1842,108497.4
1721664000000.0,0.1842,0.1842,0.1811,0.182,93077.0
1721667600000.0,0.1823,0.1831,0.1814,0.1831,38771.5
1721671200000.0,0.1829,0.1836,0.1818,0.1836,40010.6
1721674800000.0,0.1833,0.1845,0.1825,0.1843,16295.6
1721678400000.0,0.1845,0.1846,0.1833,0.1838,21057.2
1721682000000.0,0.1835,0.1835,0.1797,0.1807,135759.3
1721685600000.0,0.1807,0.1807,0.177,0.1776,143612.2
1721689200000.0,0.1775,0.1775,0.1752,0.1756,60591.5
1721692800000.0,0.1759,0.1774,0.1742,0.1773,478465.1
1721696400000.0,0.1774,0.1791,0.1771,0.1782,142594.6
1721700000000.0,0.1783,0.1792,0.1774,0.1781,23150.4
1721703600000.0,0.1783,0.1791,0.1775,0.1786,11152.2
1721707200000.0,0.1789,0.1796,0.1762,0.1763,62632.2
1721710800000.0,0.1765,0.1767,0.1741,0.1752,51812.0
1721714400000.0,0.1754,0.1771,0.1745,0.1759,159819.4
1721718000000.0,0.176,0.1765,0.1751,0.1765,27545.2
1721721600000.0,0.1765,0.1807,0.175,0.1803,191784.8
1721725200000.0,0.1805,0.1819,0.1799,0.1799,50138.6
1721728800000.0,0.1798,0.1801,0.1784,0.1786,132278.7
1721732400000.0,0.1785,0.1791,0.1771,0.1789,21955.6
1721736000000.0,0.1787,0.1799,0.1778,0.179,349501.6
1721739600000.0,0.1793,0.1794,0.1763,0.1779,63148.3
1721743200000.0,0.1781,0.181,0.1769,0.1807,48719.2
1721746800000.0,0.1805,0.1805,0.176,0.1763,98502.2
1721750400000.0,0.176,0.1769,0.1707,0.1707,323793.9
1721754000000.0,0.171,0.173,0.1705,0.173,63499.7
1721757600000.0,0.1728,0.173,0.1719,0.1725,16982.3
1721761200000.0,0.1725,0.1742,0.1724,0.1728,30981.4
1721764800000.0,0.173,0.1738,0.1722,0.1725,107197.8
1721768400000.0,0.1723,0.1742,0.1716,0.1716,25788.1
1721772000000.0,0.1715,0.1716,0.17,0.1708,21006.1
1721775600000.0,0.1706,0.1717,0.1706,0.1714,16799.3
1721779200000.0,0.1712,0.173,0.1692,0.1692,95239.5
1721782800000.0,0.1694,0.1718,0.1693,0.1704,146780.0
1721786400000.0,0.1705,0.1729,0.1702,0.1725,45884.0
1721790000000.0,0.1725,0.173,0.172,0.1729,22137.0
1721793600000.0,0.173,0.173,0.1714,0.172,29356.7
1721797200000.0,0.1718,0.1722,0.1706,0.1721,3250.7
1721800800000.0,0.172,0.1728,0.1718,0.1726,4712.1
1721804400000.0,0.1728,0.1741,0.1726,0.1741,25706.5
1721808000000.0,0.1742,0.1752,0.174,0.175,3568.8
1721811600000.0,0.1749,0.1765,0.1748,0.1756,124002.7
1721815200000.0,0.1755,0.176,0.1749,0.1757,134222.3
1721818800000.0,0.1756,0.176,0.1756,0.1758,23007.8
1721822400000.0,0.1756,0.1768,0.1742,0.1742,144102.7
1721826000000.0,0.1745,0.1765,0.1743,0.176,26023.6
1721829600000.0,0.1761,0.178,0.1761,0.1773,27175.0
1721833200000.0,0.1774,0.1774,0.1744,0.1748,14346.3
1721836800000.0,0.175,0.1759,0.1736,0.1758,39755.9
1721840400000.0,0.1759,0.1767,0.1755,0.1761,18158.4
1721844000000.0,0.176,0.1763,0.1736,0.1743,22926.9
1721847600000.0,0.174,0.1748,0.1734,0.1735,3307.1
1721851200000.0,0.1736,0.1738,0.173,0.1738,6496.5
1721854800000.0,0.1734,0.1734,0.1691,0.1714,76406.1
1721858400000.0,0.1712,0.1714,0.1702,0.1703,6805.1
1721862000000.0,0.17,0.1714,0.169,0.1714,18836.3
1721865600000.0,0.1717,0.1721,0.1704,0.1714,19504.9
1721869200000.0,0.1715,0.1716,0.1638,0.1676,183773.0
1721872800000.0,0.1677,0.1682,0.166,0.1682,19005.8
1721876400000.0,0.168,0.168,0.1666,0.1678,7039.0
1721880000000.0,0.1674,0.169,0.1662,0.1687,26745.7
1721883600000.0,0.1687,0.1702,0.1686,0.1688,21199.3
1721887200000.0,0.1687,0.1704,0.1679,0.1699,5929.4
1721890800000.0,0.17,0.1701,0.1678,0.1682,7893.9
1721894400000.0,0.1678,0.17,0.1678,0.1697,9193.2
1721898000000.0,0.17,0.1727,0.1698,0.171,209206.3
1721901600000.0,0.171,0.171,0.1692,0.17,23667.8
1721905200000.0,0.1701,0.1716,0.17,0.1708,14061.5
1721908800000.0,0.1708,0.1712,0.1676,0.1682,45291.9
1721912400000.0,0.1678,0.1688,0.1668,0.1678,59029.7
1721916000000.0,0.168,0.1717,0.1666,0.1717,43965.1
1721919600000.0,0.1718,0.1732,0.1709,0.1714,75977.0
1721923200000.0,0.1712,0.1726,0.1696,0.1706,59741.9
1721926800000.0,0.1705,0.1713,0.1678,0.1687,69360.9
1721930400000.0,0.1686,0.1686,0.1648,0.1653,46744.4
1721934000000.0,0.1652,0.1673,0.1637,0.1665,61627.3
1721937600000.0,0.1662,0.1685,0.1639,0.1685,40407.6
1721941200000.0,0.1686,0.1706,0.1686,0.1702,44236.8
1721944800000.0,0.1703,0.171,0.1696,0.1703,41056.8
1721948400000.0,0.1706,0.1724,0.1704,0.1723,27599.8
1721952000000.0,0.1726,0.1739,0.172,0.1738,50250.2
1721955600000.0,0.1737,0.1746,0.1734,0.1734,7868.6
1721959200000.0,0.1737,0.1752,0.1737,0.1752,18517.1
1721962800000.0,0.175,0.1754,0.1743,0.1749,5742.4
1721966400000.0,0.1746,0.1746,0.1741,0.1744,7130.7
1721970000000.0,0.1744,0.1746,0.1736,0.1738,8887.5
1721973600000.0,0.174,0.1754,0.174,0.1754,7259.0
1721977200000.0,0.1754,0.1756,0.1748,0.1748,14773.3
1721980800000.0,0.1747,0.1752,0.1742,0.1742,22523.3
1721984400000.0,0.1741,0.1746,0.1736,0.1738,6715.0
1721988000000.0,0.1737,0.1738,0.1722,0.1729,12567.3
1721991600000.0,0.173,0.1738,0.1728,0.1738,2062.6
1721995200000.0,0.1736,0.174,0.1732,0.1736,10874.6
1721998800000.0,0.1736,0.1754,0.1728,0.1754,17956.8
1722002400000.0,0.1755,0.1756,0.173,0.174,22162.2
1722006000000.0,0.1739,0.1751,0.1737,0.1744,17359.5
1722009600000.0,0.1745,0.1756,0.1742,0.1748,4406.3
1722013200000.0,0.1748,0.1752,0.1742,0.1746,6856.7
1722016800000.0,0.1744,0.1754,0.1744,0.1748,6027.8
1722020400000.0,0.1752,0.1774,0.1752,0.1767,73075.0
1722024000000.0,0.1765,0.1767,0.1752,0.1753,15798.6
1722027600000.0,0.1754,0.1761,0.1752,0.1757,3197.3
1722031200000.0,0.1756,0.1773,0.1756,0.1767,2891.8
1722034800000.0,0.1767,0.1783,0.1764,0.1783,23987.9
1722038400000.0,0.1785,0.1792,0.1766,0.1766,99186.9
1722042000000.0,0.1766,0.1771,0.1747,0.1749,74053.0
1722045600000.0,0.1749,0.1764,0.1741,0.1764,135547.8
1722049200000.0,0.1764,0.1764,0.175,0.1753,2722.1
1722052800000.0,0.1752,0.1759,0.1751,0.1757,12230.6
1722056400000.0,0.1759,0.177,0.1759,0.176,4115.8
1722060000000.0,0.1758,0.1767,0.1754,0.1767,10778.8
1722063600000.0,0.1769,0.1769,0.1757,0.1757,1971.2
1722067200000.0,0.1759,0.1763,0.1752,0.176,5355.9
1722070800000.0,0.1759,0.1773,0.1756,0.1773,3496.0
1722074400000.0,0.1774,0.1774,0.1767,0.1774,45208.5
1722078000000.0,0.1771,0.1771,0.1757,0.1769,11722.7
1722081600000.0,0.1768,0.1775,0.1767,0.1768,4045.2
1722085200000.0,0.1771,0.1787,0.1771,0.1784,56508.7
1722088800000.0,0.1785,0.1788,0.1766,0.1769,10606.0
1722092400000.0,0.1771,0.1771,0.1732,0.1746,36492.1
1722096000000.0,0.1746,0.1753,0.1734,0.1749,5461.4
1722099600000.0,0.1746,0.1752,0.174,0.1741,5900.4
1722103200000.0,0.1744,0.1776,0.1744,0.1748,80174.1
1722106800000.0,0.1746,0.1769,0.1736,0.1769,39454.3
1722110400000.0,0.1767,0.177,0.173,0.1758,52454.6
1722114000000.0,0.1757,0.1787,0.1754,0.1779,50538.5
1722117600000.0,0.1779,0.1861,0.1779,0.1819,554525.5
1722121200000.0,0.1819,0.1833,0.1807,0.1814,210043.5
1722124800000.0,0.1815,0.182,0.1795,0.1809,43646.6
1722128400000.0,0.1809,0.1849,0.1805,0.1827,120868.1
1722132000000.0,0.1825,0.1832,0.181,0.1813,74767.0
1722135600000.0,0.1811,0.1821,0.1803,0.1803,15596.3
1722139200000.0,0.1803,0.1803,0.1769,0.1769,87571.7
1722142800000.0,0.1771,0.1778,0.1758,0.1775,43165.7
1722146400000.0,0.1776,0.1785,0.1775,0.1781,30072.5
1722150000000.0,0.1783,0.1783,0.1767,0.1775,10494.9
1722153600000.0,0.1777,0.1782,0.1768,0.1773,10545.7
1722157200000.0,0.1769,0.1775,0.1767,0.1773,779.6
1722160800000.0,0.1771,0.1773,0.1767,0.1771,11165.0
1722164400000.0,0.1769,0.1774,0.1767,0.1772,7773.0
1722168000000.0,0.1769,0.1773,0.1758,0.1773,51820.1
1722171600000.0,0.1771,0.1771,0.1764,0.1767,6479.6
1722175200000.0,0.1765,0.1765,0.1745,0.1757,70880.4
1722178800000.0,0.1759,0.1759,0.1742,0.1748,54332.0
1722182400000.0,0.1746,0.175,0.1732,0.1736,30410.2
1722186000000.0,0.1737,0.1745,0.1729,0.1742,75934.8
1722189600000.0,0.1743,0.1755,0.174,0.1748,45599.0
1722193200000.0,0.1746,0.1748,0.1742,0.1742,3230.3
1722196800000.0,0.1741,0.1741,0.1734,0.1734,587.2
1722200400000.0,0.1733,0.1733,0.1713,0.1718,24641.1
1722204000000.0,0.1717,0.1717,0.1696,0.1705,49756.7
1722207600000.0,0.1706,0.1729,0.1702,0.1729,33329.9
1722211200000.0,0.173,0.176,0.1728,0.1754,71563.1
1722214800000.0,0.1754,0.1758,0.1743,0.1744,58383.8
1722218400000.0,0.1743,0.1781,0.1739,0.178,44688.2
1722222000000.0,0.1783,0.1794,0.1763,0.1774,69081.6
1722225600000.0,0.1775,0.1775,0.1763,0.1773,11023.0
1722229200000.0,0.1775,0.1794,0.1775,0.1794,40934.2
1722232800000.0,0.1793,0.1797,0.1787,0.1787,5483.8
1722236400000.0,0.1789,0.1793,0.1783,0.1787,14529.1
1722240000000.0,0.1789,0.1791,0.1773,0.1777,18223.8
1722243600000.0,0.1779,0.1787,0.1774,0.1774,7170.8
1722247200000.0,0.1777,0.1777,0.1764,0.1769,13826.6
1722250800000.0,0.1767,0.1781,0.1766,0.1773,5225.2
1722254400000.0,0.1775,0.1792,0.1772,0.1785,27958.3
1722258000000.0,0.1787,0.1792,0.1775,0.1785,28873.6
1722261600000.0,0.1783,0.1787,0.1767,0.1773,75909.6
1722265200000.0,0.1771,0.1777,0.1748,0.1771,63564.2
1722268800000.0,0.1769,0.1774,0.1744,0.1751,40973.0
1722272400000.0,0.175,0.1763,0.1746,0.1754,12908.5
1722276000000.0,0.1752,0.1765,0.1752,0.1759,11689.6
1722279600000.0,0.1758,0.1765,0.1754,0.1764,8229.7
1722283200000.0,0.1763,0.1765,0.1748,0.175,6162.1
1722286800000.0,0.1748,0.1754,0.1739,0.1754,30950.7
1722290400000.0,0.1753,0.1767,0.175,0.1753,82937.6
1722294000000.0,0.1756,0.1761,0.1748,0.1749,16996.7
1722297600000.0,0.1747,0.1755,0.1732,0.1755,31070.4
1722301200000.0,0.1756,0.1765,0.1744,0.1748,36695.2
1722304800000.0,0.175,0.1755,0.1739,0.1748,37932.6
1722308400000.0,0.175,0.1757,0.175,0.1756,11390.4
1722312000000.0,0.1757,0.1761,0.1754,0.176,3797.5
1722315600000.0,0.1759,0.176,0.175,0.1752,4156.6
1722319200000.0,0.175,0.1763,0.1748,0.1763,3466.5
1722322800000.0,0.1765,0.1777,0.1765,0.1776,22344.1
1722326400000.0,0.1778,0.1789,0.1776,0.1781,14672.3
1722330000000.0,0.1783,0.1787,0.1771,0.1775,5319.8
1722333600000.0,0.1773,0.1779,0.1767,0.1769,7752.2
1722337200000.0,0.1769,0.1788,0.1767,0.1778,28151.7
1722340800000.0,0.1779,0.1811,0.1779,0.1804,86808.2
1722344400000.0,0.1805,0.1811,0.1781,0.1785,38878.5
1722348000000.0,0.1784,0.181,0.1779,0.1809,30610.3
1722351600000.0,0.1807,0.1836,0.1807,0.1827,99609.0
1722355200000.0,0.1829,0.1877,0.1774,0.1795,412574.6
1722358800000.0,0.1795,0.1797,0.1773,0.1782,82504.5
1722362400000.0,0.1781,0.1781,0.1761,0.1771,45837.1
1722366000000.0,0.1769,0.1769,0.1716,0.1732,147516.6
1722369600000.0,0.173,0.173,0.1698,0.172,59182.5
1722373200000.0,0.1718,0.1718,0.1688,0.1703,42801.9
1722376800000.0,0.1703,0.1712,0.1698,0.1712,9663.8
1722380400000.0,0.1714,0.1716,0.1702,0.1708,3901.7
1722384000000.0,0.1706,0.1721,0.1686,0.1719,52441.3
1722387600000.0,0.172,0.1739,0.1718,0.1738,94604.3
1722391200000.0,0.1739,0.1758,0.1734,0.174,61143.8
1722394800000.0,0.1738,0.1738,0.1666,0.1686,131946.2
1722398400000.0,0.1684,0.1684,0.1665,0.1678,39060.8
1722402000000.0,0.1676,0.17,0.1668,0.17,32034.2
1722405600000.0,0.1701,0.1729,0.1701,0.1726,60699.9
1722409200000.0,0.1725,0.1737,0.1724,0.173,24236.9
1722412800000.0,0.1728,0.1728,0.1712,0.1712,65360.7
1722416400000.0,0.1713,0.1714,0.1701,0.1708,53969.8
1722420000000.0,0.1707,0.1707,0.169,0.1692,13098.0
1722423600000.0,0.1694,0.1702,0.1694,0.17,4746.1
1722427200000.0,0.1698,0.1704,0.1692,0.1698,7021.0
1722430800000.0,0.17,0.1739,0.17,0.173,37417.4
1722434400000.0,0.1732,0.1742,0.1718,0.1728,39336.0
1722438000000.0,0.1726,0.1734,0.1725,0.1728,6629.3
1722441600000.0,0.1726,0.1746,0.1722,0.173,25539.6
1722445200000.0,0.1729,0.1749,0.1725,0.1745,3428.9
1722448800000.0,0.1741,0.1756,0.1721,0.1755,20617.4
1722452400000.0,0.1755,0.1767,0.1708,0.1719,86884.5
1722456000000.0,0.172,0.172,0.1691,0.1694,36338.1
1722459600000.0,0.1692,0.1707,0.1688,0.17,25387.4
1722463200000.0,0.1702,0.1705,0.1682,0.1698,24744.6
1722466800000.0,0.1696,0.1696,0.1686,0.1688,5182.3
1722470400000.0,0.1687,0.1698,0.1686,0.1697,23086.3
1722474000000.0,0.1698,0.1705,0.1679,0.1702,21001.2
1722477600000.0,0.1704,0.1705,0.168,0.1689,9287.9
1722481200000.0,0.1688,0.1703,0.1678,0.1689,42056.7
1722484800000.0,0.1688,0.17,0.1638,0.1639,77716.8
1722488400000.0,0.1637,0.1664,0.1629,0.1664,35064.9
1722492000000.0,0.1662,0.1662,0.1637,0.1637,22697.2
1722495600000.0,0.1636,0.1647,0.1632,0.1643,10933.0
1722499200000.0,0.1645,0.166,0.1637,0.1657,41930.0
1722502800000.0,0.1656,0.1662,0.1652,0.1652,6475.4
1722506400000.0,0.1651,0.1655,0.1643,0.1654,5496.1
1722510000000.0,0.1653,0.166,0.1649,0.166,4415.9
1722513600000.0,0.1661,0.1682,0.1661,0.1682,23696.4
1722517200000.0,0.168,0.168,0.1662,0.1666,9055.5
1722520800000.0,0.1664,0.1668,0.1611,0.1614,66511.2
1722524400000.0,0.161,0.1633,0.1598,0.1619,85301.1
1722528000000.0,0.1618,0.1618,0.1557,0.1581,201698.4
1722531600000.0,0.158,0.1589,0.1567,0.1589,33318.8
1722535200000.0,0.1588,0.1588,0.1543,0.1573,114071.5
1722538800000.0,0.1573,0.1597,0.1573,0.1585,157382.4
1722542400000.0,0.1586,0.1621,0.1578,0.1621,67183.8
1722546000000.0,0.1622,0.1646,0.1622,0.1625,107622.8
1722549600000.0,0.1627,0.166,0.1627,0.166,43718.9
1722553200000.0,0.1662,0.1666,0.1656,0.166,4738.7
1722556800000.0,0.1662,0.1672,0.1662,0.1668,33525.9
1722560400000.0,0.1666,0.1668,0.1656,0.166,6289.1
1722564000000.0,0.1658,0.1658,0.1616,0.1631,60730.8
1722567600000.0,0.163,0.1638,0.1623,0.1637,22562.1
1722571200000.0,0.1635,0.1635,0.1621,0.1626,10740.7
1722574800000.0,0.1624,0.1624,0.1596,0.1596,25295.2
1722578400000.0,0.1596,0.1606,0.1578,0.1605,33424.7
1722582000000.0,0.1606,0.1617,0.1593,0.1615,28978.7
1722585600000.0,0.1613,0.1615,0.159,0.1612,98364.7
1722589200000.0,0.1613,0.1619,0.1605,0.1605,51200.7
1722592800000.0,0.1607,0.1617,0.1598,0.1617,7785.6
1722596400000.0,0.1616,0.1619,0.1601,0.1605,8489.9
1722600000000.0,0.1607,0.1616,0.1599,0.1611,9011.0
1722603600000.0,0.1613,0.1638,0.1603,0.1629,49319.9
1722607200000.0,0.1631,0.1631,0.1562,0.1563,65657.0
1722610800000.0,0.1561,0.1583,0.1536,0.1579,117241.3
1722614400000.0,0.1577,0.1583,0.1558,0.1575,26398.6
1722618000000.0,0.1571,0.1583,0.1565,0.1567,33079.3
1722621600000.0,0.1565,0.1569,0.1555,0.1561,26155.2
1722625200000.0,0.1561,0.1567,0.1548,0.1563,10692.1
1722628800000.0,0.1564,0.1573,0.1546,0.1554,192720.9
1722632400000.0,0.1553,0.1553,0.1523,0.1539,60362.7
1722636000000.0,0.1538,0.1543,0.1529,0.153,17409.9
1722639600000.0,0.1532,0.1538,0.1519,0.1526,29824.1
1722643200000.0,0.1527,0.1536,0.1502,0.1509,119405.4
1722646800000.0,0.1507,0.1513,0.148,0.1507,120849.6
1722650400000.0,0.1509,0.1517,0.1503,0.1511,5137.8
1722654000000.0,0.1513,0.1523,0.1509,0.1523,4597.2
1722657600000.0,0.1523,0.1526,0.1519,0.1519,13039.3
1722661200000.0,0.1521,0.153,0.1521,0.153,29082.3
1722664800000.0,0.1532,0.1538,0.1529,0.1538,9569.6
1722668400000.0,0.1539,0.1546,0.1538,0.1539,21787.8
1722672000000.0,0.1536,0.1536,0.1521,0.1532,33249.4
1722675600000.0,0.153,0.1534,0.1523,0.1532,4228.3
1722679200000.0,0.1533,0.1536,0.1526,0.153,6054.4
1722682800000.0,0.1528,0.1528,0.1523,0.1523,3730.6
1722686400000.0,0.1522,0.1537,0.1521,0.1523,8187.4
1722690000000.0,0.1524,0.1525,0.151,0.1511,20843.6
1722693600000.0,0.1513,0.1523,0.1511,0.1511,9591.0
1722697200000.0,0.151,0.1511,0.1467,0.147,85019.2
1722700800000.0,0.1469,0.1476,0.144,0.1456,113845.3
1722704400000.0,0.1455,0.1455,0.1418,0.142,99406.3
1722708000000.0,0.1419,0.1424,0.1386,0.1389,118394.8
1722711600000.0,0.139,0.1397,0.1375,0.1375,284859.4
1722715200000.0,0.1374,0.1376,0.1352,0.1357,145669.8
1722718800000.0,0.1354,0.1389,0.1352,0.1387,239526.0
1722722400000.0,0.1386,0.1396,0.1378,0.1386,45048.2
1722726000000.0,0.1385,0.1385,0.1372,0.1379,41823.4
1722729600000.0,0.1383,0.139,0.1359,0.1387,167129.6
1722733200000.0,0.1388,0.139,0.1369,0.1384,45906.4
1722736800000.0,0.1385,0.1413,0.1385,0.1399,139978.9
1722740400000.0,0.14,0.1408,0.14,0.1403,75659.1
1722744000000.0,0.1404,0.1411,0.1397,0.1397,27068.2
1722747600000.0,0.1396,0.1404,0.1396,0.1403,16682.4
1722751200000.0,0.1404,0.1409,0.14,0.1406,7452.6
1722754800000.0,0.1407,0.141,0.1392,0.1393,27895.5
1722758400000.0,0.1392,0.1403,0.1382,0.14,42670.8
1722762000000.0,0.14,0.1403,0.1393,0.1393,18768.7
1722765600000.0,0.1392,0.1396,0.1387,0.1396,19480.5
1722769200000.0,0.1397,0.1397,0.1388,0.139,15592.4
1722772800000.0,0.1391,0.1405,0.1389,0.1403,17935.4
1722776400000.0,0.1402,0.1404,0.1384,0.1385,12380.4
1722780000000.0,0.1384,0.1385,0.1342,0.1346,165473.8
1722783600000.0,0.1344,0.1344,0.1286,0.1293,271659.9
1722787200000.0,0.1292,0.1301,0.1259,0.1262,97803.4
1722790800000.0,0.1263,0.1278,0.1231,0.1274,167730.3
1722794400000.0,0.1273,0.1281,0.1258,0.1278,165194.7
1722798000000.0,0.1279,0.1329,0.1268,0.1317,211751.7
1722801600000.0,0.1316,0.1338,0.1312,0.1324,109837.1
1722805200000.0,0.1323,0.1329,0.1317,0.1324,30580.6
1722808800000.0,0.1323,0.1341,0.1321,0.1327,27838.8
1722812400000.0,0.1326,0.1326,0.1298,0.1298,49080.5
1722816000000.0,0.1301,0.1319,0.1248,0.1259,226147.5
1722819600000.0,0.1261,0.1262,0.1108,0.1174,416526.4
1722823200000.0,0.118,0.1199,0.115,0.1198,134396.0
1722826800000.0,0.1199,0.1199,0.1168,0.1176,57358.0
1722830400000.0,0.1177,0.1205,0.1177,0.1196,72186.2
1722834000000.0,0.1197,0.1205,0.1149,0.1181,143336.4
1722837600000.0,0.1182,0.119,0.1093,0.1157,274100.2
1722841200000.0,0.1154,0.123,0.1149,0.1223,99544.8
1722844800000.0,0.1224,0.123,0.12,0.1206,103811.3
1722848400000.0,0.1205,0.122,0.1187,0.1207,79930.8
1722852000000.0,0.1208,0.1208,0.1153,0.1165,85502.1
1722855600000.0,0.1164,0.1164,0.1115,0.1161,618997.2
1722859200000.0,0.1162,0.117,0.1127,0.1136,365017.1
1722862800000.0,0.1134,0.1215,0.1122,0.1211,161958.7
1722866400000.0,0.1213,0.1278,0.1213,0.1268,205189.1
1722870000000.0,0.1269,0.1324,0.1258,0.1299,332164.1
1722873600000.0,0.1299,0.1328,0.1276,0.1277,368219.5
1722877200000.0,0.1278,0.1288,0.1271,0.1273,59049.0
1722880800000.0,0.1272,0.1273,0.1228,0.1228,177364.0
1722884400000.0,0.123,0.1259,0.1223,0.1245,249309.4
1722888000000.0,0.1246,0.1261,0.124,0.1249,63058.0
1722891600000.0,0.1249,0.1265,0.1242,0.1247,37003.6
1722895200000.0,0.1248,0.1269,0.1243,0.1259,45907.6
1722898800000.0,0.1258,0.1269,0.1243,0.1244,20921.4
1722902400000.0,0.1245,0.1297,0.1245,0.1295,81519.5
1722906000000.0,0.1294,0.1312,0.1279,0.1282,44660.4
1722909600000.0,0.1283,0.1291,0.1272,0.128,39389.6
1722913200000.0,0.1281,0.1289,0.1278,0.1283,40043.8
1722916800000.0,0.1284,0.1304,0.1278,0.1304,71403.5
1722920400000.0,0.1303,0.1319,0.1296,0.1319,29961.9
1722924000000.0,0.1317,0.1323,0.1309,0.1319,33651.4
1722927600000.0,0.1318,0.1328,0.1314,0.1324,23482.4
1722931200000.0,0.1323,0.1326,0.1287,0.13,51076.9
1722934800000.0,0.1299,0.1304,0.129,0.13,25448.9
1722938400000.0,0.1299,0.1301,0.1289,0.1295,16229.7
1722942000000.0,0.1296,0.1299,0.129,0.1292,12171.0
1722945600000.0,0.1293,0.1301,0.1282,0.1288,19246.4
1722949200000.0,0.1287,0.1304,0.1276,0.1291,42120.3
1722952800000.0,0.1292,0.134,0.1292,0.1325,95454.8
1722956400000.0,0.1326,0.1332,0.1304,0.1326,66760.6
1722960000000.0,0.1327,0.1335,0.132,0.1327,59433.5
1722963600000.0,0.1326,0.1329,0.1311,0.1311,16632.8
1722967200000.0,0.1312,0.1324,0.1312,0.1314,13304.0
1722970800000.0,0.1313,0.1313,0.1302,0.1302,40863.2
1722974400000.0,0.1301,0.1308,0.1295,0.13,47054.6
1722978000000.0,0.1301,0.1303,0.1297,0.1303,5746.7
1722981600000.0,0.1304,0.1322,0.1301,0.1307,23050.0
1722985200000.0,0.1308,0.1313,0.1298,0.1305,16089.1
1722988800000.0,0.1304,0.1308,0.1288,0.1301,28058.9
1722992400000.0,0.1302,0.1327,0.1287,0.1326,27180.2
1722996000000.0,0.1325,0.1336,0.1312,0.1319,59463.0
1722999600000.0,0.1318,0.1329,0.1318,0.1325,19427.2
1723003200000.0,0.1326,0.1335,0.1323,0.1327,21692.3
1723006800000.0,0.1326,0.1338,0.1325,0.1328,28557.5
1723010400000.0,0.1327,0.1331,0.1319,0.1321,16893.6
1723014000000.0,0.132,0.1327,0.1317,0.1322,13254.9
1723017600000.0,0.1321,0.1334,0.132,0.1332,10598.9
1723021200000.0,0.1333,0.1347,0.133,0.134,55738.2
1723024800000.0,0.1339,0.1348,0.1334,0.1334,20086.8
1723028400000.0,0.1333,0.1333,0.132,0.1321,19352.4
1723032000000.0,0.1321,0.1333,0.1316,0.1332,25662.6
1723035600000.0,0.1333,0.1335,0.1319,0.132,24148.3
1723039200000.0,0.1321,0.1322,0.1256,0.1271,110246.9
1723042800000.0,0.127,0.1282,0.1259,0.1272,38475.7
1723046400000.0,0.1273,0.1275,0.126,0.1264,62420.7
1723050000000.0,0.1265,0.1269,0.1248,0.1263,42558.4
1723053600000.0,0.1264,0.1266,0.1245,0.1247,57390.1
1723057200000.0,0.1248,0.1253,0.1237,0.1245,22602.9
1723060800000.0,0.1246,0.1263,0.1236,0.1254,31658.9
1723064400000.0,0.1255,0.1263,0.1252,0.1259,39323.0
1723068000000.0,0.126,0.1263,0.1242,0.1263,18662.4
1723071600000.0,0.1262,0.1268,0.1256,0.1259,12332.0
1723075200000.0,0.1257,0.1264,0.1237,0.1255,34860.0
1723078800000.0,0.1256,0.1299,0.1255,0.1298,55707.7
1723082400000.0,0.1298,0.1327,0.1297,0.1326,61469.4
1723086000000.0,0.1326,0.1332,0.1316,0.1316,34127.8
1723089600000.0,0.1318,0.1328,0.1312,0.1312,33435.6
1723093200000.0,0.1311,0.1321,0.131,0.1321,12995.8
1723096800000.0,0.1322,0.1327,0.1318,0.1323,22460.2
1723100400000.0,0.1322,0.1325,0.1316,0.1316,7195.3
1723104000000.0,0.1315,0.1323,0.1313,0.1319,6714.7
1723107600000.0,0.132,0.1326,0.1313,0.132,9283.6
1723111200000.0,0.1321,0.1324,0.1316,0.1322,6327.5
1723114800000.0,0.1323,0.1328,0.1322,0.1325,9126.9
1723118400000.0,0.1324,0.1364,0.132,0.1343,100539.4
1723122000000.0,0.1344,0.1353,0.1328,0.1337,50651.2
1723125600000.0,0.1338,0.1366,0.1338,0.1366,63798.3
1723129200000.0,0.1367,0.1376,0.1364,0.1376,46628.5
1723132800000.0,0.1377,0.1397,0.1374,0.1384,172644.7
1723136400000.0,0.1385,0.1391,0.1375,0.1375,16175.7
1723140000000.0,0.1374,0.1378,0.1369,0.1369,26029.1
1723143600000.0,0.137,0.1379,0.1365,0.1368,27574.4
1723147200000.0,0.1369,0.1374,0.1367,0.1367,8548.7
1723150800000.0,0.1368,0.1396,0.1368,0.1396,49475.8
1723154400000.0,0.1397,0.142,0.1391,0.1415,115476.6
1723158000000.0,0.1418,0.1425,0.1405,0.1422,58945.3
1723161600000.0,0.1421,0.1435,0.1417,0.142,59226.3
1723165200000.0,0.1419,0.142,0.1411,0.1414,15492.8
1723168800000.0,0.1413,0.1413,0.1404,0.1405,32510.2
1723172400000.0,0.1405,0.1411,0.1402,0.1409,14563.4
1723176000000.0,0.1408,0.1408,0.1385,0.1385,22897.1
1723179600000.0,0.1386,0.1402,0.1379,0.1398,65352.3
1723183200000.0,0.1397,0.1404,0.1394,0.1401,6282.7
1723186800000.0,0.1402,0.1407,0.1401,0.1402,4787.0
1723190400000.0,0.1403,0.1412,0.14,0.1412,22349.1
1723194000000.0,0.1413,0.1414,0.1403,0.1406,8034.1
1723197600000.0,0.1405,0.141,0.1397,0.1405,37970.9
1723201200000.0,0.1404,0.1406,0.1399,0.1403,4538.4
1723204800000.0,0.1404,0.1405,0.1388,0.1392,17614.5
1723208400000.0,0.1391,0.1392,0.1371,0.1386,50925.8
1723212000000.0,0.1387,0.1405,0.1363,0.1384,132438.1
1723215600000.0,0.1383,0.1388,0.1367,0.1367,33960.2
1723219200000.0,0.1368,0.1378,0.1364,0.137,23390.6
1723222800000.0,0.1372,0.1376,0.1366,0.1368,14218.3
1723226400000.0,0.1369,0.1373,0.1363,0.1368,19098.0
1723230000000.0,0.1369,0.1375,0.1365,0.1374,7319.6
1723233600000.0,0.1373,0.138,0.137,0.1376,10377.7
1723237200000.0,0.1375,0.138,0.1367,0.138,10109.4
1723240800000.0,0.1381,0.1385,0.1371,0.1378,35050.8
1723244400000.0,0.1379,0.1385,0.137,0.1384,14038.5
1723248000000.0,0.1384,0.1402,0.1378,0.1382,72251.7
1723251600000.0,0.1381,0.1389,0.1379,0.138,199659.3
1723255200000.0,0.1381,0.1388,0.1376,0.1387,154207.9
1723258800000.0,0.1387,0.1391,0.1379,0.1391,10478.2
1723262400000.0,0.139,0.139,0.1377,0.1381,20763.9
1723266000000.0,0.1382,0.1386,0.138,0.1384,9352.2
1723269600000.0,0.1383,0.1388,0.1381,0.1388,14351.0
1723273200000.0,0.1387,0.1389,0.1382,0.1387,11479.1
1723276800000.0,0.1388,0.1389,0.1383,0.1389,38366.0
1723280400000.0,0.139,0.14,0.1389,0.14,25495.8
1723284000000.0,0.1401,0.1407,0.1396,0.1403,48521.0
1723287600000.0,0.1404,0.1414,0.1404,0.1414,45416.8
1723291200000.0,0.1415,0.1423,0.1414,0.1417,16476.6
1723294800000.0,0.1416,0.1416,0.1403,0.1404,11415.1
1723298400000.0,0.1403,0.1406,0.1392,0.1401,18061.3
1723302000000.0,0.1402,0.1417,0.14,0.141,45608.7
1723305600000.0,0.1411,0.1414,0.1404,0.1414,21001.6
1723309200000.0,0.1415,0.1416,0.141,0.1416,5348.8
1723312800000.0,0.1417,0.1422,0.1411,0.1418,21379.6
1723316400000.0,0.1417,0.1417,0.1405,0.1413,23930.9
1723320000000.0,0.1414,0.1417,0.1411,0.1415,8836.7
1723323600000.0,0.1417,0.1432,0.1417,0.1426,128085.0
1723327200000.0,0.1427,0.1428,0.1418,0.1421,104969.8
1723330800000.0,0.142,0.142,0.1415,0.1416,19275.3
1723334400000.0,0.1415,0.1426,0.1415,0.1424,6867.8
1723338000000.0,0.1424,0.1425,0.1418,0.142,4966.5
1723341600000.0,0.1421,0.1422,0.1414,0.1414,4753.3
1723345200000.0,0.1416,0.1432,0.1416,0.1423,27667.4
1723348800000.0,0.1422,0.1422,0.1412,0.1416,69133.9
1723352400000.0,0.1416,0.1418,0.141,0.1418,8808.6
1723356000000.0,0.1417,0.1417,0.1411,0.1413,2107.5
1723359600000.0,0.1413,0.1425,0.1413,0.1424,10497.9
1723363200000.0,0.1425,0.143,0.1421,0.143,47540.2
1723366800000.0,0.143,0.1438,0.1427,0.143,10091.8
1723370400000.0,0.1429,0.1435,0.1415,0.1415,8143.1
1723374000000.0,0.1414,0.1414,0.1397,0.1403,49569.3
1723377600000.0,0.1402,0.1403,0.1378,0.1383,130867.2
1723381200000.0,0.1382,0.1382,0.1363,0.1369,23322.2
1723384800000.0,0.1369,0.1369,0.1341,0.1341,114924.2
1723388400000.0,0.1341,0.1345,0.1326,0.133,118036.4
1723392000000.0,0.1329,0.1347,0.1326,0.1346,43867.6
1723395600000.0,0.1345,0.1351,0.134,0.1347,29948.0
1723399200000.0,0.1348,0.1356,0.1343,0.135,61957.2
1723402800000.0,0.1349,0.1349,0.1317,0.1325,92978.0
1723406400000.0,0.1324,0.1324,0.1303,0.131,136404.9
1723410000000.0,0.1309,0.1322,0.1305,0.1316,34566.3
1723413600000.0,0.1315,0.132,0.1302,0.1316,20152.6
1723417200000.0,0.1315,0.1315,0.1304,0.1309,65961.4
1723420800000.0,0.1308,0.1332,0.1298,0.1323,156969.4
1723424400000.0,0.1322,0.1354,0.1318,0.1338,46773.0
1723428000000.0,0.1339,0.1341,0.133,0.1339,12211.1
1723431600000.0,0.134,0.1341,0.1332,0.1335,20847.1
1723435200000.0,0.1334,0.1338,0.1329,0.133,15935.1
1723438800000.0,0.1329,0.1332,0.1316,0.1325,42412.8
1723442400000.0,0.1326,0.1328,0.131,0.1315,23175.7
1723446000000.0,0.1314,0.1344,0.1302,0.1342,75201.2
1723449600000.0,0.1341,0.1354,0.1332,0.1333,68284.3
1723453200000.0,0.1334,0.134,0.1329,0.134,20628.5
1723456800000.0,0.1341,0.1355,0.1332,0.1355,39923.5
1723460400000.0,0.1355,0.1397,0.1355,0.1392,96199.8
1723464000000.0,0.1393,0.1397,0.1385,0.1394,48273.6
1723467600000.0,0.1393,0.1397,0.1346,0.1351,78096.8
1723471200000.0,0.135,0.14,0.1337,0.1392,145870.3
1723474800000.0,0.1393,0.1399,0.1364,0.1382,85527.8
1723478400000.0,0.138,0.1386,0.1371,0.1372,44828.6
1723482000000.0,0.1373,0.1376,0.1358,0.1359,44241.5
1723485600000.0,0.136,0.1368,0.1345,0.1347,38793.1
1723489200000.0,0.1348,0.1358,0.1345,0.1356,15144.8
1723492800000.0,0.1357,0.1366,0.1353,0.1357,15696.8
1723496400000.0,0.1358,0.1358,0.1347,0.1356,10615.9
1723500000000.0,0.1355,0.1363,0.1353,0.1359,7724.6
1723503600000.0,0.136,0.1382,0.136,0.1377,36414.4
1723507200000.0,0.1376,0.1383,0.1373,0.1377,46636.7
1723510800000.0,0.1376,0.1377,0.1367,0.1373,31630.2
1723514400000.0,0.1372,0.1372,0.1361,0.1365,5334.3
1723518000000.0,0.1366,0.1366,0.1343,0.1343,43778.8
1723521600000.0,0.1342,0.1363,0.1338,0.1363,244893.1
1723525200000.0,0.1363,0.1365,0.136,0.1362,10651.7
1723528800000.0,0.1361,0.1366,0.1353,0.1366,40753.4
1723532400000.0,0.1367,0.1368,0.1356,0.1356,22330.3
1723536000000.0,0.1358,0.1361,0.1351,0.1352,11557.7
1723539600000.0,0.1351,0.1351,0.1344,0.1348,7487.7
1723543200000.0,0.1347,0.135,0.1342,0.1348,8151.9
1723546800000.0,0.1347,0.1353,0.1345,0.1352,7132.2
1723550400000.0,0.1353,0.1369,0.1353,0.1369,14966.0
1723554000000.0,0.1368,0.1379,0.1362,0.1379,13116.9
1723557600000.0,0.138,0.138,0.1359,0.1371,95129.9
1723561200000.0,0.1371,0.1372,0.1363,0.1365,54385.4
1723564800000.0,0.1366,0.1398,0.1366,0.1398,103582.3
1723568400000.0,0.1399,0.1406,0.1397,0.1403,58454.0
1723572000000.0,0.1402,0.1406,0.1393,0.1395,8921.6
1723575600000.0,0.1396,0.1397,0.1383,0.1395,69803.4
1723579200000.0,0.1394,0.1395,0.1387,0.1393,7153.4
1723582800000.0,0.1394,0.1402,0.1394,0.1402,28616.9
1723586400000.0,0.1401,0.1402,0.1394,0.1395,12274.3
1723590000000.0,0.1394,0.1397,0.1393,0.1395,20436.5
1723593600000.0,0.1394,0.1396,0.1391,0.1396,6078.1
1723597200000.0,0.1395,0.1395,0.1377,0.1377,20053.0
1723600800000.0,0.1376,0.1383,0.1376,0.1382,5625.9
1723604400000.0,0.1381,0.1384,0.1379,0.138,3166.2
1723608000000.0,0.1379,0.1384,0.1378,0.1378,4135.3
1723611600000.0,0.1377,0.1382,0.1371,0.1371,5617.8
1723615200000.0,0.137,0.1378,0.1369,0.1373,25152.0
1723618800000.0,0.1372,0.1372,0.1363,0.1363,2053.6
1723622400000.0,0.1362,0.1362,0.1356,0.1359,18201.8
1723626000000.0,0.136,0.137,0.1358,0.137,6492.6
1723629600000.0,0.1371,0.1392,0.1371,0.1382,20134.3
1723633200000.0,0.1381,0.1384,0.1376,0.1383,8867.8
1723636800000.0,0.1381,0.1397,0.1372,0.1387,94791.3
1723640400000.0,0.1388,0.1389,0.1339,0.1342,104203.1
1723644000000.0,0.1341,0.1344,0.1323,0.1344,70059.5
1723647600000.0,0.1345,0.1364,0.134,0.1354,42366.9
1723651200000.0,0.1353,0.1359,0.1344,0.135,32733.2
1723654800000.0,0.1351,0.1356,0.1347,0.1353,74322.3
1723658400000.0,0.1354,0.1356,0.1344,0.1348,6375.2
1723662000000.0,0.1349,0.135,0.1344,0.1347,7598.3
1723665600000.0,0.1346,0.135,0.1346,0.135,3816.5
1723669200000.0,0.1351,0.1351,0.1345,0.1345,2710.0
1723672800000.0,0.1344,0.1354,0.1339,0.1354,29924.4
1723676400000.0,0.1353,0.1354,0.1351,0.1353,5298.0
1723680000000.0,0.1354,0.1354,0.1348,0.1348,5739.6
1723683600000.0,0.1347,0.1348,0.1336,0.1339,12428.3
1723687200000.0,0.1338,0.1345,0.1331,0.1331,14748.6
1723690800000.0,0.1332,0.1344,0.1332,0.1333,33247.8
1723694400000.0,0.1334,0.1335,0.133,0.1335,3458.4
1723698000000.0,0.1334,0.1334,0.1318,0.1318,27800.4
1723701600000.0,0.1319,0.1327,0.1318,0.132,12837.4
1723705200000.0,0.1319,0.1326,0.1317,0.1324,21031.2
1723708800000.0,0.1323,0.1333,0.1318,0.1333,7216.6
1723712400000.0,0.1334,0.1337,0.1331,0.1331,8958.3
1723716000000.0,0.133,0.1331,0.1326,0.1326,2073.4
1723719600000.0,0.1327,0.134,0.1327,0.1339,10337.7
1723723200000.0,0.1338,0.1355,0.1337,0.1344,59263.1
1723726800000.0,0.1343,0.1355,0.134,0.1351,33977.8
1723730400000.0,0.1352,0.1355,0.134,0.134,25334.5
1723734000000.0,0.1341,0.1345,0.1337,0.1341,11997.1
1723737600000.0,0.134,0.134,0.1326,0.1328,61310.9
1723741200000.0,0.1328,0.1328,0.1284,0.1284,191019.4
1723744800000.0,0.1283,0.1283,0.1244,0.1254,99766.2
1723748400000.0,0.1254,0.1266,0.1245,0.1262,44941.8
1723752000000.0,0.1261,0.1263,0.1254,0.1262,39764.2
1723755600000.0,0.1263,0.1268,0.1257,0.1265,32005.3
1723759200000.0,0.1264,0.1273,0.1254,0.1267,45400.7
1723762800000.0,0.1266,0.1269,0.1265,0.1266,6244.7
1723766400000.0,0.1264,0.1266,0.1252,0.1254,283319.6
1723770000000.0,0.1254,0.1254,0.1241,0.1246,13532.0
1723773600000.0,0.1245,0.1274,0.1237,0.1263,183830.7
1723777200000.0,0.1262,0.1265,0.1256,0.1256,7344.0
1723780800000.0,0.1257,0.127,0.1256,0.127,6321.9
1723784400000.0,0.1271,0.1276,0.1266,0.1273,9141.3
1723788000000.0,0.1272,0.129,0.1272,0.1283,19501.2
1723791600000.0,0.1283,0.1287,0.1279,0.1286,6197.1
1723795200000.0,0.1287,0.1293,0.1285,0.1286,165845.5
1723798800000.0,0.1285,0.1288,0.1284,0.1287,6853.3
1723802400000.0,0.1289,0.1289,0.1283,0.1285,12631.5
1723806000000.0,0.1284,0.1284,0.1267,0.1271,24356.8
1723809600000.0,0.1272,0.1273,0.1239,0.125,21850.7
1723813200000.0,0.1249,0.1285,0.1248,0.127,61816.3
1723816800000.0,0.1271,0.1273,0.1239,0.1242,41737.5
1723820400000.0,0.1241,0.1247,0.1228,0.1244,44095.6
1723824000000.0,0.1243,0.1263,0.124,0.1254,40612.4
1723827600000.0,0.1253,0.127,0.1238,0.1269,31217.3
1723831200000.0,0.127,0.1279,0.1262,0.1268,27049.8
1723834800000.0,0.1268,0.1271,0.1261,0.1266,26829.3
1723838400000.0,0.1265,0.127,0.1262,0.1263,12325.0
1723842000000.0,0.1264,0.1268,0.1262,0.1268,31682.7
1723845600000.0,0.1269,0.1271,0.1247,0.1259,166738.2
1723849200000.0,0.1259,0.126,0.1251,0.1251,30751.8
1723852800000.0,0.125,0.125,0.124,0.1244,27606.1
1723856400000.0,0.1243,0.1253,0.1242,0.1247,9677.5
1723860000000.0,0.1246,0.1255,0.1246,0.1252,14242.3
1723863600000.0,0.1253,0.1253,0.1245,0.1249,3509.7
1723867200000.0,0.125,0.1256,0.125,0.1252,3567.3
1723870800000.0,0.1251,0.1251,0.1246,0.1246,1671.6
1723874400000.0,0.1247,0.1253,0.1247,0.1253,4211.2
1723878000000.0,0.1254,0.1257,0.125,0.1257,3992.0
1723881600000.0,0.1258,0.1258,0.125,0.1257,4568.8
1723885200000.0,0.1256,0.1268,0.1255,0.1267,5332.0
1723888800000.0,0.1268,0.127,0.1261,0.1262,11045.3
1723892400000.0,0.1261,0.1263,0.1255,0.1257,23120.4
1723896000000.0,0.1258,0.1273,0.1258,0.1273,11467.9
1723899600000.0,0.1274,0.129,0.1274,0.1278,37862.8
1723903200000.0,0.1279,0.1283,0.127,0.1279,9284.3
1723906800000.0,0.128,0.1293,0.1279,0.1288,8852.1
1723910400000.0,0.1289,0.1297,0.1287,0.1292,39838.7
1723914000000.0,0.1293,0.1298,0.1289,0.1291,17846.3
1723917600000.0,0.129,0.129,0.1283,0.1285,8433.9
1723921200000.0,0.1284,0.1289,0.1282,0.1289,45040.8
1723924800000.0,0.1289,0.129,0.1282,0.1286,3858.5
1723928400000.0,0.1287,0.1291,0.1287,0.1291,6870.6
1723932000000.0,0.1292,0.1301,0.1292,0.1296,6561.6
1723935600000.0,0.1297,0.1309,0.1294,0.1309,5396.7
1723939200000.0,0.1308,0.1314,0.1303,0.1312,11698.8
1723942800000.0,0.1311,0.1311,0.1297,0.1297,9574.6
1723946400000.0,0.1296,0.1305,0.129,0.1305,5329.1
1723950000000.0,0.1306,0.1306,0.1293,0.1293,9207.5
1723953600000.0,0.1292,0.1294,0.1286,0.1291,10684.0
1723957200000.0,0.1292,0.1293,0.1288,0.1288,4906.2
1723960800000.0,0.1289,0.1296,0.1289,0.1293,2245.9
1723964400000.0,0.1292,0.1295,0.129,0.1294,3506.1
1723968000000.0,0.1296,0.1305,0.1296,0.1301,18296.6
1723971600000.0,0.1301,0.1308,0.1291,0.1299,13567.6
1723975200000.0,0.13,0.1316,0.1299,0.131,56051.9
1723978800000.0,0.1312,0.1315,0.1307,0.1313,16188.8
1723982400000.0,0.1314,0.1324,0.1308,0.1318,27003.1
1723986000000.0,0.1318,0.1326,0.1312,0.1312,11656.5
1723989600000.0,0.1312,0.1315,0.1309,0.1313,22549.9
1723993200000.0,0.1314,0.1334,0.1308,0.1328,53969.9
1723996800000.0,0.1329,0.1341,0.1329,0.1335,21164.7
1724000400000.0,0.1335,0.134,0.133,0.1332,6612.1
1724004000000.0,0.1333,0.1338,0.1332,0.1337,5287.8
1724007600000.0,0.1338,0.1363,0.1335,0.1363,112441.1
1724011200000.0,0.1363,0.1365,0.1351,0.1359,23627.5
1724014800000.0,0.1359,0.1364,0.1348,0.135,34659.8
1724018400000.0,0.1351,0.1356,0.1351,0.1352,3339.4
1724022000000.0,0.1351,0.1351,0.133,0.133,25233.3
1724025600000.0,0.133,0.1331,0.1311,0.1311,117308.0
1724029200000.0,0.131,0.1351,0.1309,0.1332,106606.8
1724032800000.0,0.1333,0.1344,0.1333,0.1338,24346.7
1724036400000.0,0.1338,0.1338,0.1331,0.1331,10070.7
1724040000000.0,0.133,0.133,0.1323,0.1324,24398.5
1724043600000.0,0.1324,0.1324,0.1316,0.1318,18613.6
1724047200000.0,0.1317,0.1324,0.1312,0.1323,3617.9
1724050800000.0,0.1324,0.1329,0.1324,0.1327,18429.2
1724054400000.0,0.1328,0.1343,0.1328,0.1343,27213.4
1724058000000.0,0.1343,0.1357,0.1335,0.1335,72790.9
1724061600000.0,0.1334,0.1348,0.1329,0.1333,35576.3
1724065200000.0,0.1333,0.1384,0.1319,0.134,560778.0
1724068800000.0,0.1339,0.1347,0.1324,0.133,125904.5
1724072400000.0,0.1329,0.1348,0.1322,0.1322,70469.3
1724076000000.0,0.1321,0.1328,0.1311,0.1325,41242.1
1724079600000.0,0.1324,0.1327,0.1317,0.1318,46293.3
1724083200000.0,0.1317,0.132,0.1299,0.1307,51748.6
1724086800000.0,0.1308,0.1347,0.1308,0.1333,115250.0
1724090400000.0,0.1332,0.1336,0.1324,0.1332,33825.6
1724094000000.0,0.1333,0.1341,0.1331,0.1341,15379.0
1724097600000.0,0.134,0.1344,0.1339,0.1341,41201.7
1724101200000.0,0.1341,0.1345,0.1338,0.1342,12816.0
1724104800000.0,0.1342,0.1345,0.1337,0.1341,22327.5
1724108400000.0,0.134,0.1349,0.1339,0.1348,13029.1
1724112000000.0,0.1347,0.1367,0.1342,0.1363,39856.2
1724115600000.0,0.1363,0.1369,0.1363,0.1365,24607.1
1724119200000.0,0.1364,0.1369,0.1359,0.1369,19195.8
1724122800000.0,0.1368,0.1372,0.1365,0.1369,18475.2
1724126400000.0,0.137,0.1378,0.1368,0.1377,13585.2
1724130000000.0,0.1378,0.1385,0.1374,0.138,33763.6
1724133600000.0,0.1379,0.1381,0.1375,0.1381,2722.0
1724137200000.0,0.138,0.1386,0.1377,0.1382,6599.2
1724140800000.0,0.1383,0.1384,0.1371,0.1381,27795.2
1724144400000.0,0.1382,0.1404,0.1381,0.1395,126405.6
1724148000000.0,0.1396,0.1397,0.1382,0.1382,89423.5
1724151600000.0,0.1383,0.139,0.1383,0.1389,25433.8
1724155200000.0,0.1392,0.1399,0.1388,0.1389,53340.3
1724158800000.0,0.1388,0.1397,0.1377,0.1397,52253.3
1724162400000.0,0.1398,0.1402,0.1372,0.1373,60025.4
1724166000000.0,0.1372,0.1385,0.1355,0.1368,119764.4
1724169600000.0,0.1367,0.1378,0.1365,0.137,15793.6
1724173200000.0,0.1372,0.1383,0.1372,0.1382,11865.0
1724176800000.0,0.1381,0.139,0.138,0.1385,29996.2
1724180400000.0,0.1385,0.1395,0.1383,0.1393,10086.9
1724184000000.0,0.1394,0.1403,0.1392,0.1392,35388.0
1724187600000.0,0.1393,0.1395,0.1385,0.1393,15287.5
1724191200000.0,0.1393,0.1401,0.1393,0.1398,78088.0
1724194800000.0,0.1396,0.1396,0.1389,0.139,2708.8
1724198400000.0,0.1388,0.1392,0.1383,0.1383,18029.6
1724202000000.0,0.1383,0.139,0.1374,0.1387,25461.2
1724205600000.0,0.1388,0.1402,0.1388,0.1401,24688.2
1724209200000.0,0.1402,0.1403,0.1393,0.1393,4980.3
1724212800000.0,0.1393,0.1393,0.1371,0.1378,38633.5
1724216400000.0,0.1379,0.1383,0.1378,0.1379,6480.2
1724220000000.0,0.138,0.1386,0.1374,0.1379,16912.4
1724223600000.0,0.138,0.1381,0.1376,0.1378,3939.6
1724227200000.0,0.1379,0.1381,0.1364,0.1364,33089.6
1724230800000.0,0.1363,0.1363,0.1354,0.1355,44971.1
1724234400000.0,0.1354,0.1368,0.1354,0.1368,5325.9
1724238000000.0,0.1367,0.1369,0.1361,0.1364,88423.1
1724241600000.0,0.1365,0.1367,0.1361,0.1362,4719.8
1724245200000.0,0.1363,0.1371,0.1346,0.1371,61539.1
1724248800000.0,0.1372,0.1382,0.1364,0.1366,31053.0
1724252400000.0,0.1365,0.1377,0.1364,0.1375,13656.5
1724256000000.0,0.1374,0.1392,0.1373,0.1391,28022.1
1724259600000.0,0.1392,0.14,0.1388,0.1399,25626.0
1724263200000.0,0.1399,0.1414,0.1399,0.1413,74969.1
1724266800000.0,0.1414,0.1427,0.1414,0.1425,42293.0
1724270400000.0,0.1426,0.1434,0.1419,0.142,89956.9
1724274000000.0,0.1421,0.1424,0.14,0.1415,226623.9
1724277600000.0,0.1416,0.1417,0.1413,0.1416,83358.1
1724281200000.0,0.1417,0.1421,0.1415,0.1419,3185.8
1724284800000.0,0.1418,0.1425,0.1416,0.1417,30175.3
1724288400000.0,0.1415,0.1419,0.1415,0.1418,8263.1
1724292000000.0,0.1418,0.1418,0.1402,0.1407,7354.7
1724295600000.0,0.1406,0.1415,0.14,0.1409,233087.3
1724299200000.0,0.1409,0.1409,0.1405,0.1409,15511.3
1724302800000.0,0.141,0.1428,0.1409,0.1426,32858.0
1724306400000.0,0.1425,0.143,0.1419,0.143,7128.0
1724310000000.0,0.1428,0.1439,0.1428,0.1436,26396.7
1724313600000.0,0.1437,0.1445,0.1432,0.1432,31681.3
1724317200000.0,0.1431,0.1431,0.1416,0.1417,25951.6
1724320800000.0,0.1418,0.1438,0.1418,0.1438,6472.2
1724324400000.0,0.1438,0.1438,0.1428,0.1428,8247.2
1724328000000.0,0.1429,0.1431,0.1414,0.1417,16067.1
1724331600000.0,0.1418,0.1428,0.1417,0.1427,21864.9
1724335200000.0,0.1426,0.1428,0.1417,0.142,3761.4
1724338800000.0,0.1421,0.1428,0.1412,0.1416,89633.0
1724342400000.0,0.1417,0.1419,0.1408,0.1412,31323.1
1724346000000.0,0.1411,0.1419,0.1407,0.1414,6891.4
1724349600000.0,0.1412,0.142,0.1412,0.1414,7630.8
1724353200000.0,0.1415,0.1416,0.1408,0.1408,3912.9
1724356800000.0,0.1409,0.1419,0.1409,0.1418,14140.2
1724360400000.0,0.1418,0.1428,0.1416,0.1427,27318.8
1724364000000.0,0.1428,0.1431,0.1425,0.1431,12155.3
1724367600000.0,0.1431,0.1433,0.1422,0.1422,52387.6
1724371200000.0,0.1424,0.1435,0.1424,0.143,3597.9
1724374800000.0,0.1429,0.1432,0.1426,0.143,2451.3
1724378400000.0,0.1429,0.1431,0.1426,0.1428,2100.8
1724382000000.0,0.1427,0.143,0.142,0.143,5162.7
1724385600000.0,0.1429,0.1431,0.1427,0.1427,41431.0
1724389200000.0,0.1433,0.1465,0.1432,0.1461,103161.5
1724392800000.0,0.1462,0.149,0.1457,0.1484,109080.6
1724396400000.0,0.1483,0.1497,0.1479,0.1491,48142.3
1724400000000.0,0.149,0.1494,0.1483,0.1483,50932.6
1724403600000.0,0.1482,0.1486,0.1473,0.1476,21967.0
1724407200000.0,0.1477,0.1493,0.1477,0.149,37155.4
1724410800000.0,0.1488,0.1488,0.1476,0.1476,11898.4
1724414400000.0,0.1478,0.1505,0.1478,0.15,38234.7
1724418000000.0,0.15,0.15,0.1487,0.1492,16597.3
1724421600000.0,0.1493,0.1509,0.1477,0.1489,76760.5
1724425200000.0,0.149,0.1523,0.149,0.1519,110382.6
1724428800000.0,0.1517,0.1527,0.1515,0.1523,35470.3
1724432400000.0,0.1522,0.154,0.1517,0.1535,39632.9
1724436000000.0,0.1537,0.1553,0.1537,0.1541,118814.9
1724439600000.0,0.1544,0.155,0.1543,0.1549,110585.5
1724443200000.0,0.1549,0.1573,0.1549,0.1559,174084.7
1724446800000.0,0.156,0.1573,0.1559,0.1565,78144.3
1724450400000.0,0.1567,0.1574,0.1555,0.1558,12135.8
1724454000000.0,0.1559,0.1565,0.1552,0.1553,6997.0
1724457600000.0,0.1551,0.1564,0.1548,0.156,58085.8
1724461200000.0,0.156,0.156,0.1546,0.1552,15040.6
1724464800000.0,0.1548,0.155,0.1547,0.155,590.7
1724468400000.0,0.1549,0.1551,0.1543,0.1545,41809.5
1724472000000.0,0.1544,0.1546,0.1534,0.1534,67708.5
1724475600000.0,0.1532,0.1544,0.1532,0.1544,4269.6
1724479200000.0,0.1542,0.1544,0.1535,0.1537,12176.3
1724482800000.0,0.1539,0.155,0.1538,0.1546,11089.0
1724486400000.0,0.1545,0.1557,0.154,0.1557,4392.3
1724490000000.0,0.1558,0.1567,0.1555,0.1567,21422.0
1724493600000.0,0.1568,0.1587,0.1568,0.1571,39558.4
1724497200000.0,0.1573,0.1587,0.1566,0.1566,8028.2
1724500800000.0,0.1569,0.1571,0.1555,0.1556,18088.0
1724504400000.0,0.1557,0.1569,0.1556,0.1565,5552.9
1724508000000.0,0.1563,0.1566,0.1554,0.1562,5463.5
1724511600000.0,0.1565,0.1572,0.1559,0.1561,10605.5
1724515200000.0,0.1561,0.1593,0.156,0.1592,76756.5
1724518800000.0,0.1593,0.1599,0.1556,0.1569,141225.1
1724522400000.0,0.1569,0.159,0.1569,0.1586,47589.1
1724526000000.0,0.1587,0.1593,0.158,0.1582,27263.1
1724529600000.0,0.1583,0.1587,0.1573,0.1573,102538.6
1724533200000.0,0.1571,0.1571,0.1534,0.1538,201143.0
1724536800000.0,0.154,0.1548,0.1531,0.1541,24246.9
1724540400000.0,0.1544,0.1563,0.1544,0.1563,73278.8
1724544000000.0,0.1561,0.1563,0.154,0.154,46209.1
1724547600000.0,0.1542,0.1548,0.1501,0.151,43032.8
1724551200000.0,0.1511,0.1537,0.1511,0.1532,21097.1
1724554800000.0,0.1532,0.1536,0.1521,0.1532,24555.8
1724558400000.0,0.153,0.1532,0.1513,0.153,12765.3
1724562000000.0,0.1532,0.1534,0.1522,0.1522,9961.1
1724565600000.0,0.1523,0.1528,0.1513,0.1523,52150.6
1724569200000.0,0.1522,0.1522,0.1485,0.1492,37220.5
1724572800000.0,0.1491,0.1512,0.1486,0.1511,11262.0
1724576400000.0,0.1513,0.1516,0.1507,0.1514,33337.2
1724580000000.0,0.1513,0.1519,0.1507,0.1516,4371.0
1724583600000.0,0.1517,0.1529,0.1517,0.1523,25683.4
1724587200000.0,0.1524,0.153,0.1523,0.153,11803.5
1724590800000.0,0.1528,0.154,0.1526,0.1532,44561.6
1724594400000.0,0.1531,0.1538,0.1529,0.1532,16463.8
1724598000000.0,0.1534,0.1552,0.153,0.1535,26349.7
1724601600000.0,0.1536,0.1542,0.1516,0.1521,44860.2
1724605200000.0,0.1522,0.1528,0.1518,0.1524,32521.5
1724608800000.0,0.1523,0.153,0.1521,0.1526,5607.3
1724612400000.0,0.1525,0.1528,0.1522,0.1524,4576.0
1724616000000.0,0.1526,0.1534,0.1525,0.153,21004.4
1724619600000.0,0.1529,0.1546,0.1528,0.1543,44117.4
1724623200000.0,0.1544,0.155,0.1536,0.154,20940.0
1724626800000.0,0.1538,0.155,0.1521,0.1527,114151.9
1724630400000.0,0.153,0.154,0.1519,0.1522,9381.0
1724634000000.0,0.1521,0.1525,0.1509,0.1509,31919.4
1724637600000.0,0.1509,0.1515,0.1498,0.1515,76448.4
1724641200000.0,0.1513,0.1515,0.1507,0.1513,3104.6
1724644800000.0,0.1515,0.1527,0.1513,0.1519,11542.5
1724648400000.0,0.1519,0.1519,0.1506,0.1511,2196.5
1724652000000.0,0.1508,0.151,0.1496,0.15,18734.2
1724655600000.0,0.1499,0.1509,0.1492,0.1506,30724.2
1724659200000.0,0.1505,0.1521,0.1505,0.1518,28054.2
1724662800000.0,0.1517,0.1526,0.1509,0.1526,26639.3
1724666400000.0,0.1527,0.1542,0.1524,0.1531,94971.1
1724670000000.0,0.1531,0.1549,0.1528,0.1538,166655.7
1724673600000.0,0.1536,0.1537,0.1492,0.1499,60858.9
1724677200000.0,0.1497,0.1511,0.1494,0.1499,77130.6
1724680800000.0,0.15,0.1507,0.1485,0.1503,29568.8
1724684400000.0,0.1503,0.1504,0.1488,0.1495,87667.7
1724688000000.0,0.1494,0.1501,0.1489,0.1494,37476.2
1724691600000.0,0.1495,0.1505,0.1456,0.1462,96624.5
1724695200000.0,0.1461,0.1473,0.1449,0.147,67530.8
1724698800000.0,0.1469,0.147,0.1454,0.1455,10541.4
1724702400000.0,0.1454,0.1466,0.1449,0.1464,36688.7
1724706000000.0,0.1464,0.1465,0.1443,0.1456,9771.9
1724709600000.0,0.1457,0.1459,0.1452,0.1458,8565.8
1724713200000.0,0.1457,0.146,0.1449,0.1451,6523.1
1724716800000.0,0.145,0.1461,0.145,0.1455,13213.9
1724720400000.0,0.1455,0.1475,0.1455,0.1464,15095.2
1724724000000.0,0.1463,0.1469,0.1455,0.1457,5788.4
1724727600000.0,0.1457,0.1468,0.1455,0.1463,30933.5
1724731200000.0,0.1464,0.1468,0.146,0.1465,2953.7
1724734800000.0,0.1467,0.1486,0.1466,0.1486,28210.7
1724738400000.0,0.1487,0.1488,0.1469,0.1469,17327.1
1724742000000.0,0.1468,0.1471,0.1453,0.1455,32129.8
1724745600000.0,0.1457,0.1476,0.1439,0.1447,104417.4
1724749200000.0,0.1446,0.1451,0.1434,0.1435,42137.4
1724752800000.0,0.1434,0.1434,0.1421,0.1422,44729.5
1724756400000.0,0.1421,0.1433,0.1418,0.1426,7736.2
1724760000000.0,0.1426,0.1426,0.1407,0.1419,22597.8
1724763600000.0,0.1419,0.1427,0.1413,0.1415,37707.3
1724767200000.0,0.1414,0.1431,0.1405,0.1415,44187.3
1724770800000.0,0.1414,0.142,0.1407,0.1415,31277.8
1724774400000.0,0.1414,0.1428,0.1408,0.1414,33297.6
1724778000000.0,0.1413,0.1417,0.1408,0.1417,28028.3
1724781600000.0,0.1416,0.1428,0.1415,0.1427,26731.1
1724785200000.0,0.1426,0.1427,0.1416,0.1418,7615.0
1724788800000.0,0.1417,0.1418,0.1407,0.1407,32025.8
1724792400000.0,0.1406,0.1406,0.1342,0.1353,297923.9
1724796000000.0,0.1353,0.1353,0.1306,0.1339,216146.6
1724799600000.0,0.1338,0.135,0.1333,0.1346,48331.5
1724803200000.0,0.1345,0.1345,0.1326,0.1338,87408.8
1724806800000.0,0.1338,0.1343,0.133,0.1342,26361.1
1724810400000.0,0.1341,0.1342,0.1329,0.1338,49445.4
1724814000000.0,0.1337,0.1345,0.133,0.1345,263377.1
1724817600000.0,0.1344,0.135,0.134,0.1345,48719.9
1724821200000.0,0.1344,0.1352,0.1343,0.1345,7601.4
1724824800000.0,0.1346,0.1346,0.1334,0.1335,9846.1
1724828400000.0,0.1334,0.1334,0.1317,0.1317,19737.1
1724832000000.0,0.1316,0.1339,0.1309,0.1336,71995.0
1724835600000.0,0.1337,0.1375,0.1332,0.1375,91271.6
1724839200000.0,0.1374,0.1376,0.1363,0.1365,34307.8
1724842800000.0,0.1363,0.1372,0.1361,0.1366,13754.1
1724846400000.0,0.1365,0.1369,0.1354,0.1354,46386.5
1724850000000.0,0.1353,0.1355,0.133,0.133,32437.8
1724853600000.0,0.1332,0.1354,0.1329,0.134,54783.2
1724857200000.0,0.1339,0.1339,0.131,0.1321,90160.6
1724860800000.0,0.132,0.132,0.1277,0.1317,94673.7
1724864400000.0,0.1318,0.1322,0.1301,0.1302,33144.2
1724868000000.0,0.1301,0.1335,0.1296,0.1335,58836.5
1724871600000.0,0.1336,0.1344,0.1318,0.1319,73542.0
1724875200000.0,0.132,0.1346,0.1318,0.1334,81824.3
1724878800000.0,0.1335,0.1337,0.1321,0.1321,14625.7
1724882400000.0,0.1322,0.1322,0.1303,0.1311,29951.0
1724886000000.0,0.1312,0.1317,0.1305,0.1312,8879.5
1724889600000.0,0.1313,0.1327,0.1313,0.1322,19969.5
1724893200000.0,0.1323,0.1328,0.1312,0.1317,8625.1
1724896800000.0,0.1316,0.1324,0.1315,0.1323,6617.1
1724900400000.0,0.1324,0.1325,0.1319,0.1319,4120.2
1724904000000.0,0.1321,0.1321,0.1312,0.1317,5393.6
1724907600000.0,0.1316,0.1328,0.1316,0.1328,4560.2
1724911200000.0,0.1328,0.1336,0.1325,0.1334,24140.0
1724914800000.0,0.1335,0.1339,0.1334,0.1334,4113.1
1724918400000.0,0.1333,0.1335,0.1327,0.1328,10425.1
1724922000000.0,0.1327,0.1337,0.1327,0.133,8255.8
1724925600000.0,0.1331,0.1335,0.133,0.133,3912.2
1724929200000.0,0.1329,0.1351,0.1328,0.1341,49312.9
1724932800000.0,0.134,0.1345,0.1335,0.1339,12719.6
1724936400000.0,0.1339,0.1352,0.1339,0.1351,10009.1
1724940000000.0,0.1352,0.136,0.135,0.1353,37703.4
1724943600000.0,0.1353,0.1358,0.1347,0.135,10744.4
1724947200000.0,0.1351,0.1358,0.1322,0.133,55650.1
1724950800000.0,0.1328,0.1342,0.1328,0.1339,18243.0
1724954400000.0,0.1338,0.1338,0.1288,0.1288,65633.3
1724958000000.0,0.1287,0.1304,0.1277,0.1294,30182.3
1724961600000.0,0.1293,0.13,0.1289,0.1297,39114.3
1724965200000.0,0.1296,0.1297,0.1289,0.129,5123.9
1724968800000.0,0.129,0.1297,0.1275,0.1297,24411.1
1724972400000.0,0.1298,0.1305,0.1297,0.1302,30436.9
1724976000000.0,0.1299,0.1307,0.129,0.13,13722.7
1724979600000.0,0.1301,0.1303,0.129,0.1297,9465.2
1724983200000.0,0.1296,0.13,0.1295,0.13,129905.7
1724986800000.0,0.1299,0.1299,0.1295,0.1296,175924.2
1724990400000.0,0.1296,0.1306,0.1296,0.1302,9289.8
1724994000000.0,0.1301,0.1303,0.1294,0.1298,173814.7
1724997600000.0,0.1299,0.1308,0.1297,0.1308,7011.2
1725001200000.0,0.1309,0.1321,0.1307,0.131,65142.1
1725004800000.0,0.1309,0.1322,0.1309,0.1311,17616.0
1725008400000.0,0.1312,0.1313,0.1306,0.1307,17650.4
1725012000000.0,0.1307,0.132,0.1307,0.131,13776.6
1725015600000.0,0.1311,0.1319,0.1304,0.1304,23579.1
1725019200000.0,0.1303,0.132,0.1303,0.1311,23552.1
1725022800000.0,0.131,0.1312,0.1287,0.1302,53594.8
1725026400000.0,0.1303,0.131,0.1263,0.1264,39739.8
1725030000000.0,0.1263,0.127,0.1239,0.1245,85032.6
1725033600000.0,0.1244,0.1273,0.1239,0.1271,73182.3
1725037200000.0,0.127,0.1281,0.1266,0.1278,21268.9
1725040800000.0,0.1277,0.131,0.1275,0.1303,30144.4
1725044400000.0,0.1304,0.1305,0.1287,0.1289,14728.1
1725048000000.0,0.1289,0.1292,0.1287,0.1292,6839.5
1725051600000.0,0.1292,0.1298,0.1292,0.1295,6308.7
1725055200000.0,0.1295,0.1302,0.1295,0.1302,4322.8
1725058800000.0,0.13,0.1305,0.13,0.1304,2901.0
1725062400000.0,0.1303,0.1307,0.1302,0.1304,3812.1
1725066000000.0,0.1305,0.1307,0.13,0.1302,4388.1
1725069600000.0,0.1303,0.1304,0.1302,0.1303,954.2
1725073200000.0,0.1303,0.1306,0.1303,0.1304,2620.9
1725076800000.0,0.1303,0.1305,0.1303,0.1305,775.1
1725080400000.0,0.1303,0.1303,0.1299,0.1299,1139.7
1725084000000.0,0.1298,0.1302,0.1298,0.1301,3013.9
1725087600000.0,0.13,0.13,0.1299,0.13,577.3
1725091200000.0,0.1301,0.1301,0.1286,0.1286,7562.8
1725094800000.0,0.1287,0.1287,0.1282,0.1285,2938.6
1725098400000.0,0.1284,0.1293,0.1284,0.1293,2322.7
1725102000000.0,0.1293,0.1296,0.1293,0.1296,576.5
1725105600000.0,0.1294,0.1294,0.1292,0.1293,1450.4
1725109200000.0,0.1293,0.1294,0.1291,0.1291,2790.7
1725112800000.0,0.1289,0.129,0.1286,0.1286,2705.8
1725116400000.0,0.1285,0.1285,0.1278,0.1281,4546.4
1725120000000.0,0.1282,0.1283,0.1265,0.1266,5535.6
1725123600000.0,0.1265,0.1269,0.1253,0.126,33359.3
1725127200000.0,0.1259,0.1268,0.1259,0.1264,8197.7
1725130800000.0,0.1263,0.1263,0.1259,0.1262,2775.2
1725134400000.0,0.1261,0.1263,0.1259,0.1261,23079.9
1725138000000.0,0.126,0.1272,0.126,0.1272,3495.4
1725141600000.0,0.1271,0.1273,0.127,0.1271,2854.6
1725145200000.0,0.1272,0.1272,0.1269,0.1272,27291.2
1725148800000.0,0.127,0.1273,0.1268,0.1271,3344.7
1725152400000.0,0.127,0.127,0.1259,0.1259,3164.5
1725156000000.0,0.1258,0.1258,0.1246,0.1255,73234.8
1725159600000.0,0.1255,0.1264,0.1255,0.1263,2415.9
1725163200000.0,0.1263,0.1266,0.1221,0.1221,104477.7
1725166800000.0,0.122,0.122,0.1189,0.1191,266597.7
1725170400000.0,0.119,0.1195,0.1179,0.1183,138548.4
1725174000000.0,0.1183,0.1205,0.1183,0.1205,149448.8
1725177600000.0,0.1204,0.1206,0.1197,0.1204,77303.7
1725181200000.0,0.1202,0.1214,0.12,0.1206,22485.0
1725184800000.0,0.1207,0.1207,0.1193,0.1195,47250.0
1725188400000.0,0.1196,0.1202,0.1193,0.1202,12695.3
1725192000000.0,0.1201,0.1202,0.1188,0.119,35076.5
1725195600000.0,0.1192,0.1201,0.1183,0.1197,145065.0
1725199200000.0,0.1196,0.1206,0.118,0.1194,84591.7
1725202800000.0,0.1195,0.1216,0.1187,0.1207,465785.8
1725206400000.0,0.1207,0.1212,0.1196,0.12,44376.7
1725210000000.0,0.1199,0.1201,0.1175,0.1187,100901.3
1725213600000.0,0.1187,0.121,0.1185,0.1208,62540.7
1725217200000.0,0.1209,0.1216,0.12,0.1206,31561.6
1725220800000.0,0.1207,0.1213,0.1203,0.1204,17035.4
1725224400000.0,0.1203,0.1204,0.1181,0.1189,85021.2
1725228000000.0,0.1191,0.1193,0.1143,0.1147,141466.0
1725231600000.0,0.1146,0.1161,0.1146,0.1149,90414.9
1725235200000.0,0.1148,0.1159,0.1142,0.1154,145381.6
1725238800000.0,0.1155,0.1166,0.1151,0.1157,41620.0
1725242400000.0,0.1158,0.1169,0.1156,0.116,32938.9
1725246000000.0,0.1162,0.1168,0.1162,0.1167,18374.5
1725249600000.0,0.1168,0.117,0.1154,0.1154,40073.4
1725253200000.0,0.1154,0.1182,0.1154,0.1175,62447.6
1725256800000.0,0.1176,0.1178,0.1167,0.1169,26924.0
1725260400000.0,0.117,0.1172,0.1157,0.1161,23607.7
1725264000000.0,0.1162,0.1184,0.1158,0.1179,31363.5
1725267600000.0,0.1178,0.1195,0.1174,0.1194,24323.5
1725271200000.0,0.1193,0.1201,0.1189,0.1196,76283.2
1725274800000.0,0.1197,0.1199,0.1181,0.1182,17639.4
1725278400000.0,0.1182,0.1187,0.1174,0.1179,59106.6
1725282000000.0,0.1179,0.1181,0.1171,0.1173,23143.2
1725285600000.0,0.1172,0.1189,0.1165,0.1189,20660.0
1725289200000.0,0.1188,0.1192,0.1181,0.1181,20159.9
1725292800000.0,0.1181,0.1189,0.1173,0.1174,105022.2
1725296400000.0,0.1175,0.1187,0.1175,0.1185,13631.3
1725300000000.0,0.1186,0.1192,0.1184,0.1187,31836.6
1725303600000.0,0.1188,0.119,0.1185,0.1186,4373.7
1725307200000.0,0.1185,0.1207,0.1185,0.1203,18155.5
1725310800000.0,0.1204,0.1209,0.1202,0.1207,15039.4
1725314400000.0,0.1208,0.1212,0.1207,0.121,21267.2
1725318000000.0,0.1211,0.1214,0.1206,0.1206,11100.4
1725321600000.0,0.1206,0.1214,0.1206,0.1212,22521.0
1725325200000.0,0.1213,0.122,0.1213,0.122,115318.6
1725328800000.0,0.1219,0.123,0.1214,0.1214,27325.9
1725332400000.0,0.1215,0.1215,0.1207,0.1207,4354.1
1725336000000.0,0.1208,0.121,0.1198,0.12,8307.3
1725339600000.0,0.12,0.1208,0.1199,0.1208,7586.1
1725343200000.0,0.1207,0.1208,0.1204,0.1206,6242.2
1725346800000.0,0.1207,0.1216,0.1207,0.1216,4210.2
1725350400000.0,0.1216,0.1217,0.1202,0.1204,28002.2
1725354000000.0,0.1203,0.1206,0.1203,0.1203,7331.7
1725357600000.0,0.1205,0.1216,0.1205,0.1208,21008.9
1725361200000.0,0.1207,0.1216,0.1207,0.1214,12049.4
1725364800000.0,0.1215,0.1218,0.1213,0.1213,5548.2
1725368400000.0,0.1214,0.1215,0.1184,0.1189,25621.6
1725372000000.0,0.1188,0.1188,0.1169,0.1171,20487.7
1725375600000.0,0.117,0.1176,0.1155,0.1156,16123.9
1725379200000.0,0.1155,0.1164,0.1153,0.116,37656.9
1725382800000.0,0.116,0.117,0.116,0.1165,6880.9
1725386400000.0,0.1164,0.1171,0.1156,0.1169,23707.2
1725390000000.0,0.1168,0.1174,0.1164,0.1166,35830.2
1725393600000.0,0.1167,0.1168,0.116,0.1165,7466.6
1725397200000.0,0.1164,0.1165,0.116,0.1165,5482.9
1725400800000.0,0.1164,0.1166,0.1158,0.1158,5819.2
1725404400000.0,0.1157,0.1157,0.1147,0.1147,71633.1
1725408000000.0,0.1147,0.1155,0.1126,0.1126,27115.6
1725411600000.0,0.1125,0.1125,0.1078,0.1114,223617.1
1725415200000.0,0.1113,0.1123,0.1109,0.1123,38116.1
1725418800000.0,0.1124,0.1136,0.1124,0.1132,71721.0
1725422400000.0,0.1133,0.114,0.1133,0.1135,34606.4
1725426000000.0,0.1135,0.114,0.1125,0.1126,36426.6
1725429600000.0,0.1128,0.1136,0.1126,0.1131,81240.5
1725433200000.0,0.113,0.115,0.113,0.1148,20502.5
1725436800000.0,0.1149,0.1152,0.1145,0.1147,11798.7
1725440400000.0,0.1146,0.115,0.1144,0.1145,19043.8
1725444000000.0,0.1145,0.1147,0.1127,0.1127,19574.0
1725447600000.0,0.1128,0.1134,0.1127,0.1131,38509.7
1725451200000.0,0.1133,0.1138,0.1127,0.1133,30708.0
1725454800000.0,0.1132,0.1136,0.1125,0.1133,17133.2
1725458400000.0,0.1135,0.1174,0.1133,0.1166,61030.4
1725462000000.0,0.1167,0.1172,0.1146,0.1162,51682.3
1725465600000.0,0.1163,0.1181,0.1163,0.1175,34052.1
1725469200000.0,0.1176,0.1176,0.1163,0.1163,10958.9
1725472800000.0,0.1164,0.1165,0.1155,0.1155,14476.6
1725476400000.0,0.1156,0.1162,0.1156,0.1162,7294.2
1725480000000.0,0.1163,0.1166,0.1157,0.1164,9600.2
1725483600000.0,0.1163,0.1169,0.1161,0.1169,5147.8
1725487200000.0,0.117,0.1174,0.1168,0.1171,5534.8
1725490800000.0,0.117,0.1174,0.1164,0.1164,6559.8
1725494400000.0,0.1164,0.1173,0.1163,0.1164,45112.4
1725498000000.0,0.1163,0.1194,0.1161,0.1172,255669.4
1725501600000.0,0.1172,0.1172,0.1156,0.1157,28943.6
1725505200000.0,0.1157,0.1157,0.1136,0.1139,17743.3
1725508800000.0,0.1137,0.1149,0.1136,0.1148,22714.1
1725512400000.0,0.1147,0.1154,0.114,0.1146,51012.8
1725516000000.0,0.1147,0.1148,0.1136,0.1146,11910.5
1725519600000.0,0.1145,0.116,0.1145,0.1155,29118.2
1725523200000.0,0.1156,0.1159,0.1148,0.1151,7905.8
1725526800000.0,0.115,0.1152,0.1144,0.1149,7851.2
1725530400000.0,0.115,0.1153,0.1146,0.1151,5046.3
1725534000000.0,0.1152,0.1155,0.1149,0.1153,4065.7
1725537600000.0,0.1152,0.1158,0.1148,0.1152,21468.2
1725541200000.0,0.1153,0.1172,0.1153,0.1167,78787.2
1725544800000.0,0.1168,0.1172,0.1143,0.1144,46303.9
1725548400000.0,0.1144,0.1148,0.113,0.1139,39438.6
1725552000000.0,0.1138,0.1142,0.1132,0.1138,61530.6
1725555600000.0,0.1136,0.1147,0.1134,0.1147,10400.7
1725559200000.0,0.1148,0.1148,0.1143,0.1146,20135.3
1725562800000.0,0.1145,0.1145,0.1127,0.1131,15486.9
1725566400000.0,0.1132,0.114,0.1132,0.1136,10709.8
1725570000000.0,0.1136,0.1142,0.1134,0.1142,5776.0
1725573600000.0,0.1143,0.1144,0.1137,0.1142,5118.0
1725577200000.0,0.1144,0.1144,0.1139,0.1139,17463.9
1725580800000.0,0.1139,0.114,0.1131,0.1138,15071.8
1725584400000.0,0.1137,0.1152,0.1131,0.1148,20828.7
1725588000000.0,0.1147,0.1155,0.1147,0.1152,11071.7
1725591600000.0,0.1153,0.1154,0.1148,0.1148,5207.5
1725595200000.0,0.1147,0.1152,0.1147,0.1148,5247.2
1725598800000.0,0.1147,0.1148,0.1139,0.1142,5101.0
1725602400000.0,0.1142,0.1142,0.1137,0.1142,5787.1
1725606000000.0,0.1141,0.1141,0.1119,0.1135,58769.3
1725609600000.0,0.1135,0.1139,0.1133,0.1135,11148.6
1725613200000.0,0.1134,0.1148,0.1134,0.1147,6255.5
1725616800000.0,0.1149,0.1158,0.1146,0.1148,11514.7
1725620400000.0,0.1149,0.1155,0.1147,0.1155,41612.7
1725624000000.0,0.1153,0.1175,0.1148,0.1171,79269.3
1725627600000.0,0.1169,0.1172,0.1148,0.1151,41152.4
1725631200000.0,0.115,0.115,0.1125,0.1134,66355.2
1725634800000.0,0.1135,0.114,0.1119,0.1137,54184.8
1725638400000.0,0.1138,0.1138,0.112,0.1125,68759.2
1725642000000.0,0.1124,0.1134,0.1112,0.1122,150951.6
1725645600000.0,0.1123,0.1123,0.1108,0.1108,107797.8
1725649200000.0,0.1108,0.1116,0.1102,0.111,253291.1
1725652800000.0,0.1109,0.1112,0.1077,0.1079,67990.2
1725656400000.0,0.1079,0.1103,0.107,0.1103,62945.4
1725660000000.0,0.1103,0.1109,0.11,0.1103,16506.6
1725663600000.0,0.1104,0.1111,0.1103,0.111,4203.8
1725667200000.0,0.1111,0.1114,0.1108,0.1108,7769.7
1725670800000.0,0.1107,0.1109,0.11,0.1102,9651.6
1725674400000.0,0.1101,0.1106,0.1099,0.1103,16498.5
1725678000000.0,0.1103,0.1107,0.1102,0.1105,3630.5
1725681600000.0,0.1106,0.1113,0.1106,0.1113,2380.3
1725685200000.0,0.1114,0.1125,0.1114,0.1118,15383.6
1725688800000.0,0.1119,0.1125,0.1119,0.1124,8705.9
1725692400000.0,0.1125,0.1132,0.1123,0.1132,10142.8
1725696000000.0,0.1133,0.1141,0.1133,0.1139,15240.5
1725699600000.0,0.114,0.1141,0.1132,0.1133,7481.6
1725703200000.0,0.1134,0.1137,0.1134,0.1136,3310.7
1725706800000.0,0.1137,0.1143,0.1134,0.1135,29540.9
1725710400000.0,0.1136,0.1139,0.1135,0.1137,5739.5
1725714000000.0,0.1138,0.1138,0.1129,0.113,6587.2
1725717600000.0,0.1131,0.1138,0.1131,0.1136,6174.7
1725721200000.0,0.1138,0.1153,0.1138,0.1146,42271.3
1725724800000.0,0.1147,0.115,0.1138,0.1138,17617.7
1725728400000.0,0.1139,0.1139,0.1125,0.1129,21623.2
1725732000000.0,0.1128,0.1133,0.1127,0.113,12341.1
1725735600000.0,0.1131,0.1145,0.1131,0.1144,3190.1
1725739200000.0,0.1143,0.1144,0.1139,0.1139,30667.6
1725742800000.0,0.1139,0.1141,0.1133,0.1135,5780.9
1725746400000.0,0.1134,0.1135,0.1127,0.1127,3111.1
1725750000000.0,0.1125,0.1134,0.1123,0.1134,3816.2
1725753600000.0,0.1133,0.114,0.1131,0.1135,37727.6
1725757200000.0,0.1136,0.114,0.1136,0.1138,2874.2
1725760800000.0,0.1139,0.1142,0.1139,0.1141,1518.8
1725764400000.0,0.1142,0.1143,0.114,0.1142,1762.8
1725768000000.0,0.1144,0.1147,0.1143,0.1145,4461.1
1725771600000.0,0.1144,0.1145,0.1143,0.1143,916.8
1725775200000.0,0.1142,0.1145,0.1141,0.1143,5916.2
1725778800000.0,0.1143,0.1156,0.1142,0.1156,23596.4
1725782400000.0,0.1157,0.1159,0.1154,0.1159,13802.0
1725786000000.0,0.116,0.1167,0.1158,0.1158,34688.1
1725789600000.0,0.1159,0.116,0.1158,0.116,2575.3
1725793200000.0,0.1162,0.1166,0.1157,0.1166,4340.7
1725796800000.0,0.1167,0.1168,0.1147,0.1151,11363.8
1725800400000.0,0.115,0.1154,0.1146,0.1154,5217.6
1725804000000.0,0.1153,0.1155,0.1148,0.115,12310.1
1725807600000.0,0.1151,0.1153,0.1139,0.1139,20807.1
1725811200000.0,0.114,0.114,0.1129,0.1137,21612.8
1725814800000.0,0.1138,0.1152,0.1137,0.1152,12296.0
1725818400000.0,0.1151,0.1151,0.1148,0.1151,2396.2
1725822000000.0,0.115,0.1154,0.1148,0.1148,6951.2
1725825600000.0,0.1147,0.115,0.1145,0.1149,3466.9
1725829200000.0,0.1148,0.1156,0.1148,0.1154,16741.0
1725832800000.0,0.1156,0.1175,0.1153,0.1159,23524.2
1725836400000.0,0.1159,0.1164,0.1157,0.1158,9354.4
1725840000000.0,0.1159,0.1172,0.1159,0.1166,34746.3
1725843600000.0,0.1167,0.1174,0.1163,0.1171,11146.7
1725847200000.0,0.1169,0.117,0.1162,0.1166,10474.8
1725850800000.0,0.1165,0.1168,0.1159,0.1167,7182.9
1725854400000.0,0.1168,0.117,0.1162,0.1168,4741.9
1725858000000.0,0.1166,0.1169,0.1164,0.1165,4585.7
1725861600000.0,0.1164,0.1178,0.1163,0.1178,25098.0
1725865200000.0,0.1179,0.1188,0.1176,0.1186,45739.6
1725868800000.0,0.1187,0.1193,0.1187,0.1193,34923.4
1725872400000.0,0.1193,0.12,0.119,0.119,25278.2
1725876000000.0,0.1189,0.1196,0.1189,0.1189,30450.5
1725879600000.0,0.1191,0.1192,0.1188,0.119,2258.8
1725883200000.0,0.1191,0.1193,0.1185,0.119,19940.2
1725886800000.0,0.1189,0.1195,0.1187,0.1195,35972.9
1725890400000.0,0.1194,0.1194,0.1173,0.118,21300.9
1725894000000.0,0.1178,0.1191,0.1177,0.119,67359.8
1725897600000.0,0.119,0.121,0.119,0.1207,63048.5
1725901200000.0,0.1207,0.122,0.1207,0.1216,41839.0
1725904800000.0,0.1217,0.1222,0.1214,0.1215,30557.4
1725908400000.0,0.1215,0.1222,0.1212,0.1221,42187.1
1725912000000.0,0.1221,0.1221,0.1213,0.1213,18082.8
1725915600000.0,0.1215,0.1229,0.1215,0.1219,36662.5
1725919200000.0,0.122,0.1222,0.1214,0.1216,5259.8
1725922800000.0,0.1215,0.1218,0.1215,0.1215,1447.3
1725926400000.0,0.1216,0.1216,0.1207,0.1215,8506.1
1725930000000.0,0.1216,0.1218,0.1214,0.1215,6531.2
1725933600000.0,0.1214,0.1214,0.1209,0.1212,6905.5
1725937200000.0,0.1211,0.1213,0.1207,0.1207,8796.8
1725940800000.0,0.1208,0.1214,0.1208,0.1212,3510.0
1725944400000.0,0.1213,0.1223,0.1213,0.1223,5393.7
1725948000000.0,0.1224,0.1225,0.1216,0.1216,12833.3
1725951600000.0,0.1215,0.1225,0.1214,0.1221,6761.6
1725955200000.0,0.1222,0.1227,0.1212,0.1212,8640.1
1725958800000.0,0.1211,0.1217,0.1208,0.1216,15383.4
1725962400000.0,0.1215,0.1217,0.1208,0.1214,6370.7
1725966000000.0,0.1214,0.1218,0.1213,0.1215,7826.9
1725969600000.0,0.1216,0.1217,0.1211,0.1211,5676.7
1725973200000.0,0.121,0.1215,0.1202,0.121,22853.5
1725976800000.0,0.1209,0.122,0.1204,0.1214,31658.1
1725980400000.0,0.1215,0.122,0.1212,0.1213,13607.5
1725984000000.0,0.1213,0.1219,0.1212,0.1217,6151.0
1725987600000.0,0.1218,0.1227,0.1218,0.1224,14922.5
1725991200000.0,0.1225,0.1233,0.1219,0.1225,247505.8
1725994800000.0,0.1223,0.1232,0.1219,0.123,22801.3
1725998400000.0,0.123,0.124,0.1228,0.1234,41047.0
1726002000000.0,0.1232,0.1234,0.1227,0.1229,31804.8
1726005600000.0,0.1229,0.1235,0.1228,0.1231,4895.6
1726009200000.0,0.1233,0.1233,0.1229,0.1231,4826.5
1726012800000.0,0.123,0.123,0.1221,0.1224,17234.9
1726016400000.0,0.1224,0.1225,0.1173,0.1205,345690.5
1726020000000.0,0.1204,0.1215,0.1204,0.121,32686.4
1726023600000.0,0.121,0.121,0.1198,0.12,22386.9
1726027200000.0,0.1199,0.1199,0.1185,0.1187,35442.3
1726030800000.0,0.1186,0.1186,0.1177,0.1184,32779.6
1726034400000.0,0.1183,0.1194,0.118,0.1187,8618.0
1726038000000.0,0.1188,0.1197,0.1188,0.1197,9781.1
1726041600000.0,0.1196,0.1196,0.1183,0.1186,14067.5
1726045200000.0,0.1185,0.119,0.1185,0.1186,12489.6
1726048800000.0,0.1185,0.1185,0.1176,0.118,10336.3
1726052400000.0,0.118,0.1189,0.118,0.1184,11998.1
1726056000000.0,0.1183,0.1193,0.1176,0.1188,23528.6
1726059600000.0,0.1189,0.1203,0.1168,0.1168,55909.1
1726063200000.0,0.1167,0.1174,0.1154,0.1164,43828.9
1726066800000.0,0.1163,0.119,0.1158,0.1182,69999.5
1726070400000.0,0.1181,0.1192,0.1178,0.1187,68994.8
1726074000000.0,0.1188,0.1195,0.1187,0.1187,13570.1
1726077600000.0,0.1188,0.12,0.1187,0.1189,37222.9
1726081200000.0,0.1188,0.1192,0.1185,0.1191,20255.0
1726084800000.0,0.1192,0.1201,0.1192,0.12,8963.8
1726088400000.0,0.1201,0.1202,0.1195,0.1196,21261.5
1726092000000.0,0.1195,0.1199,0.1195,0.1199,3173.3
1726095600000.0,0.1199,0.1199,0.1193,0.1193,2256.0
1726099200000.0,0.1192,0.1206,0.1192,0.1199,9684.7
1726102800000.0,0.12,0.121,0.12,0.1209,37968.1
1726106400000.0,0.121,0.1221,0.1206,0.1206,89695.1
1726110000000.0,0.1207,0.1212,0.1207,0.1208,5997.8
1726113600000.0,0.1209,0.122,0.1206,0.1213,24193.5
1726117200000.0,0.1214,0.1216,0.1209,0.1212,7521.9
1726120800000.0,0.1211,0.1215,0.1208,0.1213,5943.7
1726124400000.0,0.1212,0.1216,0.1211,0.1212,6206.4
1726128000000.0,0.1213,0.1221,0.1213,0.1218,4622.8
1726131600000.0,0.1218,0.1219,0.1212,0.1214,11958.3
1726135200000.0,0.1215,0.1219,0.1213,0.1213,8568.6
1726138800000.0,0.1212,0.1216,0.1211,0.1214,4994.1
1726142400000.0,0.1215,0.122,0.1211,0.1216,46538.6
1726146000000.0,0.1215,0.1227,0.1214,0.1218,41932.0
1726149600000.0,0.1219,0.1237,0.1216,0.1216,78603.6
1726153200000.0,0.1215,0.1226,0.1211,0.1216,66303.5
1726156800000.0,0.1217,0.1236,0.1217,0.1236,6979.5
1726160400000.0,0.1236,0.1255,0.1235,0.1254,131758.5
1726164000000.0,0.1253,0.126,0.1247,0.1249,161933.3
1726167600000.0,0.125,0.1267,0.125,0.1256,30753.6
1726171200000.0,0.1257,0.1259,0.125,0.1253,33550.8
1726174800000.0,0.1251,0.1256,0.1249,0.1253,14967.0
1726178400000.0,0.1254,0.1261,0.1254,0.126,7851.1
1726182000000.0,0.1261,0.1265,0.1258,0.1263,7768.9
1726185600000.0,0.1265,0.127,0.126,0.1266,10292.3
1726189200000.0,0.1265,0.1265,0.1256,0.126,7433.0
1726192800000.0,0.1259,0.1259,0.1255,0.1255,3611.1
1726196400000.0,0.1257,0.1259,0.125,0.125,17556.8
1726200000000.0,0.1249,0.1257,0.1248,0.1251,5790.8
1726203600000.0,0.1252,0.1257,0.1251,0.1253,15376.8
1726207200000.0,0.1252,0.1253,0.1244,0.1246,10517.6
1726210800000.0,0.1246,0.1251,0.1246,0.1251,3445.1
1726214400000.0,0.1249,0.125,0.1245,0.1245,6613.4
1726218000000.0,0.1244,0.1252,0.1244,0.1248,11796.9
1726221600000.0,0.1247,0.1261,0.1247,0.1261,6443.8
1726225200000.0,0.1262,0.1292,0.1247,0.1247,278522.9
1726228800000.0,0.1249,0.125,0.1238,0.1246,40880.5
1726232400000.0,0.1247,0.1248,0.1237,0.1245,56694.2
1726236000000.0,0.1244,0.1252,0.124,0.1252,17690.5
1726239600000.0,0.1253,0.1276,0.1253,0.1273,42969.4
1726243200000.0,0.1274,0.1282,0.1269,0.1275,27887.0
1726246800000.0,0.1276,0.1284,0.1272,0.1275,70548.1
1726250400000.0,0.1274,0.1286,0.127,0.1282,43423.0
1726254000000.0,0.1281,0.1283,0.1276,0.1276,2326.4
1726257600000.0,0.1277,0.1278,0.1275,0.1278,3427.0
1726261200000.0,0.1276,0.1284,0.1276,0.1278,14800.0
1726264800000.0,0.1278,0.1283,0.1276,0.1277,8548.2
1726268400000.0,0.1279,0.1279,0.1273,0.1275,1638.6
1726272000000.0,0.1276,0.1277,0.127,0.127,2342.7
1726275600000.0,0.1271,0.1279,0.1271,0.1271,4330.0
1726279200000.0,0.1272,0.1275,0.1271,0.1272,4141.2
1726282800000.0,0.1273,0.1278,0.1273,0.1277,3368.2
1726286400000.0,0.1275,0.1276,0.1269,0.1269,2273.9
1726290000000.0,0.1268,0.1268,0.1255,0.1255,11613.0
1726293600000.0,0.1254,0.126,0.1253,0.1258,4455.6
1726297200000.0,0.1257,0.1261,0.1257,0.1259,3830.2
1726300800000.0,0.126,0.1261,0.1254,0.1254,7529.8
1726304400000.0,0.1256,0.1258,0.1254,0.1258,3162.7
1726308000000.0,0.1257,0.1258,0.1252,0.1252,4606.6
1726311600000.0,0.1253,0.1253,0.1248,0.1251,7784.3
1726315200000.0,0.125,0.1263,0.125,0.1263,42145.0
1726318800000.0,0.1262,0.1264,0.1259,0.1262,42498.1
1726322400000.0,0.1263,0.1267,0.1259,0.1266,8797.7
1726326000000.0,0.1267,0.127,0.1265,0.1268,10897.5
1726329600000.0,0.1267,0.1271,0.1263,0.1264,3574.7
1726333200000.0,0.1262,0.1262,0.1256,0.1257,1830.9
1726336800000.0,0.1257,0.1257,0.1242,0.1254,29528.9
1726340400000.0,0.1253,0.1253,0.1233,0.1247,267813.0
1726344000000.0,0.1247,0.1258,0.1247,0.1257,21534.4
1726347600000.0,0.1257,0.1258,0.1255,0.1255,4943.9
1726351200000.0,0.1254,0.1259,0.1253,0.1256,13623.1
1726354800000.0,0.1257,0.126,0.1257,0.126,1751.1
1726358400000.0,0.1259,0.1262,0.1257,0.1261,6170.8
1726362000000.0,0.1261,0.1265,0.1259,0.1262,5579.4
1726365600000.0,0.1262,0.1266,0.1262,0.1266,1055.4
1726369200000.0,0.1267,0.1267,0.1261,0.1261,3622.4
1726372800000.0,0.1261,0.1261,0.1253,0.1254,15327.7
1726376400000.0,0.1253,0.1263,0.1253,0.1258,39398.5
1726380000000.0,0.1259,0.1261,0.1257,0.1261,5354.7
1726383600000.0,0.1262,0.1263,0.1258,0.126,3659.8
1726387200000.0,0.1259,0.126,0.1256,0.1256,2817.7
1726390800000.0,0.1257,0.1258,0.1254,0.1254,8281.7
1726394400000.0,0.1253,0.1259,0.1249,0.1257,21418.6
1726398000000.0,0.1257,0.1257,0.125,0.1257,25174.1
1726401600000.0,0.1255,0.126,0.1254,0.1259,6452.9
1726405200000.0,0.126,0.1268,0.126,0.1262,5648.2
1726408800000.0,0.1263,0.1265,0.1255,0.1262,7099.8
1726412400000.0,0.1263,0.1265,0.126,0.1263,11130.4
1726416000000.0,0.1265,0.1265,0.1251,0.1251,11385.5
1726419600000.0,0.125,0.125,0.1234,0.1244,16966.3
1726423200000.0,0.1241,0.1242,0.1231,0.124,40973.4
1726426800000.0,0.1239,0.1244,0.1237,0.1242,26562.1
1726430400000.0,0.1242,0.1245,0.1238,0.1241,10572.9
1726434000000.0,0.124,0.124,0.1222,0.1231,22496.9
1726437600000.0,0.1229,0.1229,0.1222,0.1224,5406.9
1726441200000.0,0.1222,0.1225,0.12,0.1212,275026.4
1726444800000.0,0.1211,0.1213,0.1202,0.1209,11310.5
1726448400000.0,0.1209,0.1209,0.1196,0.1201,22377.5
1726452000000.0,0.12,0.12,0.1186,0.119,29905.7
1726455600000.0,0.1188,0.1202,0.1188,0.1202,43535.1
1726459200000.0,0.1203,0.1204,0.1195,0.1195,26429.0
1726462800000.0,0.1197,0.1205,0.1195,0.1205,26886.9
1726466400000.0,0.1205,0.1208,0.1198,0.1198,12001.6
1726470000000.0,0.1197,0.1208,0.1197,0.1207,20017.9
1726473600000.0,0.1207,0.1214,0.1201,0.1204,11056.1
1726477200000.0,0.1204,0.1208,0.1189,0.1193,26238.6
1726480800000.0,0.1192,0.1196,0.1184,0.1194,55075.1
1726484400000.0,0.1194,0.1197,0.1193,0.1194,5862.2
1726488000000.0,0.1192,0.1194,0.1173,0.1176,18741.3
1726491600000.0,0.1175,0.1182,0.1167,0.118,40151.1
1726495200000.0,0.1181,0.1181,0.1158,0.1168,57648.3
1726498800000.0,0.1167,0.1179,0.1166,0.1169,42476.2
1726502400000.0,0.1169,0.1172,0.1162,0.1164,91890.7
1726506000000.0,0.1163,0.1165,0.1147,0.1163,133337.3
1726509600000.0,0.1161,0.1161,0.1144,0.1144,44011.0
1726513200000.0,0.1144,0.115,0.1139,0.1145,7264.3
1726516800000.0,0.1144,0.1149,0.1137,0.1137,30635.1
1726520400000.0,0.1136,0.1141,0.1133,0.1139,16496.9
1726524000000.0,0.1141,0.1142,0.113,0.1132,32921.9
1726527600000.0,0.1133,0.1141,0.1132,0.1136,11478.2
1726531200000.0,0.1135,0.1139,0.1127,0.1127,31736.4
1726534800000.0,0.1126,0.1132,0.1123,0.1131,18663.8
1726538400000.0,0.1132,0.1137,0.1131,0.1134,14190.2
1726542000000.0,0.1132,0.1138,0.113,0.1137,2685.1
1726545600000.0,0.1138,0.1143,0.1138,0.1143,2828.5
1726549200000.0,0.1143,0.1159,0.1143,0.1158,8509.3
1726552800000.0,0.1158,0.1158,0.1149,0.115,4977.8
1726556400000.0,0.1148,0.1158,0.1146,0.1158,3654.5
1726560000000.0,0.1158,0.1162,0.1154,0.1157,13055.5
1726563600000.0,0.1156,0.1157,0.1146,0.1154,26476.7
1726567200000.0,0.1155,0.1157,0.1148,0.1155,6845.7
1726570800000.0,0.1154,0.1154,0.1145,0.1147,5910.1
1726574400000.0,0.1146,0.1154,0.1144,0.1154,10371.3
1726578000000.0,0.1153,0.1163,0.1144,0.1147,31405.5
1726581600000.0,0.1146,0.1174,0.1146,0.1169,44451.9
1726585200000.0,0.117,0.1192,0.117,0.1191,56914.2
1726588800000.0,0.1193,0.1211,0.1184,0.1209,43422.9
1726592400000.0,0.1209,0.1217,0.1191,0.1191,207393.4
1726596000000.0,0.1191,0.1194,0.1185,0.119,7562.8
1726599600000.0,0.1191,0.12,0.1184,0.1188,26120.4
1726603200000.0,0.1189,0.1194,0.1186,0.1186,57059.2
1726606800000.0,0.1188,0.1189,0.1184,0.1188,7309.6
1726610400000.0,0.1188,0.1189,0.1181,0.1185,13960.8
1726614000000.0,0.1183,0.1185,0.1178,0.1184,38266.7
1726617600000.0,0.1187,0.1197,0.1179,0.1197,39463.4
1726621200000.0,0.1196,0.1203,0.119,0.1202,178016.3
1726624800000.0,0.1203,0.1217,0.1203,0.1217,138753.3
1726628400000.0,0.1217,0.1231,0.1217,0.1226,270703.0
1726632000000.0,0.1225,0.1235,0.122,0.1221,54666.8
1726635600000.0,0.1222,0.1222,0.1214,0.1214,11799.3
1726639200000.0,0.1216,0.1216,0.1211,0.1212,5845.3
1726642800000.0,0.1213,0.1231,0.1213,0.1223,40090.3
1726646400000.0,0.1224,0.1231,0.1217,0.1217,10854.9
1726650000000.0,0.1216,0.1217,0.1189,0.1189,16081.8
1726653600000.0,0.1189,0.1199,0.1183,0.1198,29460.8
1726657200000.0,0.1198,0.1204,0.1197,0.1197,4967.6
1726660800000.0,0.1196,0.1199,0.1191,0.1198,6483.6
1726664400000.0,0.1197,0.12,0.118,0.1183,21542.6
1726668000000.0,0.1182,0.1189,0.1181,0.1183,18736.5
1726671600000.0,0.1184,0.1187,0.1161,0.1164,21171.2
1726675200000.0,0.1163,0.118,0.1158,0.1175,37881.0
1726678800000.0,0.1176,0.1182,0.1167,0.1177,19188.3
1726682400000.0,0.1176,0.1223,0.1174,0.1212,211802.9
1726686000000.0,0.1211,0.1216,0.12,0.1204,59450.5
1726689600000.0,0.1205,0.1217,0.1191,0.1217,81478.9
1726693200000.0,0.1217,0.122,0.1215,0.1215,108652.2
1726696800000.0,0.1216,0.1228,0.1216,0.1228,32278.3
1726700400000.0,0.123,0.1255,0.123,0.1255,34719.5
1726704000000.0,0.1258,0.1507,0.1258,0.1443,1884310.6
1726707600000.0,0.1448,0.1474,0.1392,0.1469,1352284.1
1726711200000.0,0.1467,0.1467,0.1426,0.1456,501627.2
1726714800000.0,0.1458,0.1518,0.1437,0.1489,1225094.3
1726718400000.0,0.149,0.1526,0.147,0.1487,954725.3
1726722000000.0,0.1487,0.15,0.1444,0.1467,377534.4
1726725600000.0,0.1468,0.1471,0.1441,0.1456,245618.9
1726729200000.0,0.1457,0.1467,0.1447,0.1453,116427.1
1726732800000.0,0.1455,0.1479,0.145,0.146,354163.1
1726736400000.0,0.1461,0.1506,0.146,0.1484,786359.4
1726740000000.0,0.1484,0.1509,0.1484,0.149,273300.5
1726743600000.0,0.1489,0.1509,0.1453,0.1507,693061.2
1726747200000.0,0.1505,0.1528,0.1377,0.1407,1345751.8
1726750800000.0,0.1406,0.1413,0.1375,0.1376,396959.6
1726754400000.0,0.1377,0.1401,0.1375,0.139,701118.1
1726758000000.0,0.1391,0.14,0.1389,0.1389,153969.0
1726761600000.0,0.1389,0.1416,0.1389,0.1409,175258.9
1726765200000.0,0.141,0.1439,0.141,0.1424,261492.0
1726768800000.0,0.1426,0.1435,0.1419,0.1423,256362.3
1726772400000.0,0.1423,0.1423,0.1405,0.1408,218508.3
1726776000000.0,0.1409,0.1412,0.1404,0.1407,30330.7
1726779600000.0,0.1408,0.1408,0.1395,0.1398,108773.2
1726783200000.0,0.1396,0.1405,0.1387,0.1402,94449.7
1726786800000.0,0.1402,0.1406,0.14,0.1406,72796.7
1726790400000.0,0.141,0.142,0.1393,0.1394,110787.4
1726794000000.0,0.1395,0.1397,0.1382,0.1395,77953.1
1726797600000.0,0.1396,0.1401,0.1392,0.1401,25937.4
1726801200000.0,0.1401,0.1422,0.1401,0.1421,186382.1
1726804800000.0,0.1421,0.1428,0.1418,0.1426,86561.7
1726808400000.0,0.1427,0.1569,0.1427,0.1482,845475.8
1726812000000.0,0.1483,0.1501,0.1479,0.1498,81311.3
1726815600000.0,0.1497,0.1511,0.1489,0.1507,171413.1
1726819200000.0,0.1506,0.1507,0.1491,0.1494,240188.7
1726822800000.0,0.1495,0.1504,0.1493,0.1496,86256.6
1726826400000.0,0.1497,0.151,0.1496,0.1508,70866.9
1726830000000.0,0.1507,0.1507,0.1471,0.1479,71763.6
1726833600000.0,0.148,0.1503,0.148,0.1496,68653.8
1726837200000.0,0.1496,0.1496,0.1476,0.1482,74577.8
1726840800000.0,0.1483,0.1501,0.1478,0.1488,96984.7
1726844400000.0,0.1489,0.1489,0.1476,0.1489,82743.9
1726848000000.0,0.149,0.149,0.1454,0.1455,120678.9
1726851600000.0,0.1455,0.1455,0.1433,0.1445,79233.1
1726855200000.0,0.1445,0.1446,0.1436,0.1445,44500.9
1726858800000.0,0.1445,0.1448,0.1442,0.1442,104128.1
1726862400000.0,0.1443,0.1453,0.1442,0.1451,21703.5
1726866000000.0,0.1452,0.1497,0.1452,0.1484,226829.2
1726869600000.0,0.1485,0.149,0.1478,0.1485,65007.0
1726873200000.0,0.1484,0.1485,0.1472,0.1479,51675.6
1726876800000.0,0.1477,0.1479,0.1448,0.1465,646618.5
1726880400000.0,0.1466,0.1467,0.1446,0.1446,40653.0
1726884000000.0,0.1446,0.1454,0.1443,0.1454,66876.4
1726887600000.0,0.1455,0.1462,0.1454,0.1455,76336.9
1726891200000.0,0.1455,0.1459,0.1444,0.1449,83278.7
1726894800000.0,0.145,0.1465,0.145,0.1464,25719.9
1726898400000.0,0.1465,0.1479,0.1465,0.1479,31010.1
1726902000000.0,0.148,0.1481,0.1471,0.1477,18041.3
1726905600000.0,0.1477,0.1481,0.1473,0.1473,14156.9
1726909200000.0,0.1474,0.1476,0.1469,0.1474,26255.8
1726912800000.0,0.1475,0.1475,0.1464,0.1464,5436.2
1726916400000.0,0.1464,0.1471,0.1462,0.1469,9536.1
1726920000000.0,0.1468,0.1471,0.1462,0.1471,103979.9
1726923600000.0,0.1471,0.1482,0.1465,0.148,43027.5
1726927200000.0,0.148,0.1497,0.1471,0.1479,230771.7
1726930800000.0,0.1478,0.1478,0.146,0.146,76667.6
1726934400000.0,0.1461,0.1482,0.1461,0.1476,47313.1
1726938000000.0,0.1476,0.1478,0.1459,0.1469,512606.0
1726941600000.0,0.147,0.1478,0.147,0.1477,19844.1
1726945200000.0,0.1477,0.1477,0.1472,0.1472,17742.2
1726948800000.0,0.1473,0.1475,0.1467,0.1467,22498.2
1726952400000.0,0.1466,0.1468,0.1462,0.1463,59727.8
1726956000000.0,0.1464,0.1468,0.1463,0.1468,11822.3
1726959600000.0,0.1468,0.1484,0.1468,0.148,22606.8
1726963200000.0,0.1481,0.1482,0.1471,0.1479,42620.5
1726966800000.0,0.1478,0.1479,0.1461,0.1461,49929.4
1726970400000.0,0.146,0.1463,0.1424,0.1434,172269.4
1726974000000.0,0.1435,0.1444,0.1435,0.1444,76708.1
1726977600000.0,0.1445,0.145,0.1443,0.1449,15449.3
1726981200000.0,0.1448,0.1449,0.1439,0.144,28565.6
1726984800000.0,0.1441,0.1446,0.1437,0.1439,11431.0
1726988400000.0,0.144,0.1467,0.144,0.1467,89339.6
1726992000000.0,0.1466,0.1537,0.1465,0.1529,684857.4
1726995600000.0,0.1525,0.1564,0.1516,0.1538,637477.0
1726999200000.0,0.1536,0.1549,0.1465,0.1491,740185.5
1727002800000.0,0.1491,0.1522,0.1484,0.1521,268043.3
1727006400000.0,0.152,0.1536,0.1509,0.1513,396024.9
1727010000000.0,0.1513,0.1517,0.1455,0.1456,375233.2
1727013600000.0,0.1456,0.1487,0.1455,0.1472,256121.3
1727017200000.0,0.1471,0.1476,0.1456,0.1457,117830.9
1727020800000.0,0.1456,0.1463,0.144,0.146,139498.1
1727024400000.0,0.146,0.149,0.146,0.1487,101065.9
1727028000000.0,0.1486,0.1486,0.1465,0.1479,50372.1
1727031600000.0,0.1479,0.1484,0.1467,0.1479,27255.0
1727035200000.0,0.148,0.1484,0.1473,0.1473,42514.9
1727038800000.0,0.1473,0.1475,0.1449,0.1449,27056.2
1727042400000.0,0.1449,0.1473,0.1418,0.1469,310429.6
1727046000000.0,0.1469,0.1474,0.1459,0.146,89858.7
1727049600000.0,0.146,0.1488,0.1439,0.1483,142168.9
1727053200000.0,0.1481,0.1505,0.1477,0.1499,82013.9
1727056800000.0,0.1498,0.1506,0.1492,0.1505,81550.8
1727060400000.0,0.1505,0.156,0.1504,0.1525,556322.7
1727064000000.0,0.1525,0.1534,0.1508,0.1513,166157.1
1727067600000.0,0.1514,0.1535,0.1509,0.153,51437.6
1727071200000.0,0.1531,0.1553,0.153,0.1549,118251.6
1727074800000.0,0.1551,0.1553,0.1517,0.152,75432.8
1727078400000.0,0.1519,0.153,0.1508,0.1525,52818.5
1727082000000.0,0.1524,0.1546,0.1524,0.1541,114779.0
1727085600000.0,0.1542,0.1557,0.1536,0.1552,106828.2
1727089200000.0,0.1551,0.1551,0.1531,0.1532,112867.1
1727092800000.0,0.1533,0.1543,0.1523,0.1529,71003.3
1727096400000.0,0.153,0.1548,0.153,0.154,221601.9
1727100000000.0,0.1541,0.1564,0.154,0.1545,197811.0
1727103600000.0,0.1544,0.1544,0.1527,0.1533,82732.7
1727107200000.0,0.1533,0.1541,0.1523,0.1526,82269.0
1727110800000.0,0.1526,0.1558,0.1524,0.1556,53516.4
1727114400000.0,0.1555,0.1573,0.1552,0.1567,122949.4
1727118000000.0,0.1565,0.1568,0.1543,0.1546,138233.9
1727121600000.0,0.1548,0.1555,0.1542,0.1548,50742.9
1727125200000.0,0.1549,0.1574,0.1542,0.1569,99186.8
1727128800000.0,0.1571,0.1579,0.1559,0.156,111510.7
1727132400000.0,0.156,0.1583,0.156,0.1576,117231.9
1727136000000.0,0.1578,0.1581,0.1513,0.1522,194921.3
1727139600000.0,0.1521,0.1526,0.1509,0.1521,145305.8
1727143200000.0,0.1522,0.1536,0.1514,0.1534,77563.8
1727146800000.0,0.1533,0.1534,0.1527,0.153,63566.0
1727150400000.0,0.153,0.1534,0.152,0.152,25610.4
1727154000000.0,0.152,0.1526,0.1519,0.1522,47223.5
1727157600000.0,0.1522,0.1528,0.1522,0.1526,38673.6
1727161200000.0,0.1526,0.1542,0.1526,0.1539,23440.7
1727164800000.0,0.1538,0.1546,0.1533,0.1539,22895.4
1727168400000.0,0.154,0.1542,0.1524,0.1527,30205.5
1727172000000.0,0.1528,0.1532,0.1523,0.1523,51620.9
1727175600000.0,0.1522,0.1522,0.1514,0.1518,58313.4
1727179200000.0,0.1517,0.1524,0.1509,0.1511,104501.5
1727182800000.0,0.1513,0.1518,0.1511,0.1513,49902.4
1727186400000.0,0.1511,0.1511,0.1476,0.15,333912.1
1727190000000.0,0.1499,0.1503,0.1495,0.1497,77256.8
1727193600000.0,0.1498,0.1516,0.1498,0.1513,140583.4
1727197200000.0,0.1512,0.153,0.1504,0.1525,310517.2
1727200800000.0,0.1526,0.1531,0.152,0.1531,167636.9
1727204400000.0,0.153,0.1542,0.1528,0.1542,238118.3
1727208000000.0,0.1542,0.1544,0.1534,0.1537,84927.9
1727211600000.0,0.1538,0.154,0.1531,0.1536,107016.0
1727215200000.0,0.1538,0.1544,0.1536,0.1544,39616.7
1727218800000.0,0.1544,0.1544,0.1527,0.1535,50874.7
1727222400000.0,0.1538,0.1538,0.1521,0.153,43767.0
1727226000000.0,0.1529,0.1552,0.1529,0.1539,28953.3
1727229600000.0,0.1538,0.1538,0.1532,0.1534,6685.1
1727233200000.0,0.1534,0.1538,0.153,0.1538,32290.2
1727236800000.0,0.1539,0.1546,0.1527,0.1527,24268.7
1727240400000.0,0.1526,0.1536,0.1526,0.153,22139.1
1727244000000.0,0.1532,0.1532,0.1507,0.1508,39552.3
1727247600000.0,0.1511,0.1519,0.1503,0.1518,32429.4
1727251200000.0,0.1517,0.1523,0.1513,0.1521,15333.1
1727254800000.0,0.1521,0.1524,0.1517,0.1517,32381.9
1727258400000.0,0.1518,0.1523,0.1514,0.1523,19366.0
1727262000000.0,0.1523,0.1529,0.152,0.1527,21359.5
1727265600000.0,0.1526,0.1526,0.1518,0.1518,7094.7
1727269200000.0,0.1517,0.1517,0.1495,0.1497,271103.1
1727272800000.0,0.1498,0.1515,0.1498,0.1511,53188.1
1727276400000.0,0.1512,0.1515,0.1492,0.1492,47712.5
1727280000000.0,0.1491,0.1512,0.1491,0.1505,54496.6
1727283600000.0,0.1507,0.1508,0.1485,0.1488,39743.4
1727287200000.0,0.1487,0.1503,0.1487,0.1503,19883.7
1727290800000.0,0.1505,0.1511,0.1503,0.1503,26272.2
1727294400000.0,0.1504,0.1511,0.1504,0.1509,22987.1
1727298000000.0,0.1511,0.1513,0.1507,0.1507,8582.9
1727301600000.0,0.1506,0.1506,0.1487,0.1492,12461.8
1727305200000.0,0.1491,0.1491,0.1475,0.1482,23056.5
1727308800000.0,0.1483,0.1492,0.1462,0.1465,29338.6
1727312400000.0,0.1463,0.1478,0.146,0.1478,37104.2
1727316000000.0,0.1479,0.1488,0.1477,0.1481,68473.0
1727319600000.0,0.1481,0.1493,0.148,0.149,15890.7
1727323200000.0,0.149,0.1493,0.1484,0.1484,7354.0
1727326800000.0,0.1483,0.1508,0.1482,0.1506,12668.7
1727330400000.0,0.1507,0.1514,0.1507,0.1511,19189.3
1727334000000.0,0.1512,0.152,0.1509,0.152,28427.5
1727337600000.0,0.1521,0.1521,0.1505,0.1505,25141.8
1727341200000.0,0.1506,0.1515,0.1505,0.1513,7591.5
1727344800000.0,0.1512,0.153,0.1512,0.1528,37253.6
1727348400000.0,0.1526,0.1529,0.1522,0.1522,12082.7
1727352000000.0,0.1523,0.1528,0.1518,0.1524,28713.2
1727355600000.0,0.1525,0.1532,0.1515,0.1521,30229.2
1727359200000.0,0.1522,0.153,0.1505,0.1506,71424.4
1727362800000.0,0.1505,0.1532,0.1501,0.1529,71342.0
1727366400000.0,0.1529,0.1555,0.1525,0.1541,241087.7
1727370000000.0,0.1541,0.1553,0.1527,0.153,316969.4
1727373600000.0,0.1531,0.1546,0.153,0.1546,164446.1
1727377200000.0,0.1544,0.1568,0.1536,0.1537,280224.5
1727380800000.0,0.1538,0.1542,0.1524,0.1524,27416.0
1727384400000.0,0.1525,0.1542,0.1521,0.1532,104427.2
1727388000000.0,0.1531,0.1545,0.1531,0.1542,17587.6
1727391600000.0,0.1542,0.1545,0.1528,0.154,46825.4
1727395200000.0,0.1538,0.155,0.1535,0.1548,21587.0
1727398800000.0,0.1548,0.155,0.1533,0.1538,60594.4
1727402400000.0,0.154,0.1541,0.1532,0.1532,22869.0
1727406000000.0,0.1532,0.156,0.1529,0.1558,95404.4
1727409600000.0,0.1559,0.1567,0.1557,0.1563,23092.6
1727413200000.0,0.1564,0.1575,0.156,0.1575,32704.4
1727416800000.0,0.1577,0.1603,0.1573,0.1596,143585.3
1727420400000.0,0.1597,0.1613,0.1585,0.1601,130891.5
1727424000000.0,0.1602,0.1609,0.1556,0.1569,251703.6
1727427600000.0,0.1569,0.1573,0.154,0.1542,171492.4
1727431200000.0,0.1542,0.1542,0.1505,0.1509,322948.4
1727434800000.0,0.151,0.1517,0.1508,0.1515,47309.0
1727438400000.0,0.1515,0.1532,0.151,0.1528,31978.9
1727442000000.0,0.1527,0.1538,0.1522,0.1529,122971.6
1727445600000.0,0.1529,0.1561,0.1526,0.1542,163481.1
1727449200000.0,0.1542,0.1548,0.1527,0.1528,127943.6
1727452800000.0,0.1529,0.1556,0.1529,0.1556,80488.0
1727456400000.0,0.1555,0.1562,0.1538,0.1551,126156.7
1727460000000.0,0.1551,0.1554,0.1546,0.1553,28922.0
1727463600000.0,0.1554,0.1564,0.155,0.155,50390.8
1727467200000.0,0.1549,0.1554,0.1543,0.1552,28778.0
1727470800000.0,0.1554,0.1559,0.1551,0.1554,20255.4
1727474400000.0,0.1554,0.1578,0.1553,0.1576,112936.8
1727478000000.0,0.1573,0.1614,0.1569,0.157,259488.0
1727481600000.0,0.1568,0.1573,0.1565,0.1573,22421.3
1727485200000.0,0.1575,0.1589,0.1575,0.1585,44161.9
1727488800000.0,0.1586,0.1606,0.1586,0.1606,32818.9
1727492400000.0,0.1607,0.1632,0.1599,0.1599,160587.2
1727496000000.0,0.1598,0.1608,0.159,0.1599,63945.7
1727499600000.0,0.1599,0.1599,0.159,0.1591,14694.2
1727503200000.0,0.159,0.1594,0.1579,0.1584,28091.5
1727506800000.0,0.1585,0.1593,0.1579,0.1582,14313.3
1727510400000.0,0.158,0.158,0.1558,0.1558,11871.2
1727514000000.0,0.1557,0.1557,0.1532,0.1555,46597.3
1727517600000.0,0.1555,0.157,0.1553,0.1567,15069.7
1727521200000.0,0.1567,0.1567,0.1549,0.1553,7950.7
1727524800000.0,0.1552,0.1552,0.1538,0.1542,8828.4
1727528400000.0,0.154,0.154,0.1525,0.1525,19963.6
1727532000000.0,0.1526,0.1543,0.1526,0.1542,5393.5
1727535600000.0,0.1541,0.1541,0.1533,0.1534,9174.6
1727539200000.0,0.1536,0.154,0.1527,0.1529,40934.1
1727542800000.0,0.153,0.1544,0.153,0.154,23361.5
1727546400000.0,0.154,0.1542,0.1532,0.1532,7063.1
1727550000000.0,0.153,0.153,0.1521,0.1523,20185.9
1727553600000.0,0.1522,0.1523,0.1513,0.1513,7537.0
1727557200000.0,0.1514,0.1514,0.1492,0.1501,48675.1
1727560800000.0,0.1501,0.1509,0.1498,0.1509,12165.0
1727564400000.0,0.1507,0.1516,0.15,0.1515,17219.1
1727568000000.0,0.1515,0.1521,0.1498,0.15,76137.7
1727571600000.0,0.1501,0.1505,0.1495,0.1504,28036.0
1727575200000.0,0.1505,0.1519,0.1505,0.1511,31000.4
1727578800000.0,0.1509,0.1513,0.1503,0.1511,35892.8
1727582400000.0,0.1512,0.1513,0.1499,0.1502,17432.2
1727586000000.0,0.15,0.1534,0.15,0.1506,62826.5
1727589600000.0,0.1505,0.1507,0.1476,0.1483,45284.4
1727593200000.0,0.1482,0.1483,0.1463,0.1464,40192.2
1727596800000.0,0.1464,0.1464,0.1444,0.1444,184052.4
1727600400000.0,0.1445,0.1461,0.144,0.1458,179597.4
1727604000000.0,0.1458,0.1462,0.1449,0.1452,64245.9
1727607600000.0,0.1453,0.1462,0.1453,0.1455,54164.5
1727611200000.0,0.1456,0.1465,0.1438,0.1439,46235.3
1727614800000.0,0.1437,0.1458,0.143,0.1458,150677.7
1727618400000.0,0.1457,0.1468,0.1456,0.146,114343.4
1727622000000.0,0.1459,0.1476,0.1453,0.1466,117429.2
1727625600000.0,0.1467,0.1474,0.1454,0.1467,107825.6
1727629200000.0,0.1468,0.1479,0.1468,0.1477,74654.2
1727632800000.0,0.1477,0.148,0.147,0.1471,64938.4
1727636400000.0,0.1471,0.148,0.1471,0.148,196430.1
1727640000000.0,0.1481,0.149,0.1465,0.1472,268834.4
1727643600000.0,0.1471,0.1483,0.1467,0.1474,95759.9
1727647200000.0,0.1473,0.1477,0.1465,0.1465,35433.7
1727650800000.0,0.1465,0.1465,0.1451,0.1462,37693.3
1727654400000.0,0.1463,0.1473,0.1443,0.1469,153625.1
1727658000000.0,0.147,0.1474,0.1446,0.1446,130294.1
1727661600000.0,0.1447,0.1452,0.144,0.1443,39442.6
1727665200000.0,0.1443,0.1444,0.1427,0.1436,70719.0
1727668800000.0,0.1437,0.1437,0.141,0.1418,140500.6
1727672400000.0,0.1417,0.1429,0.1412,0.1427,70259.6
1727676000000.0,0.1427,0.1437,0.141,0.141,63535.8
1727679600000.0,0.1411,0.143,0.1411,0.143,64753.0
1727683200000.0,0.1429,0.1432,0.1418,0.1428,47324.2
1727686800000.0,0.1427,0.1428,0.1394,0.1394,181663.6
1727690400000.0,0.1393,0.1398,0.1383,0.1398,94450.4
1727694000000.0,0.1397,0.1413,0.1395,0.1411,60550.5
1727697600000.0,0.141,0.1413,0.1403,0.1406,24355.4
1727701200000.0,0.1407,0.1412,0.1394,0.1395,26838.2
1727704800000.0,0.1394,0.1396,0.1384,0.1385,21641.6
1727708400000.0,0.1386,0.1421,0.1385,0.1405,149603.7
1727712000000.0,0.1406,0.1413,0.1395,0.1413,14570.8
1727715600000.0,0.1411,0.1423,0.1406,0.1421,87384.6
1727719200000.0,0.1422,0.1427,0.1411,0.1426,93914.4
1727722800000.0,0.1425,0.1428,0.142,0.1424,16325.1
1727726400000.0,0.1423,0.1442,0.1423,0.1442,21375.6
1727730000000.0,0.1442,0.1449,0.1438,0.1439,81763.9
1727733600000.0,0.1438,0.1438,0.1424,0.1424,40239.4
1727737200000.0,0.1423,0.1425,0.1408,0.1422,33831.1
1727740800000.0,0.1423,0.144,0.1414,0.144,52468.7
1727744400000.0,0.1439,0.1453,0.1439,0.1441,17165.9
1727748000000.0,0.144,0.144,0.1428,0.1435,21118.1
1727751600000.0,0.1435,0.1449,0.1434,0.1448,10904.9
1727755200000.0,0.1447,0.1459,0.1445,0.1454,38742.9
1727758800000.0,0.1455,0.1455,0.144,0.1444,11054.4
1727762400000.0,0.1445,0.1458,0.1445,0.1457,11568.0
1727766000000.0,0.1458,0.1458,0.1453,0.1453,32859.4
1727769600000.0,0.1452,0.1456,0.1449,0.1454,4993.4
1727773200000.0,0.1455,0.1473,0.1455,0.147,13716.2
1727776800000.0,0.1469,0.1485,0.1464,0.1481,25697.7
1727780400000.0,0.1482,0.1483,0.1468,0.147,63699.3
1727784000000.0,0.1471,0.148,0.1471,0.1474,15272.0
1727787600000.0,0.1475,0.1475,0.141,0.1423,94743.9
1727791200000.0,0.1425,0.1433,0.1367,0.137,130373.2
1727794800000.0,0.1369,0.1373,0.1307,0.1337,155015.8
1727798400000.0,0.1337,0.134,0.1288,0.1307,205292.7
1727802000000.0,0.1306,0.1306,0.123,0.1294,426766.6
1727805600000.0,0.1294,0.1299,0.126,0.1262,250237.0
1727809200000.0,0.1261,0.1269,0.1248,0.1248,91645.2
1727812800000.0,0.1248,0.1255,0.1223,0.1253,484746.9
1727816400000.0,0.1252,0.1255,0.1244,0.1255,35877.8
1727820000000.0,0.1254,0.1254,0.1233,0.1242,26848.7
1727823600000.0,0.1243,0.1248,0.1229,0.1235,44320.0
1727827200000.0,0.1235,0.1243,0.1224,0.1233,29160.8
1727830800000.0,0.1233,0.1252,0.1233,0.1249,112936.7
1727834400000.0,0.125,0.1256,0.1246,0.1246,59980.6
1727838000000.0,0.1247,0.1257,0.1241,0.1253,113090.9
1727841600000.0,0.1253,0.128,0.1246,0.125,203026.1
1727845200000.0,0.1251,0.1254,0.1245,0.1248,20451.9
1727848800000.0,0.1248,0.1264,0.1244,0.1264,112187.9
1727852400000.0,0.1265,0.1276,0.1257,0.127,58011.7
1727856000000.0,0.1269,0.1273,0.1264,0.1271,29978.1
1727859600000.0,0.127,0.127,0.1229,0.1234,60759.4
1727863200000.0,0.1234,0.1242,0.1209,0.121,245660.9
1727866800000.0,0.1209,0.1225,0.1196,0.1214,258582.0
1727870400000.0,0.1215,0.1222,0.1197,0.1204,179954.7
1727874000000.0,0.1205,0.1216,0.1192,0.1213,173902.5
1727877600000.0,0.1212,0.1218,0.1204,0.1204,71775.1
1727881200000.0,0.1205,0.1226,0.1204,0.1221,78656.0
1727884800000.0,0.122,0.1233,0.1192,0.1193,192266.2
1727888400000.0,0.1192,0.1202,0.1182,0.1197,217337.3
1727892000000.0,0.1196,0.1196,0.1146,0.1146,323093.7
1727895600000.0,0.1147,0.1159,0.1134,0.1153,168239.1
1727899200000.0,0.1154,0.118,0.1146,0.1176,65629.4
1727902800000.0,0.1177,0.1187,0.1172,0.1178,61575.7
1727906400000.0,0.1177,0.1182,0.1165,0.1182,99088.1
1727910000000.0,0.1183,0.1185,0.1173,0.1178,30777.6
1727913600000.0,0.1179,0.1185,0.1166,0.1177,55766.8
1727917200000.0,0.1178,0.135,0.1178,0.1271,1224698.5
1727920800000.0,0.127,0.1292,0.1263,0.129,264571.7
1727924400000.0,0.1289,0.1301,0.1276,0.1301,253427.0
1727928000000.0,0.1301,0.1305,0.1281,0.1289,173996.9
1727931600000.0,0.1288,0.1298,0.1271,0.1274,220380.8
1727935200000.0,0.1273,0.1285,0.1272,0.1279,29772.1
1727938800000.0,0.1278,0.1278,0.1122,0.1236,2057187.2
1727942400000.0,0.1235,0.1244,0.1193,0.1203,430048.7
1727946000000.0,0.1203,0.1231,0.1188,0.1212,590458.9
1727949600000.0,0.1211,0.1269,0.1209,0.1269,550280.9
1727953200000.0,0.127,0.1288,0.1258,0.1269,323484.0
1727956800000.0,0.127,0.1275,0.1223,0.1228,315775.8
1727960400000.0,0.1227,0.1256,0.1211,0.1247,245005.6
1727964000000.0,0.1248,0.1272,0.1229,0.1234,261112.3
1727967600000.0,0.1234,0.1241,0.1209,0.1235,243836.0
1727971200000.0,0.1234,0.1243,0.1198,0.1208,180365.9
1727974800000.0,0.1207,0.1229,0.1196,0.1219,64317.4
1727978400000.0,0.122,0.1246,0.1218,0.1228,121888.3
1727982000000.0,0.1225,0.1343,0.1224,0.13,1300603.0
1727985600000.0,0.1299,0.1334,0.1289,0.1298,1145139.3
1727989200000.0,0.1297,0.1309,0.1281,0.1303,187206.5
1727992800000.0,0.1302,0.1318,0.1295,0.1299,244167.0
1727996400000.0,0.1297,0.131,0.1294,0.13,158399.2
1728000000000.0,0.1302,0.1355,0.1302,0.1334,746403.1
1728003600000.0,0.1335,0.1453,0.1326,0.1435,2308375.5
1728007200000.0,0.1434,0.145,0.1383,0.1383,457588.9
1728010800000.0,0.1382,0.1385,0.1241,0.131,3004212.6
1728014400000.0,0.1308,0.133,0.1294,0.1302,857393.9
1728018000000.0,0.1301,0.1304,0.1283,0.1284,390986.5
1728021600000.0,0.1284,0.1312,0.1275,0.1279,445455.6
1728025200000.0,0.1278,0.1296,0.1274,0.1277,386526.8
1728028800000.0,0.1277,0.1289,0.1227,0.1229,312907.0
1728032400000.0,0.1231,0.1246,0.1219,0.123,246924.8
1728036000000.0,0.1229,0.1241,0.1221,0.1224,405712.5
1728039600000.0,0.1224,0.1252,0.1221,0.1245,254693.5
1728043200000.0,0.1246,0.1259,0.1236,0.1257,206623.1
1728046800000.0,0.1257,0.1275,0.1252,0.1264,241925.4
1728050400000.0,0.1263,0.1268,0.1253,0.1262,114578.0
1728054000000.0,0.1263,0.1285,0.1262,0.1274,327041.0
1728057600000.0,0.1275,0.1292,0.1275,0.1277,137011.4
1728061200000.0,0.1279,0.1294,0.1275,0.1293,369769.1
1728064800000.0,0.1294,0.1294,0.128,0.1285,331781.3
1728068400000.0,0.1286,0.129,0.1277,0.1283,208479.0
1728072000000.0,0.1282,0.1291,0.1275,0.1287,189251.9
1728075600000.0,0.1286,0.1303,0.1283,0.1284,628320.7
1728079200000.0,0.1284,0.1291,0.1276,0.1285,140731.2
1728082800000.0,0.1286,0.1292,0.1281,0.1287,83799.4
1728086400000.0,0.1285,0.129,0.1279,0.1288,42375.8
1728090000000.0,0.1287,0.1293,0.121,0.1259,1229266.2
1728093600000.0,0.126,0.126,0.1235,0.1235,403885.3
1728097200000.0,0.1234,0.1234,0.1205,0.1207,437901.7
1728100800000.0,0.1206,0.1208,0.1185,0.119,853857.9
1728104400000.0,0.1191,0.1227,0.1189,0.1213,1455964.9
1728108000000.0,0.1214,0.1218,0.1186,0.1203,372343.4
1728111600000.0,0.1204,0.1205,0.1191,0.1201,218261.9
1728115200000.0,0.1201,0.1207,0.1195,0.1202,167943.4
1728118800000.0,0.1203,0.1213,0.1201,0.1208,139469.9
1728122400000.0,0.1207,0.1209,0.1197,0.12,85623.8
1728126000000.0,0.1199,0.1203,0.1196,0.1199,89601.4
1728129600000.0,0.12,0.1207,0.12,0.1201,79657.4
1728133200000.0,0.1201,0.1203,0.118,0.1185,149143.7
1728136800000.0,0.1185,0.1187,0.1178,0.1182,159901.5
1728140400000.0,0.1183,0.1186,0.1172,0.1183,172321.1
1728144000000.0,0.1183,0.1185,0.1167,0.1169,188324.8
1728147600000.0,0.1169,0.1187,0.1166,0.1175,444216.1
1728151200000.0,0.1175,0.1181,0.1171,0.1175,204203.6
1728154800000.0,0.1173,0.1174,0.1164,0.1164,105761.3
1728158400000.0,0.1163,0.1167,0.1161,0.1164,111956.8
1728162000000.0,0.1163,0.1181,0.1163,0.1173,93881.9
1728165600000.0,0.1173,0.119,0.1173,0.119,123039.7
1728169200000.0,0.119,0.1196,0.1159,0.1175,221970.8
1728172800000.0,0.1176,0.1181,0.1167,0.1175,203977.9
1728176400000.0,0.1174,0.1192,0.1173,0.1184,217474.6
1728180000000.0,0.1185,0.1186,0.1176,0.1176,36428.8
1728183600000.0,0.1177,0.1181,0.1169,0.1169,31213.5
1728187200000.0,0.117,0.1175,0.1165,0.117,56522.3
1728190800000.0,0.1169,0.1189,0.1169,0.1175,172432.0
1728194400000.0,0.1174,0.1178,0.1169,0.1169,75151.2
1728198000000.0,0.1171,0.1178,0.1171,0.1174,135987.2
1728201600000.0,0.1175,0.1175,0.1166,0.1167,42491.7
1728205200000.0,0.1168,0.1176,0.1166,0.1172,26425.9
1728208800000.0,0.1172,0.1183,0.1169,0.1172,104483.4
1728212400000.0,0.1172,0.1185,0.1172,0.1183,80772.7
1728216000000.0,0.1184,0.1194,0.118,0.1193,39182.8
1728219600000.0,0.1194,0.1198,0.1188,0.1195,46938.6
1728223200000.0,0.1195,0.1203,0.1186,0.1201,261756.9
1728226800000.0,0.1202,0.1202,0.1192,0.1202,20285.1
1728230400000.0,0.1203,0.1214,0.1193,0.1197,124133.5
1728234000000.0,0.1197,0.1202,0.1192,0.1195,12929.6
1728237600000.0,0.1196,0.1201,0.1196,0.1201,10431.2
1728241200000.0,0.1201,0.1206,0.1192,0.1193,46697.3
1728244800000.0,0.1192,0.1199,0.1191,0.1195,10491.0
1728248400000.0,0.1196,0.1222,0.1195,0.1202,71330.4
1728252000000.0,0.1203,0.1212,0.1202,0.1212,33942.1
1728255600000.0,0.1211,0.1218,0.121,0.1218,21951.0
1728259200000.0,0.1218,0.1247,0.1218,0.1247,325365.9
1728262800000.0,0.1248,0.1301,0.1232,0.1279,870870.1
1728266400000.0,0.1278,0.1282,0.1239,0.1242,291621.1
1728270000000.0,0.1243,0.1245,0.1208,0.1235,393141.1
1728273600000.0,0.1237,0.1237,0.12,0.1217,258576.4
1728277200000.0,0.1219,0.1223,0.1211,0.1217,38653.0
1728280800000.0,0.1215,0.1227,0.1215,0.1226,73111.8
1728284400000.0,0.1225,0.1226,0.122,0.1222,27289.0
1728288000000.0,0.1221,0.1228,0.1221,0.1227,4357.0
1728291600000.0,0.1226,0.1226,0.1201,0.1205,34321.9
1728295200000.0,0.1204,0.1204,0.1193,0.1195,40988.4
1728298800000.0,0.1194,0.1208,0.1188,0.1208,74066.2
1728302400000.0,0.1207,0.1207,0.1194,0.1197,30067.9
1728306000000.0,0.1199,0.1221,0.1199,0.1216,33626.6
1728309600000.0,0.1216,0.1242,0.1216,0.1229,163317.1
1728313200000.0,0.1227,0.1239,0.1217,0.1228,36915.8
1728316800000.0,0.1229,0.1242,0.1229,0.1239,149588.5
1728320400000.0,0.124,0.1243,0.1229,0.1235,114301.9
1728324000000.0,0.1236,0.1239,0.1206,0.1211,44163.9
1728327600000.0,0.1211,0.1228,0.121,0.1222,22616.4
1728331200000.0,0.1223,0.1223,0.1209,0.1209,115458.1
1728334800000.0,0.1207,0.1217,0.1207,0.1217,25295.5
1728338400000.0,0.1216,0.1216,0.1196,0.1206,89929.8
1728342000000.0,0.1205,0.1208,0.1193,0.1197,104978.2
1728345600000.0,0.1197,0.1212,0.1197,0.1209,71116.5
1728349200000.0,0.121,0.1219,0.1208,0.1216,49850.5
1728352800000.0,0.1216,0.1217,0.1207,0.1214,87922.8
1728356400000.0,0.1214,0.1219,0.1211,0.1216,39100.0
1728360000000.0,0.1217,0.1224,0.1212,0.1218,101812.0
1728363600000.0,0.1218,0.1218,0.1206,0.1216,19432.3
1728367200000.0,0.1215,0.1228,0.1208,0.1228,44217.9
1728370800000.0,0.1227,0.1227,0.1203,0.1212,16045.1
1728374400000.0,0.1211,0.1213,0.1203,0.1209,11917.4
1728378000000.0,0.1208,0.1214,0.1204,0.1214,26124.9
1728381600000.0,0.1213,0.1216,0.1207,0.1215,22447.9
1728385200000.0,0.1215,0.1239,0.1213,0.1231,357045.5
1728388800000.0,0.1231,0.1231,0.1206,0.1209,56711.4
1728392400000.0,0.1209,0.1212,0.119,0.1208,71701.6
1728396000000.0,0.1209,0.1212,0.1187,0.1204,50155.3
1728399600000.0,0.1202,0.1204,0.1176,0.1192,99917.1
1728403200000.0,0.1193,0.1202,0.1181,0.12,52590.9
1728406800000.0,0.1199,0.12,0.1185,0.1192,22995.5
1728410400000.0,0.1193,0.1203,0.1181,0.1187,34428.1
1728414000000.0,0.1186,0.1198,0.1178,0.1197,86979.2
1728417600000.0,0.1196,0.12,0.1191,0.1199,16983.6
1728421200000.0,0.12,0.121,0.1198,0.121,34926.7
1728424800000.0,0.1209,0.1209,0.1198,0.1198,165552.4
1728428400000.0,0.1197,0.1197,0.108,0.1178,1353293.7
1728432000000.0,0.1181,0.1192,0.1177,0.1186,123673.7
1728435600000.0,0.1185,0.1201,0.1184,0.1197,104424.1
1728439200000.0,0.1196,0.1196,0.1184,0.1184,47994.5
1728442800000.0,0.1185,0.119,0.1174,0.1185,42102.3
1728446400000.0,0.1185,0.1186,0.1177,0.1178,110868.8
1728450000000.0,0.1179,0.1196,0.1179,0.1194,16455.7
1728453600000.0,0.1193,0.1195,0.1182,0.1187,48554.2
1728457200000.0,0.1188,0.1189,0.1178,0.1187,23841.0
1728460800000.0,0.1188,0.119,0.1154,0.1175,272842.7
1728464400000.0,0.1176,0.1181,0.1174,0.1179,23160.0
1728468000000.0,0.118,0.118,0.1175,0.1177,2510.7
1728471600000.0,0.1178,0.118,0.1173,0.1178,18460.5
1728475200000.0,0.1178,0.1178,0.1158,0.1167,238743.3
1728478800000.0,0.1166,0.1168,0.1146,0.1149,87977.4
1728482400000.0,0.1148,0.1159,0.1145,0.1148,123445.3
1728486000000.0,0.115,0.1174,0.115,0.1171,102099.7
1728489600000.0,0.117,0.1184,0.1119,0.1147,1537005.3
1728493200000.0,0.1147,0.1147,0.1139,0.1143,149435.4
1728496800000.0,0.1143,0.115,0.1123,0.1139,321639.4
1728500400000.0,0.114,0.1145,0.1135,0.1141,49802.4
1728504000000.0,0.114,0.114,0.1084,0.1105,924943.2
1728507600000.0,0.1106,0.1125,0.1103,0.1125,116227.9
1728511200000.0,0.1124,0.1124,0.1114,0.1118,104199.7
1728514800000.0,0.1117,0.1125,0.1112,0.1122,139582.1
1728518400000.0,0.1121,0.1123,0.1111,0.1121,30006.6
1728522000000.0,0.1122,0.1131,0.1122,0.1126,169037.8
1728525600000.0,0.1125,0.113,0.1124,0.1126,21422.2
1728529200000.0,0.1125,0.1131,0.1124,0.1125,34582.2
1728532800000.0,0.1125,0.1126,0.112,0.112,71354.9
1728536400000.0,0.1121,0.1131,0.1117,0.1126,33457.5
1728540000000.0,0.1127,0.1128,0.1095,0.1118,374101.8
1728543600000.0,0.1118,0.1118,0.1113,0.1113,57433.1
1728547200000.0,0.1114,0.1122,0.111,0.1117,82600.6
1728550800000.0,0.1117,0.1117,0.1083,0.1104,265875.8
1728554400000.0,0.1105,0.1116,0.1105,0.1114,51093.1
1728558000000.0,0.1115,0.1139,0.1114,0.1136,145514.3
1728561600000.0,0.1135,0.1135,0.1101,0.1109,75417.0
1728565200000.0,0.1108,0.1121,0.1103,0.1112,64259.9
1728568800000.0,0.111,0.1116,0.1099,0.1105,114073.9
1728572400000.0,0.1104,0.1116,0.11,0.1116,72208.0
1728576000000.0,0.1117,0.1123,0.1101,0.1101,58015.1
1728579600000.0,0.1102,0.1104,0.1079,0.1089,56119.0
1728583200000.0,0.1088,0.1107,0.108,0.1107,82982.4
1728586800000.0,0.1106,0.1111,0.11,0.1109,61633.3
1728590400000.0,0.1108,0.1114,0.1104,0.111,35213.6
1728594000000.0,0.1109,0.1124,0.1109,0.1124,11801.0
1728597600000.0,0.1124,0.1125,0.1121,0.1123,14023.9
1728601200000.0,0.1124,0.1128,0.1123,0.1128,7298.7
1728604800000.0,0.1129,0.1147,0.1129,0.1142,50501.6
1728608400000.0,0.1141,0.1147,0.1128,0.1146,43225.8
1728612000000.0,0.1146,0.1146,0.1138,0.1143,16852.7
1728615600000.0,0.1145,0.1149,0.1144,0.1147,19347.6
1728619200000.0,0.1148,0.1153,0.1139,0.1139,46309.8
1728622800000.0,0.114,0.1147,0.1132,0.1141,18876.9
1728626400000.0,0.114,0.1163,0.114,0.1155,131022.4
1728630000000.0,0.1155,0.1158,0.1153,0.1154,9770.5
1728633600000.0,0.1153,0.1159,0.1151,0.1154,19239.2
1728637200000.0,0.1155,0.1164,0.1155,0.1163,112907.6
1728640800000.0,0.1163,0.1164,0.116,0.1163,9506.3
1728644400000.0,0.1162,0.1162,0.1159,0.1159,937.6
1728648000000.0,0.116,0.1172,0.1159,0.1169,53628.0
1728651600000.0,0.1168,0.1177,0.1162,0.1176,41369.5
1728655200000.0,0.1177,0.118,0.1163,0.1167,70655.9
1728658800000.0,0.1168,0.1177,0.1165,0.1175,136331.1
1728662400000.0,0.1176,0.1179,0.1171,0.1175,15415.4
1728666000000.0,0.1176,0.1185,0.1173,0.1183,58238.7
1728669600000.0,0.1184,0.1184,0.1179,0.118,18657.4
1728673200000.0,0.1181,0.1191,0.1181,0.1182,17960.2
1728676800000.0,0.1183,0.1192,0.1183,0.1189,158037.7
1728680400000.0,0.119,0.1192,0.1186,0.1186,9574.7
1728684000000.0,0.1187,0.1191,0.1187,0.119,20870.6
1728687600000.0,0.1189,0.1189,0.1182,0.1184,9267.9
1728691200000.0,0.1184,0.1197,0.1184,0.1197,5721.2
1728694800000.0,0.1198,0.1202,0.1195,0.1202,87942.8
1728698400000.0,0.1202,0.1203,0.1188,0.1188,30476.9
1728702000000.0,0.1188,0.1188,0.1185,0.1186,2387.0
1728705600000.0,0.1187,0.1193,0.1187,0.1192,21218.4
1728709200000.0,0.1193,0.1202,0.1191,0.1202,4697.7
1728712800000.0,0.1203,0.1211,0.1181,0.1207,181781.6
1728716400000.0,0.1207,0.1207,0.1204,0.1206,4567.6
1728720000000.0,0.1205,0.1209,0.1204,0.1205,6554.2
1728723600000.0,0.1203,0.1203,0.12,0.1203,3987.1
1728727200000.0,0.1204,0.1211,0.1203,0.1211,44625.3
1728730800000.0,0.121,0.1212,0.1202,0.1203,18537.7
1728734400000.0,0.1203,0.1215,0.1201,0.1211,18308.7
1728738000000.0,0.1211,0.1215,0.121,0.1212,83659.4
1728741600000.0,0.1211,0.1218,0.1211,0.1218,58280.4
1728745200000.0,0.1217,0.1219,0.1211,0.1212,9585.8
1728748800000.0,0.1214,0.1222,0.1209,0.1209,31418.4
1728752400000.0,0.1208,0.1211,0.1206,0.1208,147315.6
1728756000000.0,0.1209,0.121,0.1189,0.1198,133142.9
1728759600000.0,0.1198,0.1198,0.119,0.1191,98175.3
1728763200000.0,0.1191,0.1199,0.1191,0.1198,25249.9
1728766800000.0,0.1197,0.1208,0.1197,0.1208,3756.8
1728770400000.0,0.1209,0.1213,0.1206,0.1211,10453.6
1728774000000.0,0.1213,0.1214,0.1207,0.1207,39430.2
1728777600000.0,0.1209,0.121,0.1206,0.1206,54814.6
1728781200000.0,0.1205,0.1205,0.1195,0.1196,30783.9
1728784800000.0,0.1197,0.1203,0.1194,0.1202,52755.0
1728788400000.0,0.1202,0.1202,0.1195,0.1199,4592.3
1728792000000.0,0.12,0.1228,0.12,0.1212,207480.0
1728795600000.0,0.1211,0.1223,0.1211,0.1217,84439.3
1728799200000.0,0.1218,0.1219,0.1216,0.1219,8540.9
1728802800000.0,0.1219,0.122,0.1216,0.1218,3643.0
1728806400000.0,0.1219,0.1223,0.1212,0.1212,6363.2
1728810000000.0,0.1213,0.1216,0.1211,0.1211,4180.7
1728813600000.0,0.121,0.121,0.1197,0.1197,10134.5
1728817200000.0,0.1197,0.1198,0.1184,0.1186,130778.0
1728820800000.0,0.1186,0.1197,0.1186,0.119,33901.2
1728824400000.0,0.1189,0.1194,0.1189,0.1191,25679.4
1728828000000.0,0.119,0.119,0.1159,0.1167,207290.9
1728831600000.0,0.1169,0.1173,0.1162,0.1166,32935.7
1728835200000.0,0.1166,0.1175,0.1159,0.1173,231507.5
1728838800000.0,0.1174,0.118,0.1167,0.1169,25545.2
1728842400000.0,0.1168,0.117,0.1161,0.1165,11008.2
1728846000000.0,0.1165,0.1173,0.1164,0.1171,114482.6
1728849600000.0,0.1173,0.1177,0.1171,0.1177,10644.4
1728853200000.0,0.1178,0.1197,0.1178,0.1195,32360.5
1728856800000.0,0.1196,0.1203,0.1191,0.1194,104049.1
1728860400000.0,0.1195,0.1204,0.119,0.1204,47954.3
1728864000000.0,0.1204,0.1204,0.1189,0.1189,22463.3
1728867600000.0,0.1191,0.12,0.1191,0.1194,12098.7
1728871200000.0,0.1193,0.1193,0.1182,0.1186,26234.0
1728874800000.0,0.1187,0.1223,0.1187,0.1223,44776.8
1728878400000.0,0.1223,0.1228,0.1212,0.1224,59211.0
1728882000000.0,0.1222,0.1223,0.1211,0.1216,11809.8
1728885600000.0,0.1215,0.1222,0.1212,0.1217,33634.4
1728889200000.0,0.1216,0.1227,0.1215,0.1225,17222.0
1728892800000.0,0.1224,0.1226,0.1216,0.1216,10073.5
1728896400000.0,0.1216,0.1228,0.1212,0.1222,54271.7
1728900000000.0,0.1225,0.1231,0.1223,0.1225,65020.5
1728903600000.0,0.1232,0.1237,0.123,0.1237,174387.6
1728907200000.0,0.1236,0.124,0.1233,0.1237,30549.3
1728910800000.0,0.1233,0.1242,0.1231,0.1242,36861.0
1728914400000.0,0.124,0.1249,0.1236,0.1236,62671.5
1728918000000.0,0.1241,0.1252,0.124,0.1248,84170.1
1728921600000.0,0.1249,0.1259,0.1242,0.1252,366936.5
1728925200000.0,0.1247,0.125,0.1238,0.1249,205883.0
1728928800000.0,0.125,0.1259,0.125,0.1259,149755.4
1728932400000.0,0.126,0.1267,0.1255,0.126,128972.5
1728936000000.0,0.1262,0.1268,0.1262,0.1263,33735.6
1728939600000.0,0.1262,0.1263,0.1256,0.1262,30010.3
1728943200000.0,0.1264,0.1276,0.1264,0.1276,186898.8
1728946800000.0,0.1277,0.1277,0.1265,0.1265,43040.1
1728950400000.0,0.1267,0.1268,0.1257,0.1263,116448.7
1728954000000.0,0.1263,0.1267,0.1262,0.1265,11819.2
1728957600000.0,0.1268,0.13,0.1268,0.1273,266129.5
1728961200000.0,0.1273,0.1277,0.1267,0.1267,21800.8
1728964800000.0,0.1272,0.1283,0.1261,0.1283,70838.3
1728968400000.0,0.1283,0.1283,0.1257,0.1258,33375.0
1728972000000.0,0.1261,0.1266,0.1257,0.1265,48996.6
1728975600000.0,0.1267,0.1272,0.1262,0.1265,14440.0
1728979200000.0,0.1266,0.1273,0.1264,0.1267,33931.1
1728982800000.0,0.1267,0.1267,0.1249,0.125,380971.3
1728986400000.0,0.1248,0.1256,0.124,0.1256,37549.2
1728990000000.0,0.1249,0.1255,0.1238,0.1247,218061.2
1728993600000.0,0.1246,0.1266,0.1246,0.1257,30404.9
1728997200000.0,0.1258,0.1291,0.1252,0.1291,247458.5
1729000800000.0,0.1292,0.1293,0.1238,0.1241,144196.2
1729004400000.0,0.1233,0.125,0.1217,0.1228,274195.7
1729008000000.0,0.1236,0.1261,0.1236,0.1258,101174.8
1729011600000.0,0.1259,0.1262,0.1238,0.124,64911.4
1729015200000.0,0.1244,0.1253,0.1244,0.125,21167.0
1729018800000.0,0.1251,0.1252,0.1236,0.1238,26770.4
1729022400000.0,0.124,0.124,0.119,0.1212,368397.4
1729026000000.0,0.1213,0.1229,0.1209,0.1223,80111.7
1729029600000.0,0.1231,0.1232,0.1227,0.1228,6073.4
1729033200000.0,0.1233,0.1249,0.1233,0.1249,22804.7
1729036800000.0,0.1252,0.1254,0.1232,0.1232,9930.3
1729040400000.0,0.1238,0.1241,0.1236,0.1237,8887.9
1729044000000.0,0.1243,0.1259,0.1243,0.125,206724.6
1729047600000.0,0.125,0.1251,0.1239,0.1243,29729.6
1729051200000.0,0.1237,0.1239,0.1224,0.1224,29814.8
1729054800000.0,0.1234,0.124,0.1234,0.1238,19230.6
1729058400000.0,0.1237,0.1247,0.1229,0.1247,12062.0
1729062000000.0,0.1248,0.1248,0.1239,0.1244,41436.9
1729065600000.0,0.1248,0.1253,0.1245,0.1246,151883.3
1729069200000.0,0.1244,0.1247,0.1239,0.124,65692.8
1729072800000.0,0.1237,0.1244,0.1237,0.1238,11741.6
1729076400000.0,0.1231,0.1255,0.1231,0.1253,12725.3
1729080000000.0,0.1245,0.1261,0.1245,0.1246,93911.3
1729083600000.0,0.1244,0.1248,0.1231,0.1238,29168.6
1729087200000.0,0.1239,0.1253,0.1228,0.1228,25713.7
1729090800000.0,0.1238,0.1244,0.1234,0.1236,15056.6
1729094400000.0,0.1238,0.1239,0.1229,0.1232,17105.3
1729098000000.0,0.1237,0.1239,0.1235,0.1235,20393.4
1729101600000.0,0.1236,0.1236,0.1235,0.1235,12806.2
1729105200000.0,0.1231,0.1241,0.1231,0.124,16816.8
1729108800000.0,0.1241,0.125,0.1239,0.1249,52009.7
1729112400000.0,0.1248,0.1248,0.124,0.124,24199.6
1729116000000.0,0.1244,0.125,0.1244,0.1249,13532.7
1729119600000.0,0.1244,0.1245,0.1243,0.1244,3878.3
1729123200000.0,0.1243,0.1254,0.1243,0.1246,27194.0
1729126800000.0,0.1246,0.1246,0.1238,0.1242,8126.4
1729130400000.0,0.125,0.125,0.1231,0.1236,14111.2
1729134000000.0,0.1233,0.1235,0.1233,0.1233,11244.9
1729137600000.0,0.1235,0.1235,0.1224,0.1224,8219.6
1729141200000.0,0.1222,0.1222,0.1213,0.1213,31050.6
1729144800000.0,0.1211,0.1223,0.1205,0.1223,19928.2
1729148400000.0,0.1216,0.1216,0.1204,0.1205,5631.5
1729152000000.0,0.1202,0.1206,0.1197,0.1206,12252.5
1729155600000.0,0.1212,0.1212,0.1205,0.1205,36519.7
1729159200000.0,0.1207,0.1207,0.1182,0.119,96402.5
1729162800000.0,0.1195,0.1196,0.1185,0.1189,9108.1
1729166400000.0,0.119,0.1197,0.1187,0.1197,6629.3
1729170000000.0,0.1202,0.1222,0.1197,0.1214,56297.6
1729173600000.0,0.1213,0.1219,0.1205,0.1214,43754.0
1729177200000.0,0.1215,0.1231,0.1214,0.1228,77612.7
1729180800000.0,0.1228,0.1228,0.122,0.1221,14464.3
1729184400000.0,0.1224,0.1227,0.1209,0.1209,104088.6
1729188000000.0,0.1214,0.1214,0.1191,0.1214,67465.6
1729195200000.0,0.1217,0.1218,0.1209,0.1209,45282.1
1729198800000.0,0.121,0.1214,0.121,0.1213,24461.3
1729202400000.0,0.1219,0.1219,0.1216,0.1216,6115.6
1729206000000.0,0.1217,0.1219,0.1215,0.1219,3244.2
1729209600000.0,0.1217,0.1219,0.1211,0.1212,24031.8
1729213200000.0,0.1213,0.1234,0.1213,0.1234,9210.4
1729216800000.0,0.1237,0.1241,0.1233,0.1241,22442.9
1729220400000.0,0.124,0.124,0.1231,0.1231,9644.3
1729224000000.0,0.123,0.1232,0.1226,0.1228,18971.9
1729227600000.0,0.1221,0.1225,0.122,0.1222,9909.3
1729231200000.0,0.1233,0.1238,0.1233,0.1234,9963.0
1729234800000.0,0.1231,0.1234,0.1231,0.1234,6130.8
1729238400000.0,0.1239,0.1242,0.1235,0.1241,85295.7
1729242000000.0,0.1241,0.1242,0.1238,0.1238,102053.4
1729245600000.0,0.124,0.1258,0.124,0.1258,22786.9
1729249200000.0,0.1254,0.1259,0.1251,0.1253,37674.8
1729252800000.0,0.125,0.1261,0.1246,0.1246,24295.2
1729256400000.0,0.1243,0.1251,0.1223,0.1246,224548.1
1729260000000.0,0.125,0.1257,0.125,0.1254,42225.7
1729263600000.0,0.1261,0.1266,0.1251,0.1252,59395.6
1729267200000.0,0.1249,0.1257,0.1249,0.1257,5555.7
1729270800000.0,0.1263,0.1263,0.1256,0.1258,7428.7
1729274400000.0,0.1264,0.1265,0.126,0.1263,42210.7
1729278000000.0,0.1263,0.1265,0.1258,0.126,26592.0
1729281600000.0,0.1264,0.1268,0.1264,0.1266,99216.3
1729285200000.0,0.1267,0.1269,0.1265,0.1267,30074.9
1729288800000.0,0.1268,0.1277,0.1263,0.1273,114116.4
1729292400000.0,0.1276,0.1282,0.1275,0.1281,20180.6
1729296000000.0,0.1281,0.1288,0.128,0.1287,67234.1
1729299600000.0,0.129,0.1298,0.129,0.1293,74304.3
1729303200000.0,0.129,0.1298,0.129,0.1295,39375.1
1729306800000.0,0.1297,0.13,0.1294,0.1294,21554.4
1729310400000.0,0.1294,0.1296,0.1285,0.1285,36618.4
1729314000000.0,0.1291,0.1291,0.1286,0.1287,12514.4
1729317600000.0,0.1289,0.1291,0.1287,0.1291,25051.8
1729321200000.0,0.1288,0.1289,0.1279,0.1279,23490.5
1729324800000.0,0.1285,0.1289,0.1284,0.1284,43595.7
1729328400000.0,0.1288,0.1289,0.1281,0.1282,25708.1
1729332000000.0,0.1274,0.1276,0.1264,0.1264,18421.7
1729335600000.0,0.1272,0.1274,0.1259,0.1259,15223.5
1729339200000.0,0.126,0.1273,0.126,0.1273,6672.4
1729342800000.0,0.127,0.127,0.1262,0.1262,15049.8
1729346400000.0,0.1272,0.1275,0.1267,0.1271,87855.8
1729350000000.0,0.1272,0.1272,0.1264,0.1264,22439.5
1729353600000.0,0.1262,0.1264,0.1252,0.1252,606.0
1729357200000.0,0.1251,0.1261,0.1249,0.1253,158479.2
1729360800000.0,0.1256,0.1259,0.1256,0.1259,14955.9
1729364400000.0,0.1256,0.1265,0.1256,0.1262,6039.3
1729368000000.0,0.1266,0.1271,0.1265,0.127,15416.8
1729371600000.0,0.1273,0.1277,0.1273,0.1277,521.6
1729375200000.0,0.1275,0.128,0.1262,0.128,87950.1
1729378800000.0,0.1281,0.1285,0.1278,0.1278,8844.1
1729382400000.0,0.1287,0.1287,0.1276,0.1276,6425.0
1729386000000.0,0.1276,0.1276,0.1271,0.1271,3292.4
1729389600000.0,0.1271,0.1272,0.1268,0.1269,7705.6
1729393200000.0,0.1265,0.1265,0.1262,0.1264,29018.7
1729396800000.0,0.1274,0.1278,0.1274,0.1274,30042.6
1729400400000.0,0.1282,0.1288,0.1282,0.1288,44149.0
1729404000000.0,0.1289,0.1298,0.1289,0.1293,11767.4
1729407600000.0,0.1299,0.1303,0.1295,0.1295,72817.4
1729411200000.0,0.1296,0.1296,0.1295,0.1295,21858.0
1729414800000.0,0.1303,0.1311,0.1303,0.1311,30772.9
1729418400000.0,0.1311,0.1311,0.1308,0.1308,17781.6
1729422000000.0,0.1311,0.1314,0.1309,0.1311,47553.2
1729425600000.0,0.1313,0.1323,0.1312,0.1318,89255.8
1729429200000.0,0.1321,0.1346,0.1321,0.1335,190827.9
1729432800000.0,0.1341,0.1355,0.1335,0.1342,263716.3
1729436400000.0,0.1336,0.1351,0.1336,0.1351,10151.1
1729440000000.0,0.1355,0.1389,0.1346,0.1379,360021.6
1729443600000.0,0.1378,0.14,0.1364,0.1373,351838.7
1729447200000.0,0.1375,0.1383,0.1365,0.1369,128739.5
1729450800000.0,0.1371,0.1375,0.1361,0.1368,130813.9
1729454400000.0,0.1362,0.1368,0.1356,0.1368,84245.9
1729458000000.0,0.1371,0.1374,0.1362,0.1366,47296.1
1729461600000.0,0.137,0.138,0.1368,0.138,66449.5
1729465200000.0,0.1384,0.1392,0.1384,0.1388,115164.5
1729468800000.0,0.1387,0.1394,0.1378,0.1384,59747.3
1729472400000.0,0.1385,0.1404,0.1385,0.1387,298651.6
1729476000000.0,0.1388,0.1402,0.1385,0.1395,79123.0
1729479600000.0,0.1395,0.1395,0.1388,0.1391,12720.1
1729483200000.0,0.1386,0.1416,0.1386,0.1416,85967.7
1729486800000.0,0.1417,0.1422,0.1397,0.1404,74433.4
1729490400000.0,0.1397,0.1403,0.1393,0.14,46399.9
1729494000000.0,0.14,0.1414,0.1399,0.1414,47290.7
1729497600000.0,0.1414,0.1418,0.1374,0.138,111872.7
1729501200000.0,0.1383,0.1389,0.1364,0.1373,96317.5
1729504800000.0,0.1379,0.1388,0.1379,0.1384,10766.5
1729508400000.0,0.1382,0.1383,0.1362,0.1376,154923.2
1729512000000.0,0.1369,0.138,0.1357,0.1363,114986.7
1729515600000.0,0.136,0.136,0.1338,0.134,50700.3
1729519200000.0,0.1342,0.1349,0.1342,0.1347,13235.5
1729522800000.0,0.1347,0.1347,0.1329,0.1337,85061.6
1729526400000.0,0.1332,0.1332,0.1309,0.1325,213633.0
1729530000000.0,0.1331,0.1342,0.1331,0.1342,32593.3
1729533600000.0,0.1331,0.1331,0.1324,0.1327,12225.7
1729537200000.0,0.133,0.1342,0.1329,0.1339,19389.1
1729540800000.0,0.1334,0.1338,0.1334,0.1335,27563.8
1729544400000.0,0.1342,0.1344,0.1339,0.134,21715.8
1729548000000.0,0.1339,0.1345,0.1338,0.134,59990.7
1729551600000.0,0.1335,0.1341,0.1333,0.1333,17129.0
1729555200000.0,0.1335,0.1342,0.1319,0.1333,35777.7
1729558800000.0,0.133,0.133,0.1326,0.1326,45.4
1729562400000.0,0.1334,0.1342,0.1324,0.1324,47507.3
1729566000000.0,0.1324,0.1333,0.1324,0.1333,16265.2
1729569600000.0,0.1333,0.1333,0.1331,0.1333,1236.3
1729573200000.0,0.1337,0.1341,0.1337,0.1339,4101.2
1729576800000.0,0.1341,0.1343,0.1341,0.1341,4950.7
1729580400000.0,0.1342,0.1342,0.1337,0.1337,12360.6
1729584000000.0,0.1333,0.1333,0.1315,0.1315,35736.8
1729587600000.0,0.1315,0.1316,0.1293,0.1303,174743.3
1729591200000.0,0.1301,0.1316,0.1299,0.1316,36027.4
1729594800000.0,0.1315,0.1319,0.1314,0.1316,25914.0
1729598400000.0,0.1314,0.1321,0.1301,0.1301,25721.3
1729602000000.0,0.1302,0.1313,0.1294,0.131,42244.9
1729605600000.0,0.131,0.1329,0.1309,0.1328,111774.9
1729609200000.0,0.1329,0.1331,0.1308,0.131,244773.6
1729612800000.0,0.1312,0.1312,0.1284,0.1287,151779.7
1729616400000.0,0.129,0.1312,0.129,0.1312,213614.1
1729620000000.0,0.1312,0.1322,0.1305,0.1305,289412.0
1729623600000.0,0.1305,0.1315,0.1305,0.1315,30653.1
1729627200000.0,0.1312,0.1316,0.1308,0.1312,29211.2
1729630800000.0,0.1312,0.1322,0.1311,0.1322,16695.6
1729634400000.0,0.132,0.1339,0.132,0.1334,52522.5
1729638000000.0,0.1334,0.1336,0.133,0.1331,56915.8
1729641600000.0,0.1335,0.1335,0.1317,0.132,39618.7
1729645200000.0,0.132,0.1322,0.1318,0.1321,9325.1
1729648800000.0,0.1322,0.1322,0.1307,0.1307,27472.2
1729652400000.0,0.1305,0.131,0.1296,0.1298,57757.6
1729656000000.0,0.1302,0.1305,0.1294,0.1305,12801.9
1729659600000.0,0.1302,0.1302,0.1301,0.1301,81.5
1729663200000.0,0.1304,0.1304,0.1299,0.1299,671.7
1729666800000.0,0.129,0.129,0.1191,0.1233,209847.2
1729670400000.0,0.1237,0.1239,0.1182,0.1183,292073.1
1729674000000.0,0.1182,0.1185,0.1175,0.1179,246439.5
1729677600000.0,0.1178,0.1183,0.1177,0.118,69037.1
1729681200000.0,0.1183,0.1213,0.1178,0.1184,530366.7
1729684800000.0,0.1185,0.122,0.1167,0.118,608965.4
1729688400000.0,0.1179,0.1197,0.1164,0.117,327677.2
1729692000000.0,0.1162,0.1185,0.1162,0.1169,363210.1
1729695600000.0,0.1169,0.1172,0.1154,0.117,313399.5
1729699200000.0,0.1172,0.118,0.1161,0.1163,213099.6
1729702800000.0,0.1163,0.119,0.1163,0.1173,701513.8
1729706400000.0,0.1172,0.1179,0.1161,0.1178,251098.1
1729710000000.0,0.1179,0.1202,0.1178,0.12,171324.8
1729713600000.0,0.1201,0.1212,0.1199,0.1204,108445.5
1729717200000.0,0.1203,0.1205,0.1189,0.1191,384288.3
1729720800000.0,0.1191,0.1197,0.1188,0.1196,58247.9
1729724400000.0,0.1189,0.1196,0.1189,0.1193,20555.1
1729728000000.0,0.1197,0.1199,0.1179,0.1199,24921.5
1729731600000.0,0.1195,0.12,0.1185,0.1187,76990.2
1729735200000.0,0.119,0.1191,0.1185,0.1189,8417.6
1729738800000.0,0.1189,0.1191,0.1182,0.1182,31722.3
1729742400000.0,0.118,0.119,0.118,0.119,9592.1
1729746000000.0,0.1188,0.1191,0.1184,0.1185,59636.6
1729749600000.0,0.1188,0.1188,0.1178,0.1178,79999.9
1729753200000.0,0.1178,0.1184,0.1173,0.1174,51463.7
1729756800000.0,0.1175,0.1179,0.1166,0.1166,28841.3
1729760400000.0,0.1164,0.1171,0.1157,0.1158,95380.7
1729764000000.0,0.1159,0.1166,0.1158,0.116,66475.1
1729767600000.0,0.1159,0.1166,0.1155,0.1155,24406.9
1729771200000.0,0.1155,0.1159,0.1151,0.1151,35506.9
1729774800000.0,0.1159,0.1167,0.1159,0.1164,92769.7
1729778400000.0,0.1164,0.1169,0.1154,0.1162,57796.4
1729782000000.0,0.1161,0.1178,0.1159,0.1178,128456.5
1729785600000.0,0.118,0.118,0.1169,0.118,31062.3
1729789200000.0,0.1182,0.1193,0.1177,0.1191,46701.3
1729792800000.0,0.1193,0.1199,0.1193,0.1194,30214.1
1729796400000.0,0.1193,0.1206,0.119,0.1201,98462.5
1729800000000.0,0.1204,0.1207,0.1202,0.1203,72738.3
1729803600000.0,0.1204,0.1225,0.1204,0.1217,81643.1
1729807200000.0,0.1219,0.1232,0.1213,0.1213,113036.4
1729810800000.0,0.1214,0.1214,0.1212,0.1213,13641.7
1729814400000.0,0.1219,0.1221,0.1211,0.1211,2428.3
1729818000000.0,0.1212,0.1212,0.1197,0.1198,42197.2
1729821600000.0,0.1199,0.1199,0.1177,0.1177,17364.2
1729825200000.0,0.1177,0.1177,0.1177,0.1177,18.6
1729828800000.0,0.1171,0.1172,0.1132,0.1133,213599.8
1729832400000.0,0.1132,0.1139,0.1126,0.1137,304150.3
1729836000000.0,0.1138,0.1144,0.1131,0.1133,69327.0
1729839600000.0,0.1134,0.1142,0.1122,0.1142,124362.9
1729843200000.0,0.1138,0.1141,0.1131,0.1141,20760.6
1729846800000.0,0.1146,0.1155,0.1142,0.1154,45160.9
1729850400000.0,0.1155,0.1162,0.1151,0.1156,75418.5
1729854000000.0,0.1157,0.1173,0.1155,0.1173,24115.7
1729857600000.0,0.1175,0.1175,0.1162,0.1165,38256.6
1729861200000.0,0.1165,0.1167,0.1153,0.1167,51185.1
1729864800000.0,0.1174,0.118,0.1166,0.1168,16937.0
1729868400000.0,0.1168,0.1168,0.1141,0.1141,26136.8
1729872000000.0,0.1142,0.1156,0.1135,0.1149,55972.5
1729875600000.0,0.1148,0.1154,0.1132,0.1133,125006.3
1729879200000.0,0.1135,0.1161,0.1126,0.1151,178873.0
1729882800000.0,0.1142,0.1152,0.1142,0.1148,19372.8
1729886400000.0,0.1147,0.1147,0.1135,0.1141,142718.4
1729890000000.0,0.114,0.1158,0.114,0.1152,28514.5
1729893600000.0,0.1152,0.1156,0.1147,0.1147,138.1
1729897200000.0,0.1138,0.1139,0.105,0.1091,752488.6
1729900800000.0,0.1092,0.1092,0.1068,0.1082,85766.5
1729904400000.0,0.1083,0.1091,0.1077,0.1084,20129.5
1729908000000.0,0.1077,0.1101,0.1077,0.1101,19864.2
1729911600000.0,0.11,0.1108,0.11,0.1101,4594.0
1729915200000.0,0.1098,0.11,0.1097,0.11,19241.4
1729918800000.0,0.11,0.1105,0.11,0.11,987.8
1729922400000.0,0.1105,0.1106,0.1104,0.1105,33766.7
1729926000000.0,0.1104,0.1111,0.1096,0.11,19446.9
1729929600000.0,0.1097,0.1102,0.1097,0.11,1230.9
1729933200000.0,0.1103,0.111,0.11,0.1102,110709.2
1729936800000.0,0.1101,0.1105,0.1098,0.1098,32118.3
1729940400000.0,0.1099,0.1101,0.1097,0.1101,53365.7
1729944000000.0,0.1097,0.1097,0.1093,0.1094,32349.5
1729947600000.0,0.1093,0.1093,0.1071,0.1072,74342.5
1729951200000.0,0.107,0.1073,0.1036,0.1038,180228.8
1729954800000.0,0.1042,0.1049,0.1035,0.1042,185064.5
1729958400000.0,0.1041,0.1041,0.1041,0.1041,3099.0
1729962000000.0,0.106,0.1078,0.106,0.1062,41217.3
1729965600000.0,0.1052,0.1078,0.1042,0.1043,46662.4
1729969200000.0,0.1044,0.1053,0.1044,0.1047,87042.4
1729972800000.0,0.1047,0.1057,0.1044,0.1051,69527.2
1729976400000.0,0.1055,0.1065,0.1055,0.1064,29750.6
1729980000000.0,0.1061,0.1067,0.106,0.1061,49016.6
1729983600000.0,0.1061,0.1067,0.106,0.1063,27576.4
1729987200000.0,0.1063,0.1064,0.1052,0.1058,45080.1
1729990800000.0,0.1057,0.1057,0.1044,0.1053,20498.2
1729994400000.0,0.1055,0.1055,0.1046,0.1052,15901.6
1729998000000.0,0.1052,0.1066,0.1049,0.1066,7901.7
1730001600000.0,0.1069,0.1081,0.1069,0.1072,126392.8
1730005200000.0,0.1072,0.1076,0.1072,0.1075,18426.8
1730008800000.0,0.1074,0.1078,0.1065,0.1065,4240.0
1730012400000.0,0.107,0.1074,0.1069,0.1072,20168.9
1730016000000.0,0.1075,0.1078,0.1068,0.1069,16997.2
1730019600000.0,0.1068,0.1068,0.1063,0.1067,707.8
1730023200000.0,0.1071,0.1071,0.1063,0.1063,5683.2
1730026800000.0,0.1066,0.1073,0.1062,0.1062,16030.9
1730030400000.0,0.1061,0.108,0.1061,0.107,171429.1
1730034000000.0,0.107,0.1078,0.1065,0.1065,79302.7
1730037600000.0,0.1066,0.1066,0.105,0.1059,304750.7
1730041200000.0,0.1063,0.1064,0.1051,0.1051,67065.4
1730044800000.0,0.1056,0.1057,0.1045,0.1057,8733.0
1730048400000.0,0.1054,0.1056,0.1045,0.1045,67639.5
1730052000000.0,0.1046,0.1046,0.1013,0.1016,244564.9
1730055600000.0,0.1013,0.1029,0.1011,0.1025,140041.1
1730059200000.0,0.1026,0.1037,0.1025,0.1037,83239.1
1730062800000.0,0.1039,0.1056,0.1036,0.1047,87257.9
1730066400000.0,0.1051,0.1059,0.1045,0.1053,38810.2
1730070000000.0,0.1054,0.1059,0.1047,0.1051,38824.1
1730073600000.0,0.1051,0.106,0.1051,0.1052,5655.3
1730077200000.0,0.1053,0.1053,0.1043,0.1043,1467.6
1730080800000.0,0.1038,0.1043,0.1038,0.1041,626.6
1730084400000.0,0.1034,0.1043,0.1,0.1007,90636.8
1730088000000.0,0.1008,0.1016,0.1004,0.1006,137083.8
1730091600000.0,0.1006,0.1009,0.0991,0.1009,130886.8
1730095200000.0,0.1006,0.1007,0.1002,0.1007,95293.3
1730098800000.0,0.1008,0.1028,0.1008,0.1026,78312.3
1730102400000.0,0.1028,0.1029,0.1015,0.1016,95437.7
1730106000000.0,0.1012,0.1018,0.1004,0.101,219192.7
1730109600000.0,0.1014,0.1014,0.1,0.1009,55843.3
1730113200000.0,0.1003,0.101,0.1002,0.1004,76827.7
1730116800000.0,0.1007,0.1011,0.1001,0.1001,56599.2
1730120400000.0,0.1003,0.1011,0.0995,0.1,88821.3
1730124000000.0,0.0997,0.1005,0.0984,0.0995,184010.8
1730127600000.0,0.099,0.099,0.0956,0.0977,340007.3
1730131200000.0,0.0977,0.099,0.0977,0.0989,128733.9
1730134800000.0,0.0982,0.0997,0.098,0.0987,11552.1
1730138400000.0,0.0988,0.1004,0.0987,0.1002,59618.9
1730142000000.0,0.1003,0.101,0.0996,0.1,85417.1
1730145600000.0,0.1003,0.1006,0.1003,0.1006,85029.4
1730149200000.0,0.101,0.1029,0.1002,0.1027,90864.0
1730152800000.0,0.1035,0.1044,0.1028,0.1028,100584.6
1730156400000.0,0.1034,0.1034,0.1021,0.1024,17472.9
1730160000000.0,0.1029,0.1033,0.1026,0.1031,166745.0
1730163600000.0,0.1033,0.1034,0.1024,0.1032,117524.0
1730167200000.0,0.103,0.1047,0.1029,0.1038,154268.9
1730170800000.0,0.1044,0.1059,0.1038,0.1041,226685.8
1730174400000.0,0.104,0.1054,0.1039,0.1044,210462.0
1730178000000.0,0.1042,0.1042,0.1023,0.1023,32469.3
1730181600000.0,0.1027,0.1029,0.1018,0.1022,53988.8
1730185200000.0,0.1025,0.1029,0.1025,0.1028,14225.5
1730188800000.0,0.103,0.1038,0.103,0.1032,30804.3
1730192400000.0,0.1034,0.1034,0.1031,0.1033,3472.8
1730196000000.0,0.1029,0.1029,0.1018,0.1022,52194.8
1730199600000.0,0.1022,0.1029,0.1021,0.1025,144534.5
1730203200000.0,0.1028,0.1033,0.1024,0.1029,15783.1
1730206800000.0,0.1026,0.1031,0.1022,0.103,87411.3
1730210400000.0,0.1028,0.103,0.1019,0.103,123630.8
1730214000000.0,0.103,0.1038,0.1024,0.1038,178016.8
1730217600000.0,0.1041,0.106,0.1041,0.1057,145855.9
1730221200000.0,0.106,0.1078,0.106,0.1065,132396.1
1730224800000.0,0.107,0.1073,0.1066,0.107,162472.3
1730228400000.0,0.1071,0.1074,0.1044,0.1049,151787.4
1730232000000.0,0.1046,0.105,0.1033,0.1044,17790.8
1730235600000.0,0.1049,0.105,0.1045,0.1049,64548.5
1730239200000.0,0.1051,0.1059,0.1048,0.1054,160300.0
1730242800000.0,0.1054,0.1057,0.1054,0.1057,6482.7
1730246400000.0,0.1062,0.1063,0.1052,0.1052,32020.3
1730250000000.0,0.1053,0.1053,0.1042,0.1047,105205.4
1730253600000.0,0.105,0.1051,0.1047,0.1049,9204.7
1730257200000.0,0.1051,0.1057,0.105,0.1055,7091.8
1730260800000.0,0.1054,0.1054,0.1052,0.1053,15013.3
1730264400000.0,0.1053,0.1055,0.104,0.104,35289.6
1730268000000.0,0.1044,0.1051,0.1043,0.1044,42643.8
1730271600000.0,0.1043,0.1045,0.1034,0.1035,10952.4
1730275200000.0,0.1034,0.1044,0.1033,0.1034,22732.7
1730278800000.0,0.1034,0.1044,0.1034,0.1044,34288.3
1730282400000.0,0.104,0.1042,0.1035,0.1035,17287.1
1730286000000.0,0.1034,0.1034,0.1013,0.1014,30378.1
1730289600000.0,0.1014,0.1028,0.1013,0.1028,35472.4
1730293200000.0,0.1022,0.1034,0.1016,0.1032,83583.5
1730296800000.0,0.1042,0.1049,0.1038,0.1042,20708.1
1730300400000.0,0.1032,0.1044,0.1031,0.1044,7257.3
1730304000000.0,0.104,0.1056,0.1036,0.1048,57621.0
1730307600000.0,0.1047,0.1047,0.1035,0.104,10648.3
1730311200000.0,0.1046,0.1048,0.104,0.1042,6653.5
1730314800000.0,0.1041,0.1041,0.1035,0.104,8110.3
1730318400000.0,0.1038,0.1071,0.1037,0.105,488964.5
1730322000000.0,0.1052,0.1053,0.1036,0.104,50351.1
1730325600000.0,0.104,0.1046,0.1037,0.1039,6974.6
1730329200000.0,0.1044,0.1047,0.1035,0.1035,53380.0
1730332800000.0,0.1042,0.1043,0.1036,0.1038,14389.2
1730336400000.0,0.1036,0.1037,0.1021,0.1027,64673.7
1730340000000.0,0.1029,0.1029,0.1023,0.1023,4613.6
1730343600000.0,0.1027,0.1027,0.1025,0.1025,249.7
1730347200000.0,0.1022,0.1023,0.1016,0.102,31103.0
1730350800000.0,0.1018,0.1025,0.1016,0.1025,48688.2
1730354400000.0,0.1024,0.1024,0.1013,0.1013,20180.3
1730358000000.0,0.101,0.1011,0.1007,0.101,4027.1
1730361600000.0,0.1009,0.1009,0.0997,0.0998,9706.5
1730365200000.0,0.1003,0.1008,0.1003,0.1007,10550.9
1730368800000.0,0.1005,0.1009,0.1002,0.1008,3177.6
1730372400000.0,0.1008,0.101,0.0999,0.1004,58014.2
1730376000000.0,0.1003,0.1006,0.1001,0.1005,36945.1
1730379600000.0,0.1008,0.101,0.0996,0.1,30141.7
1730383200000.0,0.0996,0.1002,0.0984,0.0996,105312.3
1730386800000.0,0.0998,0.1006,0.0995,0.1002,155160.9
1730390400000.0,0.1001,0.1001,0.0991,0.0992,34519.3
1730394000000.0,0.0987,0.0993,0.0972,0.0976,366287.0
1730397600000.0,0.0977,0.0977,0.095,0.0967,377881.5
1730401200000.0,0.0968,0.0974,0.0965,0.0967,21399.5
1730404800000.0,0.0968,0.0969,0.096,0.0962,39111.5
1730408400000.0,0.0966,0.097,0.0964,0.0968,9012.3
1730412000000.0,0.0964,0.0964,0.0964,0.0964,270.1
1730415600000.0,0.0967,0.0969,0.0965,0.0966,2327.6
1730419200000.0,0.0966,0.0966,0.0958,0.0962,65166.0
1730422800000.0,0.0961,0.0961,0.0947,0.0955,36511.1
1730426400000.0,0.0956,0.0987,0.0941,0.0967,1098986.9
1730430000000.0,0.0967,0.0978,0.0965,0.0973,80776.6
1730433600000.0,0.0969,0.0972,0.0969,0.097,16403.7
1730437200000.0,0.0968,0.0968,0.0962,0.0964,5634.9
1730440800000.0,0.0962,0.0963,0.0953,0.0953,46982.3
1730444400000.0,0.0952,0.0954,0.0943,0.0949,64397.7
1730448000000.0,0.0949,0.0963,0.0949,0.0957,61039.2
1730451600000.0,0.0957,0.0965,0.0957,0.0959,57152.7
1730455200000.0,0.0959,0.0969,0.0959,0.0965,88294.8
1730458800000.0,0.0968,0.0971,0.0967,0.0968,12528.8
1730462400000.0,0.0968,0.0978,0.0963,0.0978,115380.7
1730466000000.0,0.0977,0.0988,0.0973,0.0987,65468.0
1730469600000.0,0.0987,0.0993,0.0983,0.0987,43878.0
1730473200000.0,0.0989,0.0989,0.0946,0.0955,116247.0
1730476800000.0,0.0949,0.0966,0.0949,0.0965,61284.7
1730480400000.0,0.0966,0.0966,0.0955,0.0956,44893.4
1730484000000.0,0.0956,0.096,0.0954,0.0955,28844.1
1730487600000.0,0.0953,0.0959,0.095,0.0955,48773.8
1730491200000.0,0.0956,0.0961,0.0954,0.0956,2592.8
1730494800000.0,0.0952,0.0953,0.0929,0.0945,86879.8
1730498400000.0,0.0945,0.095,0.0942,0.0944,63472.2
1730502000000.0,0.0946,0.0949,0.0944,0.0949,7530.3
1730505600000.0,0.0951,0.0961,0.0951,0.0958,8535.8
1730509200000.0,0.0958,0.0963,0.0958,0.0963,85.1
1730512800000.0,0.0969,0.097,0.0962,0.0963,4826.9
1730516400000.0,0.0959,0.0959,0.0954,0.0954,9055.8
1730520000000.0,0.0956,0.0959,0.0951,0.0952,28386.4
1730523600000.0,0.0949,0.0954,0.0949,0.0954,15212.5
1730527200000.0,0.0956,0.096,0.0956,0.0958,3526.9
1730530800000.0,0.0958,0.0958,0.0955,0.0957,81180.3
1730534400000.0,0.0961,0.0961,0.0954,0.0954,11209.5
1730538000000.0,0.0952,0.0956,0.0951,0.0951,11783.7
1730541600000.0,0.0952,0.0954,0.095,0.0952,19372.8
1730545200000.0,0.0955,0.0958,0.0953,0.0956,161.5
1730548800000.0,0.0958,0.0958,0.0936,0.0936,40202.4
1730552400000.0,0.0937,0.095,0.0935,0.0936,15516.3
1730556000000.0,0.0937,0.0943,0.0935,0.0942,3566.8
1730559600000.0,0.0943,0.0945,0.0939,0.0942,20614.0
1730563200000.0,0.0943,0.0952,0.0943,0.095,5527.7
1730566800000.0,0.0949,0.095,0.0939,0.094,24261.5
1730570400000.0,0.0938,0.0943,0.0931,0.0942,25094.1
1730574000000.0,0.094,0.0946,0.094,0.0946,68.9
1730577600000.0,0.0943,0.0953,0.0943,0.0944,67684.4
1730581200000.0,0.0947,0.0951,0.0944,0.0948,21477.3
1730584800000.0,0.0946,0.0946,0.0942,0.0942,972.0
1730588400000.0,0.0942,0.0967,0.0936,0.0945,51261.3
1730592000000.0,0.0947,0.0947,0.094,0.0941,10914.1
1730595600000.0,0.0939,0.0942,0.0929,0.0929,38582.5
1730599200000.0,0.0928,0.0935,0.0896,0.0903,143940.0
1730602800000.0,0.0903,0.0914,0.0891,0.091,218985.7
1730606400000.0,0.0912,0.0926,0.0912,0.0926,22496.3
1730610000000.0,0.0923,0.0927,0.0915,0.0915,39379.4
1730613600000.0,0.0915,0.0928,0.0915,0.0925,97666.7
1730617200000.0,0.0923,0.0923,0.0916,0.092,12228.6
1730620800000.0,0.092,0.0922,0.092,0.0922,10210.8
1730624400000.0,0.092,0.0922,0.091,0.091,2080.6
1730628000000.0,0.0912,0.092,0.0912,0.0914,34640.1
1730631600000.0,0.0915,0.0918,0.0904,0.0905,89291.7
1730635200000.0,0.0909,0.0911,0.0903,0.0903,22269.4
1730638800000.0,0.0903,0.0904,0.0879,0.0879,58737.1
1730642400000.0,0.0879,0.0885,0.0868,0.0869,101179.6
1730646000000.0,0.0871,0.0886,0.0862,0.0883,121525.6
1730649600000.0,0.0883,0.0894,0.0879,0.0887,105112.5
1730653200000.0,0.089,0.0897,0.0888,0.0888,98721.8
1730656800000.0,0.0889,0.0892,0.0873,0.0875,9525.7
1730660400000.0,0.0877,0.0897,0.0877,0.0895,27258.7
1730664000000.0,0.0895,0.0903,0.0894,0.0899,54163.1
1730667600000.0,0.0902,0.0908,0.09,0.0902,26499.4
1730671200000.0,0.0901,0.0902,0.0898,0.0901,14720.6
1730674800000.0,0.09,0.0902,0.0895,0.0899,13320.1
1730678400000.0,0.09,0.0901,0.0889,0.0896,24119.9
1730682000000.0,0.0899,0.0912,0.0894,0.0903,27414.5
1730685600000.0,0.0903,0.0909,0.0902,0.0907,5266.2
1730689200000.0,0.0905,0.0908,0.0903,0.0903,1134.1
1730692800000.0,0.0903,0.0911,0.0903,0.0906,5143.0
1730696400000.0,0.0906,0.0906,0.0895,0.0897,15116.0
1730700000000.0,0.0895,0.0904,0.0895,0.0904,9315.9
1730703600000.0,0.0903,0.0903,0.0894,0.0895,16642.7
1730707200000.0,0.0896,0.0901,0.0891,0.0895,19722.0
1730710800000.0,0.0896,0.0899,0.0891,0.0897,17679.4
1730714400000.0,0.0903,0.0908,0.0898,0.0898,15878.0
1730718000000.0,0.0899,0.0909,0.0896,0.0897,13871.2
1730721600000.0,0.0897,0.0903,0.0895,0.0899,23471.7
1730725200000.0,0.0898,0.0904,0.0891,0.0891,90146.1
1730728800000.0,0.089,0.0892,0.0881,0.0889,24154.5
1730732400000.0,0.089,0.0894,0.0886,0.0888,68412.7
1730736000000.0,0.0886,0.089,0.0872,0.0876,31085.8
1730739600000.0,0.0881,0.0889,0.0879,0.0881,62133.9
1730743200000.0,0.0882,0.0884,0.0868,0.0871,17393.6
1730746800000.0,0.0879,0.0881,0.0876,0.0877,5366.8
1730750400000.0,0.0876,0.0879,0.0865,0.0868,157682.3
1730754000000.0,0.0868,0.0873,0.084,0.0843,98466.8
1730757600000.0,0.0841,0.0867,0.0841,0.0865,126265.2
1730761200000.0,0.0867,0.0879,0.0859,0.0866,119361.9
1730764800000.0,0.0869,0.0884,0.0869,0.088,64329.5
1730768400000.0,0.0882,0.0885,0.0871,0.0885,63619.5
1730772000000.0,0.0881,0.0881,0.0874,0.0875,18835.6
1730775600000.0,0.0878,0.0884,0.0877,0.0884,35140.5
1730779200000.0,0.0884,0.089,0.0884,0.089,13315.9
1730782800000.0,0.0889,0.0896,0.0889,0.0896,25806.9
1730786400000.0,0.0895,0.0897,0.0888,0.0889,62887.8
1730790000000.0,0.0891,0.0897,0.0887,0.0896,39518.1
1730793600000.0,0.0894,0.0898,0.0889,0.0893,38142.0
1730797200000.0,0.0894,0.0903,0.0894,0.0896,18995.3
1730800800000.0,0.0896,0.0897,0.0893,0.0895,83639.5
1730804400000.0,0.0895,0.0902,0.0895,0.0898,39850.4
1730808000000.0,0.0899,0.0899,0.0891,0.0897,69177.6
1730811600000.0,0.0899,0.09,0.0895,0.09,49674.8
1730815200000.0,0.0897,0.0915,0.0897,0.0913,117418.8
1730818800000.0,0.0911,0.0917,0.0904,0.0914,113258.3
1730822400000.0,0.0916,0.0925,0.0915,0.0922,87913.3
1730826000000.0,0.0924,0.0927,0.0919,0.092,15574.7
1730829600000.0,0.0921,0.0922,0.092,0.0921,14299.7
1730833200000.0,0.0921,0.0932,0.0904,0.0907,227647.5
1730836800000.0,0.0904,0.0914,0.0904,0.0913,186244.2
1730840400000.0,0.0908,0.0908,0.09,0.09,36844.5
1730844000000.0,0.0902,0.0908,0.0896,0.0907,19810.0
1730847600000.0,0.0913,0.0914,0.0911,0.0913,12191.3
1730851200000.0,0.0911,0.0943,0.0911,0.0943,62048.1
1730854800000.0,0.0941,0.0943,0.093,0.0933,80175.3
1730858400000.0,0.0936,0.095,0.0936,0.0949,104631.1
1730862000000.0,0.0955,0.0966,0.0953,0.0961,170553.2
1730865600000.0,0.0965,0.0975,0.0962,0.0971,205574.4
1730869200000.0,0.0969,0.0986,0.0966,0.0986,54041.5
1730872800000.0,0.0989,0.0995,0.0981,0.0983,110162.8
1730876400000.0,0.0984,0.0996,0.0979,0.0982,151513.3
1730880000000.0,0.0979,0.0979,0.0957,0.0976,40986.0
1730883600000.0,0.0977,0.0989,0.0977,0.0987,27920.3
1730887200000.0,0.0988,0.0995,0.0981,0.0984,760451.8
1730890800000.0,0.099,0.0995,0.0985,0.0991,116243.2
1730894400000.0,0.0992,0.0995,0.0987,0.0987,37014.1
1730898000000.0,0.0988,0.0992,0.0984,0.0989,19759.4
1730901600000.0,0.0986,0.0992,0.0978,0.0978,34615.1
1730905200000.0,0.0988,0.0992,0.0984,0.0992,65976.8
1730908800000.0,0.0986,0.0993,0.0986,0.0992,44382.0
1730912400000.0,0.0991,0.0994,0.0991,0.0993,45894.8
1730916000000.0,0.0993,0.1015,0.0993,0.101,192787.7
1730919600000.0,0.1007,0.1012,0.1003,0.101,77965.5
1730923200000.0,0.1014,0.1023,0.1014,0.1023,350322.6
1730926800000.0,0.1022,0.1025,0.102,0.1023,60232.3
1730930400000.0,0.1026,0.1039,0.1023,0.1035,83495.7
1730934000000.0,0.1035,0.1037,0.103,0.1031,45640.5
1730937600000.0,0.1031,0.1046,0.1029,0.1036,38556.2
1730941200000.0,0.1039,0.1058,0.1039,0.1045,65766.9
1730944800000.0,0.1047,0.1067,0.1047,0.1063,149523.6
1730948400000.0,0.1062,0.1062,0.1054,0.1055,51612.7
1730952000000.0,0.1056,0.1056,0.1039,0.1039,21303.3
1730955600000.0,0.104,0.104,0.1036,0.1036,17536.5
1730959200000.0,0.1031,0.1031,0.1008,0.1021,482409.5
1730962800000.0,0.1019,0.1025,0.1019,0.1025,12458.4
1730966400000.0,0.1028,0.103,0.1026,0.103,22007.1
1730970000000.0,0.1029,0.1031,0.1025,0.1028,56975.8
1730973600000.0,0.1021,0.1021,0.1015,0.1019,10108.7
1730977200000.0,0.102,0.1023,0.1015,0.1015,14886.1
1730980800000.0,0.1017,0.1031,0.1017,0.1031,10411.3
1730984400000.0,0.1033,0.1036,0.102,0.102,78198.7
1730988000000.0,0.1018,0.1033,0.1016,0.1024,47997.2
1730991600000.0,0.1024,0.1051,0.1024,0.1051,113850.9
1730995200000.0,0.1058,0.1059,0.1041,0.1056,46133.5
1730998800000.0,0.1058,0.1061,0.1053,0.1058,50760.2
1731002400000.0,0.1056,0.1058,0.1049,0.1054,25270.8
1731006000000.0,0.1053,0.1057,0.1045,0.1052,78504.1
1731009600000.0,0.1055,0.106,0.1054,0.1059,28545.6
1731013200000.0,0.1059,0.1061,0.1053,0.1053,65466.8
1731016800000.0,0.1051,0.1051,0.1038,0.1043,32249.8
1731020400000.0,0.1044,0.1045,0.1034,0.1045,7900.9
1731024000000.0,0.1051,0.1056,0.1044,0.1045,82447.6
1731027600000.0,0.1046,0.1049,0.1036,0.1038,24854.7
1731031200000.0,0.1038,0.1038,0.1019,0.1019,22730.8
1731034800000.0,0.1015,0.1025,0.1015,0.1019,22270.4
1731038400000.0,0.103,0.1034,0.1026,0.1026,12719.9
1731042000000.0,0.1025,0.1028,0.1025,0.1025,13278.9
1731045600000.0,0.1022,0.1027,0.102,0.102,11780.1
1731049200000.0,0.1016,0.1025,0.1014,0.1023,14028.9
1731052800000.0,0.1017,0.1017,0.101,0.1015,31556.8
1731056400000.0,0.1011,0.102,0.1011,0.1018,16490.3
1731060000000.0,0.1017,0.1028,0.1015,0.1026,6584.2
1731063600000.0,0.1026,0.1029,0.1022,0.1029,48409.0
1731067200000.0,0.1026,0.1035,0.1022,0.1032,10768.2
1731070800000.0,0.1035,0.1036,0.1026,0.1026,19386.8
1731074400000.0,0.1035,0.1039,0.1014,0.1014,35729.8
1731078000000.0,0.1013,0.1024,0.1013,0.1021,34030.3
1731081600000.0,0.103,0.103,0.1002,0.1008,51342.2
1731085200000.0,0.1006,0.1027,0.0999,0.1018,231096.3
1731088800000.0,0.1017,0.1026,0.1014,0.1024,46920.7
1731092400000.0,0.1022,0.1026,0.1018,0.1023,51664.5
1731096000000.0,0.1022,0.1026,0.1011,0.1011,39988.7
1731099600000.0,0.1021,0.1022,0.1011,0.102,37056.3
1731103200000.0,0.1024,0.103,0.1024,0.1026,11488.0
1731106800000.0,0.1027,0.1035,0.1025,0.1035,11888.4
1731110400000.0,0.1033,0.104,0.1029,0.1035,21164.3
1731114000000.0,0.1035,0.1036,0.1022,0.1027,17124.5
1731117600000.0,0.1026,0.103,0.1022,0.103,31392.2
1731121200000.0,0.1032,0.1034,0.1023,0.1024,10166.1
1731124800000.0,0.1025,0.1036,0.1014,0.1029,144514.4
1731128400000.0,0.1031,0.1053,0.103,0.1052,44949.1
1731132000000.0,0.1052,0.1059,0.1047,0.105,17063.3
1731135600000.0,0.1051,0.1056,0.1046,0.1056,29600.1
1731139200000.0,0.1059,0.1065,0.1059,0.1061,27813.0
1731142800000.0,0.1064,0.1068,0.1059,0.1061,209553.5
1731146400000.0,0.1063,0.1064,0.105,0.106,88594.2
1731150000000.0,0.1059,0.1078,0.1057,0.1077,99989.5
1731153600000.0,0.1076,0.1076,0.1056,0.1056,31071.2
1731157200000.0,0.1061,0.1069,0.1058,0.1064,10034.2
1731160800000.0,0.1064,0.1068,0.1056,0.1058,21560.6
1731164400000.0,0.1055,0.1062,0.1055,0.1062,9858.7
1731168000000.0,0.1064,0.1065,0.1054,0.1059,39725.7
1731171600000.0,0.1051,0.1056,0.1032,0.1056,316194.4
1731175200000.0,0.1055,0.1067,0.1053,0.1067,77620.6
1731178800000.0,0.1066,0.1089,0.1066,0.1069,373376.3
1731182400000.0,0.1067,0.1078,0.1065,0.1076,57824.8
1731186000000.0,0.1076,0.1077,0.1055,0.1055,85303.1
1731189600000.0,0.1065,0.108,0.1065,0.108,32642.0
1731193200000.0,0.1083,0.1094,0.1081,0.1088,43388.0
1731196800000.0,0.1089,0.1089,0.1075,0.1082,23255.2
1731200400000.0,0.1078,0.1081,0.1074,0.1081,41636.6
1731204000000.0,0.1074,0.109,0.1073,0.1082,125363.8
1731207600000.0,0.1085,0.1091,0.1085,0.1089,67491.8
1731211200000.0,0.1087,0.1102,0.1087,0.1098,251702.8
1731214800000.0,0.1097,0.1143,0.1097,0.1116,270201.4
1731218400000.0,0.1116,0.1148,0.1106,0.1128,242674.0
1731222000000.0,0.1129,0.1146,0.1127,0.1133,182379.9
1731225600000.0,0.1139,0.1196,0.1138,0.1172,168745.4
1731229200000.0,0.1171,0.1171,0.1142,0.1162,202034.8
1731232800000.0,0.1162,0.117,0.1156,0.1158,139111.8
1731236400000.0,0.1161,0.1181,0.1154,0.1174,131879.9
1731240000000.0,0.1171,0.1174,0.115,0.1174,147982.5
1731243600000.0,0.1172,0.1182,0.1167,0.118,191116.6
1731247200000.0,0.1183,0.1189,0.1155,0.1171,165958.0
1731250800000.0,0.1166,0.1398,0.1161,0.1288,1777166.7
1731254400000.0,0.1281,0.13,0.1202,0.123,850173.8
1731258000000.0,0.1229,0.1248,0.1229,0.1241,290675.0
1731261600000.0,0.1242,0.1256,0.1235,0.1235,164210.7
1731265200000.0,0.1234,0.124,0.1196,0.1208,241796.7
1731268800000.0,0.1202,0.1203,0.1174,0.1174,440246.0
1731272400000.0,0.1174,0.1195,0.1137,0.1187,363330.6
1731276000000.0,0.1188,0.1206,0.118,0.1193,91565.0
1731279600000.0,0.1195,0.1213,0.1195,0.1208,77733.5
1731283200000.0,0.121,0.1223,0.1194,0.1219,85737.0
1731286800000.0,0.1217,0.1231,0.1209,0.1219,71373.3
1731290400000.0,0.1223,0.1232,0.1216,0.1218,21939.4
1731294000000.0,0.122,0.1225,0.1201,0.1214,31015.0
1731297600000.0,0.1215,0.1216,0.1194,0.1208,64303.6
1731301200000.0,0.1209,0.1222,0.1161,0.1161,488838.9
1731304800000.0,0.1169,0.1177,0.1154,0.1168,38286.9
1731308400000.0,0.1168,0.117,0.1168,0.117,11870.0
1731312000000.0,0.1174,0.1183,0.1172,0.1181,38477.4
1731315600000.0,0.1184,0.1188,0.118,0.1188,12756.9
1731319200000.0,0.1193,0.1197,0.1186,0.1197,53527.5
1731322800000.0,0.1198,0.1204,0.1193,0.1196,55511.9
1731326400000.0,0.1207,0.1207,0.1183,0.1188,21318.4
1731330000000.0,0.1181,0.1187,0.1172,0.1176,20772.8
1731333600000.0,0.1183,0.1206,0.1164,0.1181,211383.9
1731337200000.0,0.118,0.1201,0.1179,0.1189,420749.9
1731340800000.0,0.119,0.1204,0.1183,0.12,181710.5
1731344400000.0,0.1196,0.1215,0.1195,0.1213,342341.2
1731348000000.0,0.1214,0.122,0.1197,0.1218,76315.4
1731351600000.0,0.1223,0.1223,0.1205,0.1213,154695.4
1731355200000.0,0.1213,0.1225,0.1208,0.1216,59238.8
1731358800000.0,0.1216,0.1222,0.121,0.1216,117126.7
1731362400000.0,0.1218,0.1223,0.1196,0.1222,51756.1
1731366000000.0,0.1224,0.1246,0.1216,0.1246,147958.2
1731369600000.0,0.1239,0.1239,0.1188,0.1225,133851.4
1731373200000.0,0.1225,0.1235,0.1216,0.1227,175092.9
1731376800000.0,0.123,0.1237,0.1222,0.1236,97493.9
1731380400000.0,0.1232,0.1239,0.1227,0.1238,43907.7
1731384000000.0,0.1234,0.1236,0.1218,0.1219,157743.9
1731387600000.0,0.1226,0.1227,0.1205,0.1224,242964.7
1731391200000.0,0.1224,0.1249,0.1222,0.1241,96997.2
1731394800000.0,0.1242,0.1259,0.1242,0.1257,205795.0
1731398400000.0,0.1259,0.1263,0.1251,0.1263,211434.7
1731402000000.0,0.1266,0.127,0.1204,0.1204,100852.4
1731405600000.0,0.1203,0.1211,0.1104,0.1156,981500.6
1731409200000.0,0.1152,0.1181,0.1149,0.1161,206677.8
1731412800000.0,0.1159,0.1165,0.1117,0.1133,483604.3
1731416400000.0,0.1126,0.1139,0.1102,0.1129,309604.9
1731420000000.0,0.1132,0.1145,0.1114,0.1145,311775.1
1731423600000.0,0.1136,0.1144,0.1119,0.1119,48084.9
1731427200000.0,0.112,0.1123,0.1095,0.1113,284657.5
1731430800000.0,0.1118,0.1131,0.1114,0.1119,68530.1
1731434400000.0,0.1117,0.1143,0.1116,0.1136,49437.7
1731438000000.0,0.114,0.115,0.1138,0.1141,103104.0
1731441600000.0,0.1144,0.115,0.1135,0.115,12926.1
1731445200000.0,0.1142,0.115,0.1126,0.115,36836.6
1731448800000.0,0.1152,0.1175,0.1144,0.1173,39470.4
1731452400000.0,0.1173,0.1173,0.1152,0.1158,44109.1
1731456000000.0,0.1154,0.1167,0.1144,0.1144,65442.5
1731459600000.0,0.114,0.1152,0.1112,0.1136,530948.5
1731463200000.0,0.1134,0.1135,0.1098,0.1123,207241.1
1731466800000.0,0.1125,0.1125,0.1091,0.1091,59902.9
1731470400000.0,0.109,0.1112,0.1052,0.108,137352.7
1731474000000.0,0.1078,0.1085,0.1064,0.1064,81366.6
1731477600000.0,0.1062,0.108,0.1048,0.1068,55773.5
1731481200000.0,0.1067,0.1087,0.1062,0.1085,94080.5
1731484800000.0,0.1085,0.1088,0.1073,0.1081,22719.6
1731488400000.0,0.1074,0.1079,0.1065,0.1072,36061.9
1731492000000.0,0.1071,0.1078,0.1062,0.1078,42313.3
1731495600000.0,0.1082,0.1092,0.1079,0.1083,64316.7
1731499200000.0,0.108,0.1087,0.1074,0.1083,57269.2
1731502800000.0,0.1083,0.1109,0.1074,0.1106,246207.7
1731506400000.0,0.1106,0.1143,0.1097,0.1142,323862.9
1731510000000.0,0.1135,0.114,0.1121,0.1137,121389.9
1731513600000.0,0.1142,0.115,0.1127,0.1137,149049.3
1731517200000.0,0.1136,0.1142,0.1133,0.1137,58145.0
1731520800000.0,0.114,0.1145,0.1129,0.1135,202711.0
1731524400000.0,0.1136,0.1136,0.1082,0.1085,305457.6
1731528000000.0,0.1084,0.1105,0.1069,0.109,141749.9
1731531600000.0,0.1092,0.1095,0.1063,0.1088,188772.1
1731535200000.0,0.1086,0.1099,0.1082,0.1093,51766.8
1731538800000.0,0.1097,0.1108,0.1089,0.1106,38360.0
1731542400000.0,0.111,0.112,0.1105,0.1107,150474.8
1731546000000.0,0.1103,0.1122,0.1098,0.1121,58165.6
1731549600000.0,0.112,0.1127,0.1113,0.1124,100068.8
1731553200000.0,0.1119,0.1135,0.1107,0.1135,118041.4
1731556800000.0,0.1135,0.1153,0.1134,0.1151,40908.8
1731560400000.0,0.1152,0.1158,0.1146,0.1156,268171.4
1731564000000.0,0.1155,0.116,0.1137,0.1137,144139.0
1731567600000.0,0.1129,0.1142,0.112,0.1142,149209.8
1731571200000.0,0.1143,0.1148,0.1135,0.1137,52392.8
1731574800000.0,0.1136,0.1142,0.1129,0.1134,68949.2
1731578400000.0,0.113,0.1133,0.1103,0.1105,35540.1
1731582000000.0,0.1108,0.1111,0.1087,0.1111,40901.9
1731585600000.0,0.1107,0.111,0.1099,0.1105,22068.8
1731589200000.0,0.1108,0.1114,0.1094,0.1094,76894.8
1731592800000.0,0.1098,0.111,0.1067,0.1073,163911.6
1731596400000.0,0.1063,0.1081,0.1052,0.1064,139482.8
1731600000000.0,0.1064,0.1088,0.1054,0.1088,74657.3
1731603600000.0,0.1086,0.1086,0.1075,0.1079,91951.5
1731607200000.0,0.108,0.1088,0.1079,0.1079,83313.2
1731610800000.0,0.1078,0.1085,0.1078,0.1084,41594.2
1731614400000.0,0.1083,0.1083,0.107,0.108,35566.9
1731618000000.0,0.1083,0.1103,0.1076,0.1095,195497.6
1731621600000.0,0.1092,0.1097,0.1075,0.1082,66111.0
1731625200000.0,0.1073,0.1073,0.1045,0.1058,21179.7
1731628800000.0,0.1065,0.1073,0.1048,0.1051,32459.6
1731632400000.0,0.1044,0.1057,0.1031,0.1053,49981.0
1731636000000.0,0.1057,0.1061,0.1042,0.1061,108714.6
1731639600000.0,0.106,0.1063,0.1051,0.1056,51695.1
1731643200000.0,0.1059,0.106,0.1015,0.1029,125604.9
1731646800000.0,0.103,0.1048,0.1022,0.1048,52880.8
1731650400000.0,0.1047,0.107,0.1047,0.1061,316188.4
1731654000000.0,0.1062,0.1062,0.1052,0.1055,84036.1
1731657600000.0,0.105,0.1065,0.1032,0.1064,195687.9
1731661200000.0,0.1065,0.1083,0.1064,0.108,35334.7
1731664800000.0,0.1078,0.1085,0.1076,0.1082,39326.3
1731668400000.0,0.1081,0.109,0.1075,0.109,6401.6
1731672000000.0,0.109,0.1105,0.109,0.1097,44227.2
1731675600000.0,0.1097,0.1108,0.1093,0.1099,163718.5
1731679200000.0,0.1091,0.1092,0.1075,0.1079,82672.7
1731682800000.0,0.1076,0.1076,0.1056,0.1059,56674.0
1731686400000.0,0.1058,0.1077,0.1053,0.1065,42787.0
1731690000000.0,0.1069,0.1097,0.1069,0.1088,198011.8
1731693600000.0,0.1085,0.1123,0.1085,0.1107,543254.4
1731697200000.0,0.1109,0.1121,0.1085,0.1111,504972.1
1731700800000.0,0.1117,0.1126,0.1114,0.112,129535.6
1731704400000.0,0.1123,0.1127,0.1118,0.1125,42216.5
1731708000000.0,0.1126,0.1137,0.1114,0.1121,547639.4
1731711600000.0,0.1124,0.1124,0.1118,0.112,13559.9
1731715200000.0,0.112,0.1128,0.1118,0.1124,24797.2
1731718800000.0,0.1126,0.1133,0.1126,0.1127,4932.9
1731722400000.0,0.1132,0.1142,0.1128,0.1135,9677.3
1731726000000.0,0.1133,0.1143,0.1133,0.1135,18069.5
1731729600000.0,0.1139,0.1139,0.1133,0.1133,21708.2
1731733200000.0,0.1137,0.114,0.1137,0.1139,2090.0
1731736800000.0,0.1139,0.1139,0.1118,0.1131,137136.3
1731740400000.0,0.1133,0.1143,0.1133,0.114,48101.1
1731744000000.0,0.1143,0.1143,0.1137,0.1137,6574.6
1731747600000.0,0.1141,0.1144,0.1134,0.1134,16359.0
1731751200000.0,0.1133,0.1154,0.113,0.115,43802.9
1731754800000.0,0.1148,0.1172,0.1148,0.1172,22458.7
1731758400000.0,0.1174,0.118,0.1161,0.1169,213672.8
1731762000000.0,0.117,0.1175,0.1161,0.1163,44111.4
1731765600000.0,0.1174,0.118,0.1169,0.1174,27158.8
1731769200000.0,0.117,0.117,0.1139,0.1139,70871.4
1731772800000.0,0.1146,0.118,0.1142,0.1174,339234.6
1731776400000.0,0.1172,0.1194,0.1172,0.119,24202.2
1731780000000.0,0.1194,0.1212,0.119,0.1212,121037.0
1731783600000.0,0.1209,0.1218,0.1201,0.1206,75522.8
1731787200000.0,0.1208,0.1208,0.1173,0.1198,473571.9
1731790800000.0,0.1197,0.1215,0.1197,0.1215,30181.9
1731794400000.0,0.1215,0.1228,0.1215,0.1219,89486.0
1731798000000.0,0.1218,0.1225,0.1212,0.1217,34632.6
1731801600000.0,0.1216,0.1233,0.1216,0.1224,27252.3
1731805200000.0,0.1226,0.1226,0.1166,0.1183,292640.3
1731808800000.0,0.1187,0.1187,0.1153,0.1171,233279.2
1731812400000.0,0.117,0.1179,0.1162,0.1174,154320.2
1731816000000.0,0.1179,0.1208,0.1168,0.1198,104387.5
1731819600000.0,0.1202,0.1205,0.1191,0.1191,11862.9
1731823200000.0,0.1195,0.1202,0.1191,0.1202,25506.2
1731826800000.0,0.1215,0.1219,0.12,0.1208,53226.1
1731830400000.0,0.1201,0.1218,0.1201,0.1205,102466.4
1731834000000.0,0.1208,0.1215,0.12,0.12,52773.4
1731837600000.0,0.1204,0.1212,0.1204,0.1212,5749.5
1731841200000.0,0.1206,0.1206,0.1178,0.1178,11115.5
1731844800000.0,0.1179,0.1204,0.1179,0.1204,11648.3
1731848400000.0,0.12,0.1203,0.1188,0.1199,32491.5
1731852000000.0,0.12,0.12,0.1185,0.1186,16330.8
1731855600000.0,0.1185,0.1186,0.1173,0.1173,115081.8
1731859200000.0,0.1173,0.1181,0.1169,0.1177,158445.2
1731862800000.0,0.1177,0.1177,0.1172,0.1175,12042.2
1731866400000.0,0.1173,0.1173,0.1142,0.1144,69801.8
1731870000000.0,0.1144,0.1152,0.1137,0.1149,47286.6
1731873600000.0,0.1153,0.1153,0.1137,0.1137,70089.1
1731877200000.0,0.1132,0.1142,0.11,0.1125,544303.4
1731880800000.0,0.1115,0.1132,0.1112,0.1114,50619.3
1731884400000.0,0.1115,0.1132,0.1115,0.1132,20677.3
1731888000000.0,0.1128,0.1145,0.1127,0.114,28763.8
1731891600000.0,0.114,0.1162,0.114,0.1162,53297.3
1731895200000.0,0.1161,0.1162,0.1156,0.1162,9051.6
1731898800000.0,0.116,0.1174,0.1154,0.1174,21488.6
1731902400000.0,0.1172,0.1176,0.1163,0.1163,19136.3
1731906000000.0,0.1166,0.1171,0.1163,0.1165,54971.1
1731909600000.0,0.1179,0.1193,0.1179,0.1193,30557.2
1731913200000.0,0.1196,0.1209,0.1192,0.1207,200140.5
1731916800000.0,0.1202,0.1204,0.1194,0.1194,11918.9
1731920400000.0,0.1191,0.1191,0.118,0.118,18936.3
1731924000000.0,0.1187,0.1203,0.1187,0.1202,5257.8
1731927600000.0,0.1199,0.1199,0.1167,0.1167,59679.5
1731931200000.0,0.1174,0.1183,0.1155,0.1183,39141.7
1731934800000.0,0.1175,0.1175,0.1157,0.1169,65168.4
1731938400000.0,0.1164,0.1191,0.116,0.1175,106254.0
1731942000000.0,0.1189,0.1218,0.1189,0.1218,71141.4
1731945600000.0,0.1219,0.1232,0.1211,0.1219,192444.8
1731949200000.0,0.1223,0.1244,0.1223,0.1228,149914.8
1731952800000.0,0.1232,0.124,0.1218,0.1223,110016.1
1731956400000.0,0.1223,0.1227,0.1193,0.1214,77981.8
1731960000000.0,0.1211,0.1225,0.1207,0.1211,62347.7
1731963600000.0,0.1214,0.1234,0.1214,0.1218,52231.9
1731967200000.0,0.1222,0.1231,0.1222,0.1225,30698.5
1731970800000.0,0.1225,0.1247,0.1212,0.1237,67558.4
1731974400000.0,0.1238,0.1254,0.1229,0.1247,192715.0
1731978000000.0,0.1244,0.1249,0.122,0.122,62608.1
1731981600000.0,0.1213,0.1226,0.1213,0.1216,13627.9
1731985200000.0,0.122,0.122,0.1216,0.1216,31366.3
1731988800000.0,0.1216,0.1216,0.1189,0.119,88650.0
1731992400000.0,0.1191,0.1208,0.1189,0.1208,17704.7
1731996000000.0,0.1213,0.1217,0.1205,0.1217,19110.1
1731999600000.0,0.1218,0.1221,0.1214,0.1215,51525.8
1732003200000.0,0.1213,0.1214,0.12,0.1206,22628.1
1732006800000.0,0.1208,0.1208,0.1185,0.1194,68387.3
1732010400000.0,0.1194,0.1202,0.1189,0.12,34074.8
1732014000000.0,0.1201,0.1208,0.1196,0.1199,105319.2
1732017600000.0,0.1207,0.1217,0.1205,0.1207,49061.4
1732021200000.0,0.1204,0.1205,0.117,0.117,125731.1
1732024800000.0,0.1172,0.1179,0.1164,0.1168,65059.1
1732028400000.0,0.1166,0.1174,0.1162,0.117,87044.9
1732032000000.0,0.1172,0.1173,0.1158,0.116,170790.0
1732035600000.0,0.1157,0.117,0.1152,0.1163,283092.7
1732039200000.0,0.1162,0.1175,0.1162,0.1175,65473.4
1732042800000.0,0.1176,0.1195,0.1165,0.1165,653731.3
1732046400000.0,0.1166,0.1168,0.1134,0.114,60931.3
1732050000000.0,0.1139,0.1143,0.1122,0.1138,297696.5
1732053600000.0,0.1139,0.114,0.1123,0.1132,94322.0
1732057200000.0,0.1135,0.1159,0.1134,0.1159,43910.8
1732060800000.0,0.1155,0.1156,0.1125,0.1135,115916.5
1732064400000.0,0.1135,0.1141,0.1126,0.1129,157029.6
1732068000000.0,0.113,0.1135,0.1121,0.1125,51732.4
1732071600000.0,0.1117,0.112,0.1101,0.1117,130029.7
1732075200000.0,0.112,0.1125,0.1111,0.1124,102590.5
1732078800000.0,0.1123,0.1127,0.1118,0.1127,17069.7
1732082400000.0,0.1135,0.1138,0.1122,0.1125,11370.7
1732086000000.0,0.1124,0.1129,0.112,0.1129,18518.1
1732089600000.0,0.1124,0.1136,0.1124,0.1134,34524.4
1732093200000.0,0.1132,0.1135,0.1124,0.1135,2374.5
1732096800000.0,0.1135,0.1136,0.1132,0.1135,9658.0
1732100400000.0,0.1122,0.1128,0.1116,0.1125,35332.0
1732104000000.0,0.1124,0.1124,0.1108,0.1118,326851.8
1732107600000.0,0.1117,0.1129,0.1112,0.1129,95166.6
1732111200000.0,0.1129,0.1144,0.1114,0.1121,118293.5
1732114800000.0,0.1117,0.1131,0.1116,0.113,125920.5
1732118400000.0,0.1133,0.1134,0.1089,0.1097,86503.8
1732122000000.0,0.1101,0.1102,0.1085,0.1085,154055.9
1732125600000.0,0.1081,0.1084,0.1059,0.1077,85484.4
1732129200000.0,0.1071,0.1074,0.106,0.107,120402.9
1732132800000.0,0.1064,0.1105,0.1054,0.1082,617980.5
1732136400000.0,0.1086,0.1089,0.108,0.1084,72253.1
1732140000000.0,0.1086,0.1102,0.1085,0.1089,77223.7
1732143600000.0,0.1089,0.1095,0.1085,0.1085,56561.9
1732147200000.0,0.1081,0.1095,0.1078,0.109,35826.4
1732150800000.0,0.109,0.1101,0.1089,0.1094,29741.1
1732154400000.0,0.1084,0.1084,0.1043,0.1059,361564.9
1732158000000.0,0.106,0.1081,0.1057,0.1063,186945.4
1732161600000.0,0.1068,0.1101,0.1062,0.1096,201918.7
1732165200000.0,0.1102,0.1108,0.1097,0.1104,26445.8
1732168800000.0,0.1102,0.1109,0.1099,0.1101,65989.4
1732172400000.0,0.1109,0.1116,0.11,0.1109,60207.1
1732176000000.0,0.1103,0.1107,0.1103,0.1107,9203.8
1732179600000.0,0.1105,0.1106,0.1089,0.1089,28870.8
1732183200000.0,0.1092,0.1093,0.1082,0.1084,24699.1
1732186800000.0,0.1082,0.1104,0.108,0.1101,31758.6
1732190400000.0,0.1103,0.1149,0.1103,0.1137,125586.9
1732194000000.0,0.1137,0.1166,0.1137,0.1165,25887.6
1732197600000.0,0.1168,0.1176,0.1153,0.1153,114400.8
1732201200000.0,0.1155,0.1162,0.1137,0.1149,67856.9
1732204800000.0,0.1151,0.1182,0.1151,0.1177,88263.6
1732208400000.0,0.1179,0.1184,0.1166,0.1169,331871.3
1732212000000.0,0.1177,0.1182,0.1168,0.1182,28850.4
1732215600000.0,0.118,0.1182,0.1165,0.1174,205816.7
1732219200000.0,0.1179,0.1179,0.1171,0.1173,29983.9
1732222800000.0,0.1173,0.118,0.117,0.1174,95632.7
1732226400000.0,0.1177,0.119,0.1177,0.1182,80363.6
1732230000000.0,0.1185,0.1189,0.1183,0.1187,61691.3
1732233600000.0,0.1184,0.1185,0.1158,0.1163,69012.9
1732237200000.0,0.1161,0.1174,0.1157,0.117,14845.5
1732240800000.0,0.1173,0.1182,0.1164,0.1172,105951.0
1732244400000.0,0.1176,0.1183,0.1172,0.1181,135308.8
1732248000000.0,0.1182,0.1197,0.1177,0.1186,415211.7
1732251600000.0,0.1186,0.1192,0.1182,0.1186,82569.0
1732255200000.0,0.1187,0.1192,0.1174,0.1184,162652.1
1732258800000.0,0.1184,0.1189,0.1176,0.1176,192268.8
1732262400000.0,0.1177,0.1192,0.1177,0.119,101717.8
1732266000000.0,0.119,0.1192,0.1178,0.119,141758.7
1732269600000.0,0.119,0.1196,0.1181,0.1182,106309.6
1732273200000.0,0.118,0.1194,0.1173,0.1191,184120.7
1732276800000.0,0.1191,0.12,0.1187,0.1191,144010.0
1732280400000.0,0.1188,0.1189,0.1148,0.116,506658.3
1732284000000.0,0.1159,0.1167,0.115,0.1154,341400.8
1732287600000.0,0.1154,0.1183,0.1153,0.1183,375203.2
1732291200000.0,0.1183,0.1187,0.1166,0.1174,350203.8
1732294800000.0,0.1172,0.118,0.1161,0.1162,386808.9
1732298400000.0,0.1162,0.1176,0.1152,0.1153,203990.7
1732302000000.0,0.1154,0.1163,0.1147,0.1157,235935.2
1732305600000.0,0.1157,0.1174,0.1156,0.1174,172190.7
1732309200000.0,0.1175,0.1202,0.1175,0.1202,324296.7
1732312800000.0,0.1198,0.1198,0.1178,0.1183,154961.0
1732316400000.0,0.1184,0.1324,0.1184,0.1287,781674.0
1732320000000.0,0.1286,0.1328,0.127,0.1278,903166.0
1732323600000.0,0.129,0.1298,0.128,0.1289,294944.4
1732327200000.0,0.1294,0.1301,0.1261,0.1267,174411.0
1732330800000.0,0.1266,0.1275,0.126,0.1275,95953.4
1732334400000.0,0.128,0.128,0.1261,0.1271,99619.1
1732338000000.0,0.1277,0.1288,0.1273,0.1285,72557.5
1732341600000.0,0.1288,0.1303,0.1287,0.13,70953.1
1732345200000.0,0.1306,0.1324,0.1306,0.1321,225106.2
1732348800000.0,0.1316,0.1328,0.1313,0.132,200320.0
1732352400000.0,0.1326,0.1331,0.1317,0.1322,158115.1
1732356000000.0,0.1314,0.1314,0.1292,0.13,298394.1
1732359600000.0,0.1305,0.1328,0.1304,0.1327,53106.6
1732363200000.0,0.1329,0.1354,0.1328,0.1348,146559.7
1732366800000.0,0.1351,0.1375,0.135,0.1358,307709.9
1732370400000.0,0.1355,0.1382,0.1355,0.1363,134214.0
1732374000000.0,0.1374,0.1378,0.1356,0.137,156139.0
1732377600000.0,0.1372,0.1389,0.1314,0.1351,1058187.2
1732381200000.0,0.1346,0.1374,0.1326,0.1373,142480.5
1732384800000.0,0.1374,0.1384,0.1363,0.1381,244451.5
1732388400000.0,0.1379,0.1397,0.1364,0.1393,633579.5
1732392000000.0,0.1385,0.1415,0.1358,0.1392,770676.3
1732395600000.0,0.1401,0.1417,0.1397,0.1413,451030.3
1732399200000.0,0.141,0.1424,0.14,0.1409,519710.9
1732402800000.0,0.1409,0.1421,0.1343,0.1359,906630.6
1732406400000.0,0.1357,0.139,0.1349,0.139,147150.9
1732410000000.0,0.1392,0.14,0.1384,0.1398,110917.9
1732413600000.0,0.1397,0.1403,0.1392,0.14,123067.8
1732417200000.0,0.1401,0.1415,0.1397,0.1413,76729.6
1732420800000.0,0.1413,0.1416,0.1382,0.14,73834.6
1732424400000.0,0.1407,0.1419,0.1389,0.141,106073.9
1732428000000.0,0.1411,0.1415,0.1378,0.1404,182376.9
1732431600000.0,0.1403,0.1404,0.1383,0.1394,154924.2
1732435200000.0,0.14,0.1418,0.138,0.1387,167755.5
1732438800000.0,0.1393,0.1402,0.137,0.1396,256332.5
1732442400000.0,0.1397,0.1401,0.1353,0.1363,568649.9
1732446000000.0,0.1359,0.1364,0.1329,0.1333,565258.8
1732449600000.0,0.1333,0.1352,0.1287,0.1313,465909.2
1732453200000.0,0.1314,0.1392,0.1303,0.1361,1647975.2
1732456800000.0,0.136,0.1362,0.1327,0.1357,245525.4
1732460400000.0,0.136,0.136,0.1289,0.1292,168380.6
1732464000000.0,0.129,0.1342,0.129,0.1332,122602.6
1732467600000.0,0.1331,0.1331,0.1309,0.1328,62786.0
1732471200000.0,0.1326,0.136,0.1326,0.1359,116437.6
1732474800000.0,0.1356,0.1356,0.1335,0.1346,532785.8
1732478400000.0,0.1343,0.1372,0.1341,0.1366,55975.1
1732482000000.0,0.1369,0.1384,0.1364,0.1382,24680.0
1732485600000.0,0.1383,0.1402,0.1382,0.1399,104130.6
1732489200000.0,0.14,0.1414,0.1396,0.1402,216203.1
1732492800000.0,0.1406,0.1418,0.139,0.141,94202.9
1732496400000.0,0.1408,0.1408,0.135,0.1371,199417.6
1732500000000.0,0.1382,0.1386,0.1376,0.1376,130886.8
1732503600000.0,0.1385,0.1405,0.1382,0.1396,31821.5
1732507200000.0,0.1394,0.1408,0.1376,0.1376,46622.7
1732510800000.0,0.1377,0.1402,0.1377,0.1399,28530.3
1732514400000.0,0.1396,0.1407,0.1374,0.1374,13041.1
1732518000000.0,0.1375,0.1393,0.1374,0.1387,36240.4
1732521600000.0,0.1385,0.1415,0.1385,0.1414,16594.3
1732525200000.0,0.1417,0.1433,0.1417,0.1432,53354.8
1732528800000.0,0.1431,0.1432,0.1407,0.1432,130410.8
1732532400000.0,0.1424,0.1443,0.1415,0.1419,45171.9
1732536000000.0,0.1418,0.1426,0.1411,0.1423,141345.1
1732539600000.0,0.1422,0.1422,0.1373,0.1389,268852.5
1732543200000.0,0.1384,0.1401,0.135,0.1351,242906.6
1732546800000.0,0.1349,0.1386,0.1329,0.1386,311855.2
1732550400000.0,0.1383,0.1398,0.1366,0.1367,86861.0
1732554000000.0,0.1374,0.1387,0.1342,0.1366,188517.7
1732557600000.0,0.1363,0.1376,0.1355,0.1367,52604.4
1732561200000.0,0.1357,0.1382,0.1357,0.1374,84852.8
1732564800000.0,0.1374,0.1387,0.1367,0.138,118737.0
1732568400000.0,0.1388,0.1388,0.1346,0.136,155169.5
1732572000000.0,0.1361,0.1369,0.1317,0.1364,200587.4
1732575600000.0,0.1352,0.1366,0.1348,0.1355,35677.2
1732579200000.0,0.1349,0.138,0.1347,0.1374,33259.0
1732582800000.0,0.1366,0.1389,0.1366,0.1389,84857.9
1732586400000.0,0.139,0.1404,0.1388,0.1397,60637.3
1732590000000.0,0.1395,0.1395,0.1381,0.139,21497.4
1732593600000.0,0.1382,0.1391,0.138,0.139,51376.0
1732597200000.0,0.1395,0.1412,0.1393,0.1412,57282.4
1732600800000.0,0.1414,0.142,0.1399,0.1399,102742.7
1732604400000.0,0.1398,0.1398,0.1357,0.1357,100647.9
1732608000000.0,0.1365,0.1367,0.1308,0.1314,131224.3
1732611600000.0,0.1311,0.1329,0.1294,0.1318,73995.6
1732615200000.0,0.1313,0.1313,0.1282,0.1285,111509.0
1732618800000.0,0.1278,0.1294,0.1241,0.1273,422014.9
1732622400000.0,0.1269,0.1282,0.1246,0.1254,160375.9
1732626000000.0,0.1254,0.1268,0.125,0.1258,118372.2
1732629600000.0,0.1257,0.1294,0.1238,0.1284,148136.8
1732633200000.0,0.1284,0.1286,0.1258,0.126,55800.9
1732636800000.0,0.1255,0.1301,0.1249,0.1293,171248.0
1732640400000.0,0.129,0.1299,0.1284,0.1293,48969.8
1732644000000.0,0.1292,0.1294,0.1243,0.127,142610.4
1732647600000.0,0.1259,0.1275,0.1253,0.1258,210682.3
1732651200000.0,0.1266,0.1288,0.1266,0.1285,44986.4
1732654800000.0,0.1282,0.1295,0.1272,0.1285,9450.4
1732658400000.0,0.1286,0.131,0.1286,0.1307,120444.4
1732662000000.0,0.1299,0.1317,0.1299,0.1317,56621.9
1732665600000.0,0.1306,0.1324,0.1283,0.129,114022.3
1732669200000.0,0.1281,0.1304,0.1279,0.1304,16882.1
1732672800000.0,0.1314,0.1322,0.1293,0.1322,54456.5
1732676400000.0,0.1323,0.1327,0.1312,0.1318,32483.4
1732680000000.0,0.1317,0.1338,0.1317,0.133,85086.2
1732683600000.0,0.1329,0.1333,0.132,0.1325,32415.7
1732687200000.0,0.1331,0.1353,0.1331,0.1345,22259.2
1732690800000.0,0.1344,0.1352,0.134,0.1352,21822.5
1732694400000.0,0.1347,0.1364,0.1346,0.1364,16300.3
1732698000000.0,0.1362,0.1365,0.135,0.1365,32367.6
1732701600000.0,0.1365,0.1397,0.1358,0.1394,24070.4
1732705200000.0,0.1397,0.1409,0.138,0.1395,192728.9
1732708800000.0,0.1389,0.1389,0.1356,0.1367,11234.9
1732712400000.0,0.1365,0.1386,0.1365,0.1386,23550.9
1732716000000.0,0.139,0.1423,0.1386,0.1408,149352.2
1732719600000.0,0.1407,0.1431,0.1407,0.1428,83924.0
1732723200000.0,0.1433,0.1454,0.1427,0.1452,103882.0
1732726800000.0,0.145,0.1454,0.1425,0.1447,133630.9
1732730400000.0,0.1445,0.145,0.1441,0.1445,76302.0
1732734000000.0,0.1442,0.1448,0.1435,0.144,357643.2
1732737600000.0,0.144,0.1443,0.143,0.1436,597902.8
1732741200000.0,0.1438,0.1449,0.1432,0.144,81630.4
1732744800000.0,0.1444,0.1457,0.1441,0.1455,269754.6
1732748400000.0,0.1455,0.1461,0.1444,0.1449,618894.3
1732752000000.0,0.1444,0.1461,0.1432,0.1451,52048.4
1732755600000.0,0.1461,0.1463,0.145,0.1463,13338.1
1732759200000.0,0.146,0.1461,0.1425,0.1425,59900.0
1732762800000.0,0.1428,0.1428,0.1405,0.1418,37668.1
1732766400000.0,0.1417,0.1446,0.1416,0.1446,22934.2
1732770000000.0,0.1448,0.145,0.1429,0.1444,97096.1
1732773600000.0,0.1438,0.1438,0.1426,0.1432,37525.8
1732777200000.0,0.1442,0.1445,0.1418,0.1421,11180.7
1732780800000.0,0.1423,0.1436,0.1414,0.1436,39671.5
1732784400000.0,0.1417,0.1426,0.1414,0.1414,10184.0
1732788000000.0,0.1412,0.1421,0.1405,0.1405,17461.7
1732791600000.0,0.14,0.1405,0.1389,0.1405,42172.5
1732795200000.0,0.1406,0.1414,0.1399,0.1414,62016.0
1732798800000.0,0.1405,0.1422,0.1398,0.1422,44702.8
1732802400000.0,0.1419,0.142,0.14,0.1414,29884.1
1732806000000.0,0.1415,0.1466,0.1375,0.1382,693800.8
1732809600000.0,0.1386,0.1412,0.1385,0.1407,105655.7
1732813200000.0,0.1407,0.143,0.1406,0.1425,102032.8
1732816800000.0,0.1425,0.1451,0.1424,0.1451,105104.8
1732820400000.0,0.1448,0.1465,0.1448,0.1463,68154.0
1732824000000.0,0.1458,0.146,0.1442,0.1445,111594.9
1732827600000.0,0.1455,0.1466,0.1455,0.146,149297.6
1732831200000.0,0.146,0.1471,0.1453,0.1468,112727.4
1732834800000.0,0.1465,0.1467,0.1457,0.1459,74653.3
1732838400000.0,0.1455,0.1461,0.144,0.144,52644.2
1732842000000.0,0.144,0.1448,0.1427,0.1438,29066.1
1732845600000.0,0.1442,0.1464,0.1442,0.1455,142114.8
1732849200000.0,0.1456,0.1456,0.1433,0.1434,101041.2
1732852800000.0,0.1434,0.1434,0.1417,0.1424,22604.1
1732856400000.0,0.1422,0.1429,0.1413,0.1413,20875.4
1732860000000.0,0.1414,0.1415,0.1393,0.1397,24273.4
1732863600000.0,0.1401,0.1404,0.1382,0.1382,117847.7
1732867200000.0,0.1391,0.1403,0.1391,0.1402,14086.3
1732870800000.0,0.1402,0.141,0.14,0.1407,15946.3
1732874400000.0,0.1407,0.1418,0.1403,0.1418,169191.7
1732878000000.0,0.1417,0.1437,0.1415,0.1435,69525.2
1732881600000.0,0.1438,0.1443,0.1414,0.1414,36370.3
1732885200000.0,0.1423,0.1437,0.1423,0.1436,61790.7
1732888800000.0,0.1436,0.1442,0.143,0.1441,28364.1
1732892400000.0,0.1445,0.1451,0.1428,0.1431,54902.2
1732896000000.0,0.1428,0.1444,0.1427,0.144,53966.8
1732899600000.0,0.1438,0.1439,0.1427,0.1435,48119.3
1732903200000.0,0.1436,0.1437,0.1421,0.1421,36226.1
1732906800000.0,0.1418,0.1433,0.1411,0.143,52111.2
1732910400000.0,0.143,0.1442,0.1429,0.1436,80522.5
1732914000000.0,0.1437,0.1459,0.1435,0.1459,81130.1
1732917600000.0,0.1457,0.1469,0.1452,0.1466,104109.6
1732921200000.0,0.1467,0.1469,0.1458,0.1465,202769.8
1732924800000.0,0.1454,0.1454,0.1437,0.1445,189175.6
1732928400000.0,0.1445,0.1457,0.1441,0.145,52609.1
1732932000000.0,0.145,0.146,0.1445,0.1453,181088.1
1732935600000.0,0.146,0.148,0.146,0.148,184060.7
1732939200000.0,0.1479,0.15,0.1479,0.1495,142861.2
1732942800000.0,0.15,0.152,0.1497,0.1514,215037.8
1732946400000.0,0.1515,0.153,0.1514,0.1522,265427.1
1732950000000.0,0.1524,0.1529,0.1517,0.1521,117577.6
1732953600000.0,0.1529,0.155,0.1521,0.1531,307216.4
1732957200000.0,0.1531,0.1536,0.1523,0.1533,89648.5
1732960800000.0,0.1538,0.154,0.148,0.148,224463.4
1732964400000.0,0.1479,0.15,0.1479,0.1488,51036.0
1732968000000.0,0.1491,0.1515,0.1491,0.1511,69121.4
1732971600000.0,0.1515,0.1518,0.1503,0.1508,80341.8
1732975200000.0,0.1507,0.1544,0.1497,0.1498,883789.5
1732978800000.0,0.1495,0.1523,0.1494,0.1518,92328.5
1732982400000.0,0.1516,0.1527,0.1511,0.1526,201043.4
1732986000000.0,0.1524,0.1535,0.1516,0.1535,76422.5
1732989600000.0,0.1537,0.1552,0.1536,0.1545,183544.8
1732993200000.0,0.1549,0.1563,0.1542,0.1549,158192.3
1732996800000.0,0.1549,0.1599,0.1546,0.1559,472736.1
1733000400000.0,0.1559,0.1579,0.1558,0.1572,115421.5
1733004000000.0,0.157,0.1573,0.154,0.1543,378230.9
1733007600000.0,0.1544,0.1556,0.1539,0.1552,207773.3
1733011200000.0,0.1538,0.1552,0.1524,0.1529,131401.2
1733014800000.0,0.1524,0.1537,0.1514,0.1522,41486.9
1733018400000.0,0.1519,0.1533,0.1495,0.1503,189069.5
1733022000000.0,0.1502,0.1531,0.1502,0.1527,83487.9
1733025600000.0,0.1526,0.1529,0.1515,0.1527,24057.3
1733029200000.0,0.1523,0.1523,0.1507,0.1509,91769.0
1733032800000.0,0.151,0.153,0.1508,0.1524,90753.9
1733036400000.0,0.1526,0.1535,0.1515,0.1535,34961.3
1733040000000.0,0.1536,0.1557,0.1536,0.1554,130385.7
1733043600000.0,0.1553,0.1556,0.154,0.1549,97705.6
1733047200000.0,0.1546,0.155,0.1528,0.1532,28681.0
1733050800000.0,0.153,0.1563,0.153,0.1558,89261.4
1733054400000.0,0.1559,0.1584,0.1554,0.1576,249143.9
1733058000000.0,0.1568,0.1584,0.1567,0.1568,272966.8
1733061600000.0,0.1568,0.1586,0.1564,0.1586,197108.7
1733065200000.0,0.1582,0.159,0.1573,0.1579,265490.7
1733068800000.0,0.158,0.1587,0.1569,0.1569,273751.9
1733072400000.0,0.1568,0.1569,0.1546,0.1559,105570.2
1733076000000.0,0.1558,0.1573,0.1558,0.1568,204589.4
1733079600000.0,0.1564,0.1569,0.1548,0.1559,398059.9
1733083200000.0,0.1551,0.1551,0.1506,0.154,310614.3
1733086800000.0,0.1538,0.1555,0.1536,0.1544,294347.4
1733090400000.0,0.1545,0.1551,0.1521,0.1548,378758.8
1733094000000.0,0.155,0.1555,0.1535,0.1535,157147.0
1733097600000.0,0.1542,0.1555,0.1536,0.1553,189958.9
1733101200000.0,0.1548,0.1559,0.1542,0.1553,166672.9
1733104800000.0,0.1559,0.1565,0.1527,0.1539,112726.3
1733108400000.0,0.1542,0.1559,0.1487,0.1493,110241.4
1733112000000.0,0.1493,0.1508,0.1467,0.1506,116836.3
1733115600000.0,0.1505,0.1526,0.1505,0.1526,90438.7
1733119200000.0,0.1527,0.154,0.1505,0.1536,119194.7
1733122800000.0,0.1537,0.1547,0.1513,0.1527,71891.5
1733126400000.0,0.1523,0.1532,0.1419,0.1444,367626.0
1733130000000.0,0.144,0.1473,0.1438,0.1471,297626.0
1733133600000.0,0.1466,0.1466,0.143,0.1432,100076.6
1733137200000.0,0.143,0.1452,0.1429,0.1439,87773.0
1733140800000.0,0.1438,0.1463,0.1438,0.1446,88021.4
1733144400000.0,0.1453,0.1503,0.1449,0.1503,68914.0
1733148000000.0,0.1502,0.1517,0.1494,0.1494,44057.6
1733151600000.0,0.1504,0.1535,0.149,0.1535,222289.3
1733155200000.0,0.1535,0.1544,0.1495,0.1508,169428.9
1733158800000.0,0.1505,0.1519,0.1463,0.1463,129868.2
1733162400000.0,0.1467,0.1519,0.1467,0.1516,96842.0
1733166000000.0,0.1521,0.1526,0.1502,0.1526,50691.7
1733169600000.0,0.1526,0.1577,0.1523,0.1571,259120.3
1733173200000.0,0.1573,0.1598,0.1559,0.1591,190738.3
1733176800000.0,0.1594,0.1597,0.1574,0.1592,94367.6
1733180400000.0,0.16,0.1614,0.1596,0.1614,65246.6
1733184000000.0,0.1613,0.1637,0.1608,0.163,499197.2
1733187600000.0,0.1632,0.1632,0.1606,0.1614,91055.6
1733191200000.0,0.161,0.1697,0.161,0.1663,592023.9
1733194800000.0,0.1658,0.169,0.165,0.1675,317888.3
1733198400000.0,0.1671,0.171,0.1664,0.1708,273069.2
1733202000000.0,0.1705,0.1729,0.1692,0.1729,136015.1
1733205600000.0,0.1727,0.1795,0.1701,0.1722,1020615.8
1733209200000.0,0.1722,0.1732,0.1653,0.1666,964497.2
1733212800000.0,0.1673,0.1715,0.1673,0.1715,194379.5
1733216400000.0,0.1715,0.1728,0.1685,0.1723,507211.4
1733220000000.0,0.1723,0.1761,0.1704,0.171,235120.7
1733223600000.0,0.171,0.1769,0.171,0.1741,280907.8
1733227200000.0,0.1742,0.1742,0.1713,0.174,287086.5
1733230800000.0,0.1742,0.1747,0.1622,0.1645,1322409.2
1733234400000.0,0.1651,0.169,0.1598,0.168,341003.8
1733238000000.0,0.1674,0.1704,0.1674,0.1685,205678.0
1733241600000.0,0.1688,0.1727,0.1672,0.1683,224936.4
1733245200000.0,0.1683,0.1727,0.1653,0.1727,970395.0
1733248800000.0,0.1727,0.1751,0.1724,0.1747,413118.4
1733252400000.0,0.1742,0.1742,0.1695,0.1735,191843.6
1733256000000.0,0.1735,0.1824,0.1734,0.181,374906.9
1733259600000.0,0.1811,0.1816,0.1795,0.1797,327132.7
1733263200000.0,0.1786,0.1827,0.1773,0.1818,380588.2
1733266800000.0,0.1818,0.1844,0.1814,0.1824,254111.3
1733270400000.0,0.1825,0.1851,0.1818,0.1834,377438.3
1733274000000.0,0.1829,0.183,0.178,0.1817,366961.0
1733277600000.0,0.1824,0.1825,0.1784,0.1795,125298.4
1733281200000.0,0.1793,0.1846,0.1793,0.1838,98903.0
1733284800000.0,0.1835,0.185,0.1824,0.1826,21943.4
1733288400000.0,0.1828,0.1836,0.1813,0.1821,220264.1
1733292000000.0,0.1818,0.1828,0.1787,0.1828,102051.3
1733295600000.0,0.1826,0.1865,0.1822,0.1852,210948.7
1733299200000.0,0.1848,0.1885,0.1847,0.187,152989.6
1733302800000.0,0.1869,0.1869,0.1826,0.1831,449403.3
1733306400000.0,0.1832,0.1847,0.1818,0.1829,108652.4
1733310000000.0,0.1833,0.1862,0.1832,0.1847,74763.3
1733313600000.0,0.1851,0.1858,0.18,0.1858,176403.0
1733317200000.0,0.1855,0.1869,0.1826,0.185,215257.4
1733320800000.0,0.1854,0.1865,0.182,0.1848,98332.8
1733324400000.0,0.1845,0.1876,0.1822,0.1856,348979.5
1733328000000.0,0.1854,0.1856,0.1749,0.1775,430918.2
1733331600000.0,0.1783,0.1818,0.1764,0.1818,220859.7
1733335200000.0,0.1818,0.1855,0.1813,0.185,73563.0
1733338800000.0,0.1852,0.1891,0.185,0.1879,91879.7
1733342400000.0,0.1883,0.1898,0.1812,0.1825,401295.3
1733346000000.0,0.1826,0.1865,0.1821,0.1865,142203.3
1733349600000.0,0.1862,0.187,0.184,0.1847,156166.9
1733353200000.0,0.1846,0.1851,0.1784,0.1823,229188.9
1733356800000.0,0.1822,0.1841,0.1792,0.1812,489857.0
1733360400000.0,0.1791,0.1791,0.1722,0.1762,203787.2
1733364000000.0,0.1757,0.1811,0.1756,0.1809,115367.7
1733367600000.0,0.1811,0.1844,0.1786,0.1788,147429.2
1733371200000.0,0.1792,0.1868,0.1788,0.1845,83430.9
1733374800000.0,0.1844,0.1851,0.1806,0.1824,51344.9
1733378400000.0,0.182,0.1839,0.1809,0.183,106484.5
1733382000000.0,0.1835,0.186,0.1833,0.1859,134567.7
1733385600000.0,0.1857,0.1867,0.1849,0.1849,99020.6
1733389200000.0,0.1853,0.1858,0.1834,0.1852,60372.3
1733392800000.0,0.1846,0.1872,0.1825,0.1871,346205.8
1733396400000.0,0.1868,0.188,0.1839,0.186,615607.2
1733400000000.0,0.1855,0.1872,0.1842,0.1847,304865.3
1733403600000.0,0.1844,0.185,0.18,0.1817,1662421.8
1733407200000.0,0.1819,0.1828,0.1791,0.1806,171695.7
1733410800000.0,0.181,0.1823,0.1785,0.1818,205497.3
1733414400000.0,0.1819,0.185,0.1813,0.1848,126797.1
1733418000000.0,0.185,0.1869,0.1844,0.1869,63725.0
1733421600000.0,0.1866,0.1878,0.1856,0.1858,198406.2
1733425200000.0,0.1856,0.1866,0.1804,0.1815,158248.7
1733428800000.0,0.1811,0.1833,0.1791,0.1829,429529.5
1733432400000.0,0.1827,0.186,0.182,0.1847,143953.9
1733436000000.0,0.1862,0.1868,0.1762,0.1833,494886.5
1733439600000.0,0.1827,0.1845,0.1795,0.1813,170917.1
1733443200000.0,0.1809,0.186,0.1791,0.1857,214465.4
1733446800000.0,0.1855,0.189,0.185,0.1878,262994.5
1733450400000.0,0.1878,0.1891,0.1864,0.1888,161212.9
1733454000000.0,0.1877,0.1886,0.186,0.1879,107707.1
1733457600000.0,0.1879,0.1892,0.187,0.1889,92620.8
1733461200000.0,0.1891,0.1917,0.1875,0.1883,320700.7
1733464800000.0,0.1882,0.1911,0.1877,0.1899,111768.4
1733468400000.0,0.1897,0.1918,0.1892,0.1914,158495.5
1733472000000.0,0.1909,0.1943,0.1908,0.1924,448390.6
1733475600000.0,0.1923,0.1923,0.1873,0.188,215722.1
1733479200000.0,0.1884,0.1891,0.1848,0.1884,159403.2
1733482800000.0,0.1882,0.1899,0.1866,0.1883,138433.9
1733486400000.0,0.1888,0.1891,0.1819,0.1827,263145.5
1733490000000.0,0.1827,0.188,0.1816,0.1865,197229.9
1733493600000.0,0.1866,0.1898,0.1831,0.1898,197543.3
1733497200000.0,0.1894,0.1938,0.1891,0.1916,228483.9
1733500800000.0,0.1918,0.1949,0.1917,0.1942,176990.6
1733504400000.0,0.1943,0.1957,0.1929,0.1931,226942.4
1733508000000.0,0.1932,0.194,0.1924,0.1931,127301.1
1733511600000.0,0.1935,0.1939,0.1919,0.1924,156070.4
1733515200000.0,0.1934,0.1949,0.1928,0.1943,81821.3
1733518800000.0,0.1943,0.1965,0.1942,0.1942,240589.5
1733522400000.0,0.1938,0.1938,0.1917,0.1928,95400.7
1733526000000.0,0.1927,0.1942,0.1915,0.1927,245839.1
1733529600000.0,0.1926,0.1942,0.1896,0.1909,76400.6
1733533200000.0,0.191,0.1915,0.19,0.1905,42436.3
1733536800000.0,0.1904,0.1936,0.1898,0.1928,83056.8
1733540400000.0,0.1925,0.1936,0.1916,0.1936,148610.2
1733544000000.0,0.192,0.1959,0.192,0.1959,34014.9
1733547600000.0,0.1959,0.1967,0.1936,0.1937,46227.3
1733551200000.0,0.1939,0.1954,0.1939,0.1949,21008.4
1733554800000.0,0.1949,0.1949,0.1916,0.1924,74706.8
1733558400000.0,0.1923,0.1923,0.1905,0.191,44295.2
1733562000000.0,0.1914,0.1936,0.1901,0.1906,276965.1
1733565600000.0,0.1902,0.1903,0.1886,0.1896,20991.9
1733569200000.0,0.1898,0.1935,0.1894,0.1926,90668.8
1733572800000.0,0.1925,0.1941,0.1922,0.194,34619.3
1733576400000.0,0.194,0.1952,0.1935,0.1951,44163.4
1733580000000.0,0.195,0.198,0.1927,0.1945,199553.5
1733583600000.0,0.1947,0.1951,0.192,0.1934,46650.6
1733587200000.0,0.1939,0.1947,0.1926,0.1931,96719.6
1733590800000.0,0.1931,0.1932,0.1884,0.1893,125650.4
1733594400000.0,0.1896,0.1933,0.1896,0.1933,49468.7
1733598000000.0,0.1935,0.1937,0.1896,0.1896,67094.2
1733601600000.0,0.1897,0.1911,0.1891,0.19,74172.0
1733605200000.0,0.19,0.1901,0.1883,0.1893,81914.7
1733608800000.0,0.1891,0.1896,0.1877,0.1877,53571.1
1733612400000.0,0.1875,0.1901,0.1875,0.1882,44081.4
1733616000000.0,0.1877,0.19,0.1876,0.1897,85470.7
1733619600000.0,0.1897,0.1906,0.1874,0.1874,64798.4
1733623200000.0,0.1873,0.1875,0.1864,0.1872,19404.0
1733626800000.0,0.1869,0.1879,0.1862,0.1862,7933.3
1733630400000.0,0.186,0.1872,0.1846,0.1846,44396.5
1733634000000.0,0.1842,0.185,0.1834,0.184,45804.4
1733637600000.0,0.1841,0.1854,0.1837,0.1852,16961.1
1733641200000.0,0.1851,0.1875,0.1851,0.1867,13772.9
1733644800000.0,0.1857,0.1858,0.1828,0.1828,10385.2
1733648400000.0,0.1827,0.1852,0.1824,0.1831,36385.8
1733652000000.0,0.1835,0.1878,0.1834,0.1852,75024.5
1733655600000.0,0.1851,0.1882,0.1851,0.1874,13156.6
1733659200000.0,0.187,0.1889,0.1858,0.188,30526.5
1733662800000.0,0.1887,0.1894,0.1884,0.1893,19052.6
1733666400000.0,0.1891,0.1903,0.1881,0.1886,24362.2
1733670000000.0,0.1883,0.1918,0.188,0.1918,83945.2
1733673600000.0,0.192,0.1934,0.1889,0.1892,92094.2
1733677200000.0,0.1887,0.1918,0.1887,0.1918,74345.4
1733680800000.0,0.1921,0.1926,0.1904,0.1912,57717.5
1733684400000.0,0.1913,0.1943,0.1913,0.1943,27357.7
1733688000000.0,0.1943,0.1951,0.1935,0.1949,79818.1
1733691600000.0,0.1946,0.1972,0.1945,0.1958,173004.0
1733695200000.0,0.1966,0.1993,0.1966,0.1993,50445.3
1733698800000.0,0.1992,0.1999,0.1973,0.1982,51392.3
1733702400000.0,0.1982,0.2012,0.1971,0.198,148331.4
1733706000000.0,0.1983,0.2016,0.1939,0.1954,230777.6
1733709600000.0,0.1953,0.1977,0.193,0.1937,147703.5
1733713200000.0,0.1935,0.1961,0.19,0.1921,241791.9
1733716800000.0,0.1927,0.1935,0.19,0.1935,48147.7
1733720400000.0,0.1937,0.1939,0.1923,0.1923,13174.4
1733724000000.0,0.1918,0.1918,0.1881,0.1882,113138.0
1733727600000.0,0.1884,0.1884,0.1829,0.1854,165693.7
1733731200000.0,0.1847,0.1853,0.1784,0.1792,339366.0
1733734800000.0,0.1798,0.1803,0.1734,0.1769,273760.0
1733738400000.0,0.1765,0.1786,0.1749,0.1776,60613.4
1733742000000.0,0.1767,0.1769,0.1721,0.1721,146122.5
1733745600000.0,0.1721,0.1749,0.1719,0.1749,173579.9
1733749200000.0,0.174,0.1785,0.174,0.1779,122804.2
1733752800000.0,0.1777,0.1808,0.1759,0.1802,56563.0
1733756400000.0,0.1807,0.1808,0.1725,0.1731,67690.2
1733760000000.0,0.1744,0.1758,0.1738,0.1742,127022.9
1733763600000.0,0.1742,0.176,0.1721,0.1723,87712.7
1733767200000.0,0.1731,0.1742,0.1727,0.1731,62758.3
1733770800000.0,0.1731,0.1731,0.1697,0.1698,75041.3
1733774400000.0,0.1701,0.1707,0.1572,0.1585,1115087.6
1733778000000.0,0.1583,0.1587,0.1249,0.1472,1450085.6
1733781600000.0,0.1469,0.1512,0.1345,0.1494,2497944.0
1733785200000.0,0.1494,0.1572,0.1478,0.1548,1347210.8
1733788800000.0,0.1533,0.1581,0.1487,0.1548,426366.7
1733792400000.0,0.1548,0.1561,0.1504,0.1523,340351.7
1733796000000.0,0.1526,0.1526,0.145,0.145,280602.4
1733799600000.0,0.1452,0.1465,0.1393,0.1445,1271849.6
1733803200000.0,0.1449,0.1488,0.1422,0.1488,216634.3
1733806800000.0,0.1488,0.1507,0.1474,0.1501,420935.3
1733810400000.0,0.15,0.152,0.1491,0.1511,68229.7
1733814000000.0,0.1512,0.1513,0.1491,0.1496,38460.7
1733817600000.0,0.1496,0.1514,0.1483,0.1511,50038.8
1733821200000.0,0.1506,0.1517,0.1487,0.1494,83229.3
1733824800000.0,0.1499,0.1514,0.1498,0.15,82070.3
1733828400000.0,0.1496,0.1504,0.1479,0.1484,233669.5
1733832000000.0,0.1484,0.1488,0.1414,0.1424,166775.2
1733835600000.0,0.143,0.1518,0.1417,0.1468,3391421.5
1733839200000.0,0.1466,0.1608,0.1448,0.146,2046724.6
1733842800000.0,0.1459,0.1475,0.1363,0.1363,1289161.5
1733846400000.0,0.1363,0.1433,0.1348,0.1416,807297.9
1733850000000.0,0.1407,0.1407,0.1341,0.1341,774029.7
1733853600000.0,0.1342,0.143,0.1342,0.1403,1467338.0
1733857200000.0,0.14,0.1446,0.1398,0.1434,357062.7
1733860800000.0,0.1432,0.1454,0.143,0.1452,182597.4
1733864400000.0,0.1451,0.1481,0.1451,0.1475,208637.9
1733868000000.0,0.1475,0.1489,0.1462,0.1478,130329.1
1733871600000.0,0.1478,0.149,0.1471,0.148,89985.8
1733875200000.0,0.1485,0.1512,0.1442,0.146,512630.2
1733878800000.0,0.1457,0.1463,0.1419,0.143,257260.5
1733882400000.0,0.1432,0.1513,0.1431,0.1495,235454.4
1733886000000.0,0.1497,0.155,0.1497,0.1515,789784.0
1733889600000.0,0.1514,0.1545,0.1514,0.1531,356600.6
1733893200000.0,0.1531,0.1542,0.1502,0.1514,244032.0
1733896800000.0,0.1507,0.1514,0.1503,0.1509,145775.8
1733900400000.0,0.1517,0.153,0.1499,0.1505,87018.0
1733904000000.0,0.15,0.1557,0.15,0.1546,20772.3
1733907600000.0,0.1556,0.156,0.1528,0.1543,58332.0
1733911200000.0,0.1542,0.1549,0.1539,0.1544,36219.4
1733914800000.0,0.1539,0.1562,0.1526,0.1544,356137.9
1733918400000.0,0.1547,0.1573,0.1545,0.1562,365561.2
1733922000000.0,0.1563,0.161,0.1559,0.1594,192444.8
1733925600000.0,0.1584,0.1647,0.1576,0.1631,258409.1
1733929200000.0,0.1627,0.1676,0.1624,0.1663,502393.5
1733932800000.0,0.1675,0.1714,0.167,0.1675,546506.1
1733936400000.0,0.1675,0.1697,0.1643,0.1651,465101.1
1733940000000.0,0.1657,0.1669,0.1626,0.1644,1002451.7
1733943600000.0,0.1643,0.1654,0.1628,0.1638,438986.2
1733947200000.0,0.164,0.1644,0.1626,0.1632,144353.6
1733950800000.0,0.163,0.1633,0.1624,0.163,123730.5
1733954400000.0,0.164,0.1644,0.163,0.1641,41539.7
1733958000000.0,0.1644,0.1644,0.1632,0.1635,42505.1
1733961600000.0,0.163,0.1655,0.1621,0.163,169246.1
1733965200000.0,0.1638,0.1662,0.1638,0.1654,191505.3
1733968800000.0,0.1658,0.1704,0.1657,0.1704,104419.4
1733972400000.0,0.1697,0.1746,0.1692,0.1725,372486.1
1733976000000.0,0.1728,0.1739,0.1719,0.1736,94091.9
1733979600000.0,0.1737,0.1774,0.1736,0.1739,160797.0
1733983200000.0,0.1749,0.1768,0.1737,0.1767,107852.6
1733986800000.0,0.1767,0.177,0.1734,0.1753,260166.9
1733990400000.0,0.175,0.176,0.1743,0.1745,60629.9
1733994000000.0,0.1746,0.1749,0.1726,0.1726,57438.4
1733997600000.0,0.1725,0.1725,0.1705,0.1721,156057.2
1734001200000.0,0.1715,0.1721,0.1701,0.1721,159950.8
1734004800000.0,0.1723,0.1744,0.1723,0.1739,79713.0
1734008400000.0,0.1732,0.1755,0.1715,0.1721,311225.8
1734012000000.0,0.1718,0.1744,0.1716,0.1733,244413.8
1734015600000.0,0.1736,0.1742,0.1709,0.1733,107968.5
1734019200000.0,0.1734,0.1749,0.1725,0.1742,190352.8
1734022800000.0,0.1742,0.1751,0.1724,0.1741,65073.5
1734026400000.0,0.1739,0.1739,0.171,0.1721,43190.9
1734030000000.0,0.1721,0.1726,0.167,0.1686,221792.6
1734033600000.0,0.1684,0.1707,0.1676,0.1707,110778.1
1734037200000.0,0.17,0.1707,0.1683,0.1683,73707.5
1734040800000.0,0.1685,0.1697,0.1671,0.1693,72793.1
1734044400000.0,0.1694,0.1702,0.1682,0.1697,69740.4
1734048000000.0,0.17,0.1703,0.1679,0.1679,24350.0
1734051600000.0,0.1673,0.1678,0.1648,0.1677,59888.3
1734055200000.0,0.1678,0.1714,0.1678,0.1697,34431.0
1734058800000.0,0.1699,0.1707,0.1685,0.1699,87067.6
1734062400000.0,0.17,0.1701,0.1683,0.1683,109929.8
1734066000000.0,0.1689,0.1697,0.1678,0.168,116239.6
1734069600000.0,0.1685,0.1687,0.1651,0.1651,165693.0
1734073200000.0,0.165,0.1672,0.1641,0.1663,65524.8
1734076800000.0,0.1664,0.1693,0.1654,0.1693,137096.9
1734080400000.0,0.1688,0.1688,0.1661,0.168,73734.9
1734084000000.0,0.1679,0.1686,0.1658,0.1683,107810.5
1734087600000.0,0.1686,0.1698,0.1681,0.169,85209.6
1734091200000.0,0.1692,0.1707,0.169,0.1696,56228.6
1734094800000.0,0.1689,0.1689,0.1656,0.1669,37455.3
1734098400000.0,0.1671,0.1684,0.1649,0.1684,90726.3
1734102000000.0,0.1683,0.1691,0.1643,0.1651,110254.2
1734105600000.0,0.1655,0.1693,0.1643,0.1682,146545.8
1734109200000.0,0.1682,0.1693,0.1661,0.1691,165210.4
1734112800000.0,0.1687,0.1709,0.1678,0.17,191827.8
1734116400000.0,0.1701,0.171,0.1684,0.1702,492965.3
1734120000000.0,0.17,0.1725,0.1697,0.1706,75634.8
1734123600000.0,0.1705,0.1715,0.1691,0.1691,137708.1
1734127200000.0,0.1692,0.1692,0.1662,0.1678,230388.1
1734130800000.0,0.1677,0.1707,0.1677,0.1706,57712.2
1734134400000.0,0.1705,0.172,0.1688,0.1703,113103.9
1734138000000.0,0.1704,0.1739,0.1702,0.1719,299809.5
1734141600000.0,0.1717,0.1717,0.17,0.1712,72523.3
1734145200000.0,0.1711,0.1711,0.169,0.1694,26567.9
1734148800000.0,0.1697,0.1702,0.169,0.1699,81955.3
1734152400000.0,0.17,0.171,0.1695,0.1704,195584.8
1734156000000.0,0.171,0.1724,0.1707,0.1711,32981.6
1734159600000.0,0.1705,0.1705,0.1682,0.1697,31532.1
1734163200000.0,0.1695,0.1707,0.1678,0.1689,275720.7
1734166800000.0,0.1686,0.1686,0.1673,0.1673,100374.4
1734170400000.0,0.167,0.1671,0.1653,0.1665,136407.0
1734174000000.0,0.1668,0.1668,0.165,0.1653,33631.6
1734177600000.0,0.1652,0.1656,0.1626,0.1626,215410.5
1734181200000.0,0.1625,0.1633,0.1588,0.1615,183038.8
1734184800000.0,0.1618,0.1628,0.1608,0.1608,48748.2
1734188400000.0,0.1608,0.1614,0.1601,0.1601,117094.1
1734192000000.0,0.16,0.161,0.1586,0.1604,361317.8
1734195600000.0,0.16,0.1605,0.1573,0.1574,106558.9
1734199200000.0,0.1572,0.1583,0.1548,0.1559,585927.7
1734202800000.0,0.1559,0.1581,0.1556,0.1579,129635.2
1734206400000.0,0.158,0.1584,0.1555,0.1559,55783.4
1734210000000.0,0.1558,0.1577,0.1555,0.1575,61797.8
1734213600000.0,0.1573,0.1583,0.1562,0.1575,48024.2
1734217200000.0,0.1576,0.1601,0.1572,0.1586,270628.5
1734220800000.0,0.1584,0.1588,0.1542,0.156,131419.5
1734224400000.0,0.1565,0.16,0.1565,0.1591,115911.1
1734228000000.0,0.159,0.1591,0.1578,0.1578,41947.3
1734231600000.0,0.1575,0.1577,0.1559,0.1559,16481.4
1734235200000.0,0.156,0.1584,0.156,0.1567,41002.6
1734238800000.0,0.1571,0.1579,0.156,0.156,14429.0
1734242400000.0,0.1554,0.1555,0.1528,0.1528,54339.3
1734246000000.0,0.1529,0.153,0.15,0.1524,117803.5
1734249600000.0,0.1517,0.1551,0.1514,0.155,47288.8
1734253200000.0,0.1548,0.157,0.1544,0.1567,18049.9
1734256800000.0,0.1564,0.1571,0.155,0.155,36014.2
1734260400000.0,0.1556,0.1564,0.1553,0.1564,17378.8
1734264000000.0,0.1552,0.1565,0.1543,0.1563,38632.3
1734267600000.0,0.1559,0.1611,0.155,0.1599,220695.8
1734271200000.0,0.16,0.1612,0.1594,0.1612,83176.7
1734274800000.0,0.1609,0.1609,0.1595,0.1606,20468.3
1734278400000.0,0.1602,0.1602,0.1587,0.159,32749.6
1734282000000.0,0.159,0.159,0.1569,0.1569,14783.1
1734285600000.0,0.157,0.157,0.1556,0.1569,10511.1
1734289200000.0,0.1576,0.1576,0.1565,0.1566,19363.5
1734292800000.0,0.1564,0.1565,0.1551,0.1551,10579.2
1734296400000.0,0.1547,0.1547,0.1505,0.1505,98644.9
1734300000000.0,0.1503,0.153,0.15,0.153,201957.9
1734303600000.0,0.1541,0.158,0.1537,0.1575,202948.5
1734307200000.0,0.1573,0.164,0.1566,0.1622,334844.6
1734310800000.0,0.1616,0.164,0.161,0.1618,353406.5
1734314400000.0,0.162,0.162,0.1573,0.1584,238331.7
1734318000000.0,0.1585,0.1592,0.1563,0.1563,14108.7
1734321600000.0,0.1561,0.1572,0.1558,0.1558,62357.2
1734325200000.0,0.1568,0.157,0.1556,0.1558,22564.8
1734328800000.0,0.1566,0.1572,0.1531,0.1531,72890.0
1734332400000.0,0.1536,0.1558,0.1536,0.1552,34710.9
1734336000000.0,0.154,0.154,0.1525,0.1529,164155.9
1734339600000.0,0.1526,0.1528,0.1501,0.1501,14403.3
1734343200000.0,0.1505,0.1505,0.1485,0.1492,216098.7
1734346800000.0,0.1491,0.1493,0.1468,0.1472,63724.6
1734350400000.0,0.1467,0.1489,0.1463,0.1463,162330.5
1734354000000.0,0.1457,0.1475,0.1456,0.1469,34054.1
1734357600000.0,0.1469,0.1501,0.1469,0.1486,63657.0
1734361200000.0,0.1482,0.1511,0.148,0.1505,181856.4
1734364800000.0,0.1505,0.1521,0.1501,0.1519,125257.2
1734368400000.0,0.1527,0.1546,0.1526,0.153,36642.2
1734372000000.0,0.1532,0.1547,0.1523,0.1539,75687.1
1734375600000.0,0.1538,0.1544,0.1493,0.151,1244535.0
1734379200000.0,0.1511,0.1533,0.1507,0.1509,53796.8
1734382800000.0,0.151,0.152,0.151,0.1518,32230.9
1734386400000.0,0.1518,0.152,0.1487,0.1494,71563.6
1734390000000.0,0.1497,0.1498,0.1473,0.1475,71518.1
1734393600000.0,0.1473,0.148,0.145,0.1451,1483507.5
1734397200000.0,0.1455,0.1472,0.1453,0.1466,881590.5
1734400800000.0,0.1464,0.1474,0.1451,0.1452,175058.6
1734404400000.0,0.1452,0.1465,0.1452,0.1458,189713.5
1734408000000.0,0.1457,0.1457,0.1422,0.1433,71936.0
1734411600000.0,0.143,0.1434,0.1424,0.1425,85553.5
1734415200000.0,0.1424,0.1424,0.1403,0.1405,177023.9
1734418800000.0,0.1408,0.1417,0.1391,0.1403,215615.1
1734422400000.0,0.1401,0.1402,0.1389,0.1395,750000.1
1734426000000.0,0.1395,0.1423,0.139,0.1419,1083358.6
1734429600000.0,0.1418,0.1418,0.139,0.1401,211376.9
1734433200000.0,0.1401,0.1402,0.139,0.1394,121196.6
1734436800000.0,0.1398,0.1398,0.1368,0.1382,557032.1
1734440400000.0,0.1379,0.1399,0.1353,0.1354,652964.5
1734444000000.0,0.1355,0.1359,0.1329,0.1335,2326251.1
1734447600000.0,0.1335,0.1343,0.1306,0.1316,1380851.6
1734451200000.0,0.131,0.1336,0.1305,0.1336,395402.4
1734454800000.0,0.1336,0.1351,0.1324,0.1344,559167.8
1734458400000.0,0.1341,0.135,0.1331,0.1332,509038.7
1734462000000.0,0.1334,0.1343,0.1322,0.1339,489690.4
1734465600000.0,0.1339,0.1351,0.1333,0.1333,459171.6
1734469200000.0,0.1332,0.1342,0.1322,0.1323,396062.1
1734472800000.0,0.1323,0.1339,0.129,0.1297,825580.1
1734476400000.0,0.1293,0.1302,0.1273,0.1296,988467.7
1734480000000.0,0.1297,0.1299,0.126,0.1278,714741.2
1734483600000.0,0.1272,0.1287,0.1251,0.1255,914423.7
1734487200000.0,0.1255,0.1275,0.1251,0.1266,429503.5
1734490800000.0,0.1267,0.1271,0.1248,0.1248,187023.0
1734494400000.0,0.1251,0.1289,0.1231,0.1241,854474.0
1734498000000.0,0.124,0.1275,0.1233,0.1237,698021.1
1734501600000.0,0.124,0.127,0.1218,0.1224,618109.3
1734505200000.0,0.1224,0.1272,0.122,0.1227,790305.4
1734508800000.0,0.1229,0.1231,0.0978,0.1094,11409410.0
1734512400000.0,0.1091,0.1123,0.1051,0.1095,4611483.2
1734516000000.0,0.1096,0.1123,0.1081,0.1092,1854908.8
1734519600000.0,0.1092,0.1114,0.0976,0.1021,6137327.1
1734523200000.0,0.1021,0.1059,0.0925,0.0968,10259727.2
1734526800000.0,0.0979,0.1104,0.0914,0.1103,7533910.3
1734530400000.0,0.1103,0.1104,0.099,0.1011,4400542.5
1734534000000.0,0.1006,0.1025,0.0863,0.0863,7114708.6
1734537600000.0,0.0863,0.0864,0.0703,0.0753,35117041.5
1734541200000.0,0.0746,0.085,0.074,0.0837,18699789.2
1734544800000.0,0.0832,0.0893,0.079,0.0859,11679266.7
1734548400000.0,0.0867,0.095,0.0855,0.0933,8651191.4
1734552000000.0,0.0917,0.0933,0.0795,0.0878,11469587.9
1734555600000.0,0.0879,0.1,0.0861,0.0975,9134514.8
1734559200000.0,0.0975,0.099,0.092,0.0934,4381178.1
1734562800000.0,0.0933,0.0964,0.0894,0.0915,2949078.6
1734566400000.0,0.0917,0.0931,0.0841,0.0894,4501680.5
1734570000000.0,0.0894,0.0907,0.0658,0.0677,9514020.8
1734573600000.0,0.0673,0.0744,0.066,0.0723,37933458.8
1734577200000.0,0.0723,0.0805,0.0712,0.078,19514507.8
1734580800000.0,0.0775,0.0788,0.0738,0.0776,9877014.5
1734584400000.0,0.0775,0.0777,0.0714,0.073,7600612.5
1734588000000.0,0.073,0.0747,0.0713,0.0724,10970796.0
1734591600000.0,0.0724,0.0727,0.0706,0.0717,6722885.9
1734595200000.0,0.0717,0.0752,0.0708,0.0726,9107465.5
1734598800000.0,0.0729,0.0729,0.0692,0.0699,5462166.7
1734602400000.0,0.0696,0.0701,0.0651,0.0674,10858369.3
1734606000000.0,0.0674,0.0795,0.0672,0.0756,20979182.1
1734609600000.0,0.0757,0.0794,0.0713,0.0716,12367829.0
1734613200000.0,0.0715,0.0735,0.07,0.0721,7345480.0
1734616800000.0,0.0724,0.0737,0.071,0.0718,10448643.8
1734620400000.0,0.0718,0.0723,0.0684,0.07,10691421.9
1734624000000.0,0.07,0.0763,0.0696,0.0706,9615921.5
1734627600000.0,0.071,0.0715,0.0669,0.0677,6368614.0
1734631200000.0,0.0675,0.0689,0.0656,0.0685,9351068.8
1734634800000.0,0.0684,0.073,0.0651,0.0664,8235675.6
1734638400000.0,0.0665,0.0687,0.0656,0.0684,7522253.8
1734642000000.0,0.0684,0.0717,0.0679,0.0696,8574276.2
1734645600000.0,0.0698,0.0704,0.0681,0.0691,3375261.2
1734649200000.0,0.069,0.071,0.0688,0.071,4672760.9
1734652800000.0,0.071,0.072,0.0673,0.0684,5885569.6
1734656400000.0,0.0686,0.0742,0.0674,0.073,9997513.0
1734660000000.0,0.0732,0.0738,0.0707,0.0731,8107690.0
1734663600000.0,0.0732,0.0749,0.0716,0.0721,5447007.3
1734667200000.0,0.0721,0.0727,0.0701,0.0704,4027923.6
1734670800000.0,0.0709,0.0712,0.0694,0.0698,1945775.7
1734674400000.0,0.0696,0.0706,0.068,0.0685,2734639.7
1734678000000.0,0.0687,0.0729,0.0687,0.0704,3200692.6
1734681600000.0,0.0703,0.0707,0.0672,0.0682,3789655.1
1734685200000.0,0.0682,0.0685,0.0652,0.0655,2864309.6
1734688800000.0,0.0655,0.0673,0.0645,0.0658,5349025.2
1734692400000.0,0.0658,0.0695,0.0657,0.0665,8918212.2
1734696000000.0,0.0665,0.0716,0.0659,0.0701,7399032.5
1734699600000.0,0.0701,0.0736,0.0692,0.0735,6434718.7
1734703200000.0,0.0735,0.0735,0.0707,0.0707,4011209.5
1734706800000.0,0.0706,0.0736,0.0704,0.0722,5431978.2
1734710400000.0,0.0719,0.0734,0.0711,0.0719,4986445.8
1734714000000.0,0.0719,0.0759,0.0713,0.0737,6002588.9
1734717600000.0,0.0736,0.0763,0.0725,0.0757,6823167.1
1734721200000.0,0.0756,0.0817,0.0742,0.0768,17348478.2
1734724800000.0,0.0768,0.0789,0.0749,0.0757,7636675.7
1734728400000.0,0.0757,0.0765,0.0741,0.0759,2053718.2
1734732000000.0,0.0757,0.0774,0.075,0.0751,2348531.1
1734735600000.0,0.0752,0.0766,0.0746,0.0752,3211516.0
1734739200000.0,0.075,0.0758,0.073,0.0737,3757490.1
1734742800000.0,0.0738,0.0743,0.0723,0.0732,3301816.3
1734746400000.0,0.0732,0.0745,0.0727,0.0729,3855883.3
1734750000000.0,0.0729,0.0744,0.0728,0.074,2326561.1
1734753600000.0,0.0741,0.0744,0.0728,0.0737,2233940.9
1734757200000.0,0.0737,0.0743,0.0726,0.0737,2192129.4
1734760800000.0,0.0737,0.074,0.0726,0.0732,2901037.5
1734764400000.0,0.0733,0.074,0.0728,0.0728,1566744.8
1734768000000.0,0.0728,0.0731,0.0701,0.0705,2811668.5
1734771600000.0,0.0705,0.0707,0.0682,0.0689,3939077.0
1734775200000.0,0.0691,0.0697,0.0686,0.0693,3186249.7
1734778800000.0,0.0693,0.0706,0.0689,0.0704,2165836.6
1734782400000.0,0.0703,0.0707,0.069,0.0691,3073477.4
1734786000000.0,0.069,0.0699,0.0663,0.0684,4657229.2
1734789600000.0,0.0684,0.0692,0.0671,0.068,3440902.0
1734793200000.0,0.0681,0.0683,0.0672,0.0679,2718162.4
1734796800000.0,0.0678,0.0686,0.0667,0.0674,2323416.7
1734800400000.0,0.0673,0.0682,0.0666,0.0672,3145652.8
1734804000000.0,0.0672,0.0677,0.0666,0.0668,2592675.2
1734807600000.0,0.067,0.0688,0.0662,0.0676,5368021.9
1734811200000.0,0.0675,0.0679,0.065,0.0663,3536704.6
1734814800000.0,0.0663,0.0668,0.0654,0.0658,2499836.9
1734818400000.0,0.0658,0.0679,0.0646,0.0679,6045728.6
1734822000000.0,0.068,0.0685,0.0666,0.0676,2151236.0
1734825600000.0,0.0676,0.0694,0.0671,0.0691,1702998.7
1734829200000.0,0.0688,0.0698,0.0675,0.0687,2303036.2
1734832800000.0,0.0686,0.0689,0.0672,0.0675,738036.9
1734836400000.0,0.0674,0.0681,0.0667,0.0681,1118367.3
1734840000000.0,0.068,0.0681,0.0659,0.0661,1127954.8
1734843600000.0,0.0661,0.067,0.0656,0.0668,966105.3
1734847200000.0,0.0668,0.0685,0.0664,0.0685,1281361.7
1734850800000.0,0.0685,0.075,0.0681,0.0726,7045348.2
1734854400000.0,0.073,0.0745,0.0675,0.0677,2957677.8
1734858000000.0,0.0677,0.0684,0.0669,0.0678,1079745.4
1734861600000.0,0.0679,0.0702,0.0679,0.0692,1261783.0
1734865200000.0,0.0695,0.071,0.0684,0.0707,1692535.7
1734868800000.0,0.0706,0.0712,0.0694,0.0702,1840970.4
1734872400000.0,0.0701,0.0708,0.0688,0.0701,2621411.4
1734876000000.0,0.0701,0.0701,0.0676,0.0678,2160134.3
1734879600000.0,0.0684,0.0692,0.0679,0.0684,1563800.0
1734883200000.0,0.0681,0.0695,0.0678,0.0691,1588513.8
1734886800000.0,0.0691,0.0697,0.0688,0.0691,1058059.0
1734890400000.0,0.0691,0.0694,0.0681,0.0686,1415277.0
1734894000000.0,0.0686,0.0687,0.0668,0.0671,1922895.5
1734897600000.0,0.0671,0.0681,0.0659,0.0679,3651857.7
1734901200000.0,0.0679,0.0687,0.0672,0.0681,1271201.9
1734904800000.0,0.0677,0.068,0.0668,0.0677,1106712.7
1734908400000.0,0.0676,0.0684,0.0674,0.068,811649.8
1734912000000.0,0.0678,0.0679,0.0664,0.0667,3780526.4
1734915600000.0,0.0668,0.0681,0.066,0.0671,2860327.9
1734919200000.0,0.0672,0.0678,0.0663,0.0675,788948.2
1734922800000.0,0.0675,0.07,0.0674,0.0694,2262356.2
1734926400000.0,0.0694,0.0696,0.0685,0.0687,1680045.3
1734930000000.0,0.0687,0.0691,0.0678,0.068,700652.2
1734933600000.0,0.0681,0.0682,0.0666,0.0669,819038.0
1734937200000.0,0.0668,0.0679,0.0665,0.0677,1219995.3
1734940800000.0,0.0675,0.0692,0.067,0.068,10101649.7
1734944400000.0,0.0681,0.0682,0.0611,0.062,11914415.6
1734948000000.0,0.0623,0.0633,0.0551,0.0585,21185882.8
1734951600000.0,0.0586,0.0605,0.0539,0.0541,15086911.1
1734955200000.0,0.0542,0.0588,0.0527,0.0571,18326917.8
1734958800000.0,0.0572,0.0577,0.055,0.0568,6803962.9
1734962400000.0,0.0567,0.0592,0.0557,0.0579,5923192.1
1734966000000.0,0.0579,0.0599,0.0575,0.0596,7066263.2
1734969600000.0,0.0597,0.063,0.0587,0.0601,12662245.5
1734973200000.0,0.0601,0.0616,0.0587,0.06,6076164.1
1734976800000.0,0.0601,0.0601,0.0586,0.0593,3870101.1
1734980400000.0,0.0593,0.061,0.0591,0.0604,3674669.7
1734984000000.0,0.0603,0.0628,0.0597,0.0622,4445267.0
1734987600000.0,0.0621,0.0626,0.0612,0.0617,6266462.3
1734991200000.0,0.0615,0.0621,0.0602,0.0617,4770717.4
1734994800000.0,0.0619,0.0625,0.0605,0.0615,6460944.1
1734998400000.0,0.0618,0.0618,0.0603,0.0617,3091145.9
1735002000000.0,0.0615,0.0618,0.0586,0.0603,4725523.9
1735005600000.0,0.0602,0.062,0.0586,0.0599,4327534.7
1735009200000.0,0.0598,0.0602,0.0591,0.0598,1764626.1
1735012800000.0,0.0596,0.061,0.0589,0.0608,2080253.7
1735016400000.0,0.061,0.0615,0.06,0.0604,1681293.4
1735020000000.0,0.0602,0.0604,0.0586,0.0592,2251800.1
1735023600000.0,0.0592,0.0594,0.0585,0.0588,1759062.8
1735027200000.0,0.0588,0.0591,0.0558,0.056,4695342.3
1735030800000.0,0.0562,0.0575,0.0529,0.0534,9872846.4
1735034400000.0,0.0532,0.0577,0.0521,0.0533,10326415.7
1735038000000.0,0.0534,0.0557,0.0532,0.0547,6331100.6
1735041600000.0,0.0547,0.058,0.0542,0.0559,13309153.7
1735045200000.0,0.056,0.0587,0.0559,0.0569,6820831.2
1735048800000.0,0.0567,0.0597,0.056,0.0584,8547503.9
1735052400000.0,0.059,0.0597,0.0574,0.0595,9055574.1
1735056000000.0,0.0596,0.0599,0.0575,0.0584,8146699.7
1735059600000.0,0.0584,0.0605,0.0582,0.0598,8189337.9
1735063200000.0,0.0598,0.0632,0.0594,0.0608,13238908.3
1735066800000.0,0.061,0.0624,0.058,0.0589,9568716.9
1735070400000.0,0.0588,0.0612,0.0571,0.0583,12094729.9
1735074000000.0,0.0583,0.0608,0.0572,0.0579,12440205.7
1735077600000.0,0.0578,0.0603,0.0578,0.0586,9501274.6
1735081200000.0,0.0586,0.0594,0.0561,0.0566,7551147.7
1735084800000.0,0.0565,0.059,0.0562,0.0581,5776151.5
1735088400000.0,0.0581,0.0616,0.0578,0.0604,17048303.1
1735092000000.0,0.0603,0.0607,0.0566,0.0582,11613570.2
1735095600000.0,0.0584,0.0592,0.0573,0.0581,2973746.4
1735099200000.0,0.0581,0.0583,0.0571,0.0577,1310030.7
1735102800000.0,0.0578,0.059,0.0573,0.059,1744220.9
1735106400000.0,0.0589,0.0593,0.0583,0.0588,1252445.6
1735110000000.0,0.0587,0.0598,0.0586,0.0593,2247320.5
1735113600000.0,0.0592,0.0597,0.0591,0.0594,669691.9
1735117200000.0,0.0592,0.0597,0.0592,0.0592,609982.8
1735120800000.0,0.059,0.0608,0.0581,0.0602,2609412.4
1735124400000.0,0.0606,0.0609,0.0583,0.0583,2876632.4
1735128000000.0,0.0583,0.0601,0.058,0.0588,2131117.9
1735131600000.0,0.0587,0.0598,0.0584,0.0588,1888339.2
1735135200000.0,0.0588,0.0603,0.0583,0.06,3349468.6
1735138800000.0,0.0598,0.0601,0.0582,0.0594,3044364.2
1735142400000.0,0.0596,0.0596,0.0582,0.0584,2710787.2
1735146000000.0,0.0584,0.0595,0.0582,0.0593,2447437.3
1735149600000.0,0.0593,0.0597,0.0585,0.0591,1369067.0
1735153200000.0,0.0589,0.0591,0.0575,0.0585,2802354.8
1735156800000.0,0.0585,0.0589,0.0579,0.0588,693802.8
1735160400000.0,0.0589,0.059,0.058,0.0586,1319741.2
1735164000000.0,0.0586,0.059,0.058,0.0581,1862737.3
1735167600000.0,0.058,0.0584,0.054,0.0571,7232906.2
1735171200000.0,0.0572,0.0579,0.0565,0.0577,1988351.9
1735174800000.0,0.0578,0.0584,0.0564,0.0574,2254794.3
1735178400000.0,0.0573,0.0581,0.057,0.0577,641353.8
1735182000000.0,0.0577,0.0579,0.0551,0.0566,2824810.6
1735185600000.0,0.0566,0.0573,0.0557,0.0571,1930690.4
1735189200000.0,0.0569,0.0572,0.0545,0.0553,3715955.2
1735192800000.0,0.0552,0.0558,0.0531,0.0542,4486971.4
1735196400000.0,0.054,0.0565,0.0538,0.0558,2434284.1
1735200000000.0,0.056,0.0564,0.0536,0.0554,1612743.3
1735203600000.0,0.0552,0.057,0.0547,0.056,2731887.1
1735207200000.0,0.0565,0.0576,0.0559,0.0562,1839621.2
1735210800000.0,0.0569,0.0569,0.056,0.0565,287463.8
1735214400000.0,0.0564,0.0575,0.0558,0.0568,1934654.2
1735218000000.0,0.0568,0.0584,0.0565,0.0575,2666759.6
1735221600000.0,0.0575,0.0578,0.056,0.0563,1220147.7
1735225200000.0,0.0566,0.0572,0.0551,0.0562,1812993.6
1735228800000.0,0.0561,0.0568,0.0553,0.0563,698337.4
1735232400000.0,0.0566,0.0571,0.0554,0.0568,1737365.5
1735236000000.0,0.0568,0.0569,0.0542,0.0549,4271952.6
1735239600000.0,0.0549,0.0566,0.0545,0.0558,1565585.2
1735243200000.0,0.0558,0.0561,0.0549,0.0551,1458241.7
1735246800000.0,0.0553,0.0562,0.054,0.0548,3709931.5
1735250400000.0,0.0548,0.0568,0.0548,0.0559,568242.9
1735254000000.0,0.0558,0.0561,0.0546,0.0551,1122520.5
1735257600000.0,0.0551,0.0554,0.0525,0.0539,3251331.8
1735261200000.0,0.054,0.0547,0.0536,0.0537,818693.9
1735264800000.0,0.0539,0.0548,0.053,0.0539,2865817.1
1735268400000.0,0.0538,0.0542,0.0531,0.0538,1072002.9
1735272000000.0,0.0539,0.055,0.0535,0.0545,1522653.6
1735275600000.0,0.0546,0.0547,0.0532,0.0541,2052123.6
1735279200000.0,0.0541,0.0566,0.0538,0.0563,2475751.2
1735282800000.0,0.0563,0.0569,0.055,0.0558,1054747.1
1735286400000.0,0.0555,0.0572,0.0555,0.0563,2448220.2
1735290000000.0,0.0564,0.0571,0.0554,0.0565,1731816.0
1735293600000.0,0.0564,0.0565,0.0556,0.0562,357469.0
1735297200000.0,0.0561,0.0562,0.055,0.0554,661638.6
1735300800000.0,0.0556,0.0562,0.055,0.0555,512335.8
1735304400000.0,0.0556,0.0558,0.0547,0.0547,1197356.3
1735308000000.0,0.0547,0.0559,0.0541,0.0542,1690594.1
1735311600000.0,0.0542,0.0545,0.0536,0.0536,2781122.2
1735315200000.0,0.0537,0.0575,0.0536,0.0555,5560121.2
1735318800000.0,0.0554,0.0558,0.0545,0.0554,1127676.9
1735322400000.0,0.0551,0.0555,0.0545,0.0549,994258.9
1735326000000.0,0.0546,0.0561,0.0546,0.056,1713504.4
1735329600000.0,0.056,0.0567,0.0551,0.0553,939968.7
1735333200000.0,0.0553,0.0565,0.055,0.0558,921034.3
1735336800000.0,0.0556,0.0568,0.0549,0.055,2160191.0
1735340400000.0,0.0554,0.0563,0.0545,0.0548,1478792.6
1735344000000.0,0.0548,0.0563,0.0548,0.0554,965925.9
1735347600000.0,0.0554,0.0566,0.0542,0.0558,1204491.1
1735351200000.0,0.0556,0.0567,0.0551,0.056,858036.8
1735354800000.0,0.056,0.0572,0.0558,0.0562,1286387.1
1735358400000.0,0.0562,0.057,0.0557,0.0567,595763.8
1735362000000.0,0.0567,0.057,0.0562,0.0569,588250.0
1735365600000.0,0.0568,0.057,0.0559,0.0561,507370.9
1735369200000.0,0.0562,0.057,0.0553,0.0569,1209662.3
1735372800000.0,0.0569,0.0581,0.0557,0.0567,1726165.7
1735376400000.0,0.0567,0.0584,0.0545,0.0559,4905235.9
1735380000000.0,0.0563,0.0564,0.0556,0.0556,422646.1
1735383600000.0,0.0557,0.0566,0.0556,0.0563,421321.7
1735387200000.0,0.0563,0.0564,0.0557,0.0557,340258.3
1735390800000.0,0.0557,0.056,0.054,0.0548,2729033.8
1735394400000.0,0.0551,0.056,0.0549,0.0552,784625.5
1735398000000.0,0.0549,0.0565,0.0546,0.0559,989468.8
1735401600000.0,0.056,0.0563,0.0555,0.0563,200155.2
1735405200000.0,0.0562,0.0571,0.0543,0.0556,2831325.4
1735408800000.0,0.0555,0.0557,0.0542,0.0551,2469228.2
1735412400000.0,0.0551,0.0555,0.0541,0.0543,3017099.7
1735416000000.0,0.0545,0.0552,0.0542,0.055,1090655.0
1735419600000.0,0.0551,0.0556,0.055,0.0555,676419.4
1735423200000.0,0.0555,0.0557,0.055,0.0552,320215.2
1735426800000.0,0.0551,0.0559,0.0543,0.0545,1649963.7
1735430400000.0,0.0547,0.0552,0.0542,0.0547,703209.4
1735434000000.0,0.0546,0.055,0.054,0.0546,1051250.0
1735437600000.0,0.0546,0.055,0.0544,0.0548,469693.3
1735441200000.0,0.0549,0.0555,0.0547,0.0553,589046.1
1735444800000.0,0.0553,0.0561,0.0553,0.0558,750887.6
1735448400000.0,0.0558,0.0559,0.0548,0.0548,628246.4
1735452000000.0,0.0548,0.0554,0.0546,0.0546,472105.4
1735455600000.0,0.055,0.0577,0.0547,0.0554,4706581.0
1735459200000.0,0.0552,0.0557,0.0551,0.0552,561017.1
1735462800000.0,0.0553,0.0555,0.0548,0.0549,737630.8
1735466400000.0,0.055,0.0568,0.0549,0.0552,3119681.0
1735470000000.0,0.0552,0.0554,0.0548,0.0551,367395.5
1735473600000.0,0.0551,0.0557,0.055,0.0554,399563.5
1735477200000.0,0.0554,0.0568,0.055,0.0561,951929.0
1735480800000.0,0.0561,0.0567,0.0553,0.0558,799834.2
1735484400000.0,0.0557,0.0579,0.0553,0.0565,4929259.8
1735488000000.0,0.0564,0.0566,0.0545,0.0548,2180836.3
1735491600000.0,0.0546,0.0556,0.0545,0.0556,489251.2
1735495200000.0,0.0556,0.057,0.0552,0.0567,2410704.7
1735498800000.0,0.0567,0.0575,0.055,0.0555,3968608.6
1735502400000.0,0.0554,0.0563,0.0552,0.0558,702472.4
1735506000000.0,0.0559,0.0565,0.0548,0.0561,2041662.9
1735509600000.0,0.0562,0.0563,0.0549,0.0559,1654731.9
1735513200000.0,0.0556,0.056,0.0551,0.0553,687850.0
1735516800000.0,0.0555,0.0564,0.0552,0.0563,733206.6
1735520400000.0,0.0563,0.057,0.0558,0.0566,1645950.7
1735524000000.0,0.0563,0.0569,0.0561,0.0566,187697.9
1735527600000.0,0.0566,0.0566,0.0563,0.0564,204633.3
1735531200000.0,0.0564,0.0565,0.0559,0.0565,380107.7
1735534800000.0,0.0564,0.0585,0.0564,0.0578,3090860.1
1735538400000.0,0.0577,0.0604,0.0576,0.0597,3350870.3
1735542000000.0,0.0596,0.0625,0.0572,0.0577,10146335.9
1735545600000.0,0.0579,0.061,0.0573,0.0585,2749238.0
1735549200000.0,0.0586,0.0595,0.0582,0.0592,1163034.6
1735552800000.0,0.0589,0.0592,0.0576,0.0578,1091125.9
1735556400000.0,0.0576,0.0587,0.0575,0.0583,863536.6
1735560000000.0,0.0581,0.0592,0.0578,0.0582,901436.6
1735563600000.0,0.0582,0.0582,0.0563,0.0566,1692031.4
1735567200000.0,0.0569,0.057,0.0559,0.0561,1822508.5
1735570800000.0,0.056,0.0562,0.0555,0.0555,1317143.7
1735574400000.0,0.0556,0.0559,0.0541,0.0544,3276856.9
1735578000000.0,0.0547,0.0561,0.0546,0.0558,631568.9
1735581600000.0,0.0558,0.0564,0.0555,0.0559,911841.6
1735585200000.0,0.0556,0.0581,0.0555,0.058,2781120.9
1735588800000.0,0.058,0.0588,0.0561,0.0565,2575993.3
1735592400000.0,0.0565,0.0571,0.0555,0.0556,883540.2
1735596000000.0,0.0559,0.056,0.0546,0.0555,1590495.1
1735599600000.0,0.0551,0.0575,0.0551,0.0564,1113185.9
1735603200000.0,0.0564,0.0566,0.0555,0.0555,235504.4
1735606800000.0,0.0555,0.0557,0.0541,0.055,2534276.2
1735610400000.0,0.0549,0.0555,0.0548,0.055,248551.3
1735614000000.0,0.0549,0.0558,0.0549,0.0552,285818.7
1735617600000.0,0.0553,0.0556,0.0545,0.0545,1164348.3
1735621200000.0,0.0547,0.0554,0.0543,0.0549,969274.1
1735624800000.0,0.0551,0.0554,0.0535,0.0545,2201424.0
1735628400000.0,0.0544,0.0546,0.0542,0.0545,763753.9
1735632000000.0,0.0547,0.055,0.0538,0.0545,1214095.2
1735635600000.0,0.0545,0.0548,0.0538,0.0543,1051627.5
1735639200000.0,0.0546,0.0547,0.0538,0.0543,1224178.8
1735642800000.0,0.0542,0.0548,0.0538,0.054,1545742.4
1735646400000.0,0.0539,0.0544,0.0536,0.054,1153602.2
1735650000000.0,0.0543,0.0544,0.0535,0.0543,1751752.1
1735653600000.0,0.0543,0.0553,0.0539,0.0546,1699478.0
1735657200000.0,0.0543,0.0548,0.0533,0.0541,1999806.2
1735660800000.0,0.0542,0.0545,0.054,0.0543,708648.2
1735664400000.0,0.0543,0.0551,0.0539,0.0541,1197231.2
1735668000000.0,0.0542,0.0544,0.0533,0.0541,832371.6
1735671600000.0,0.0541,0.0553,0.054,0.0541,1458127.9
1735675200000.0,0.0541,0.0543,0.0536,0.0541,603972.1
1735678800000.0,0.0538,0.0542,0.0537,0.0539,288219.2
1735682400000.0,0.054,0.0545,0.0535,0.0538,1291169.5
1735686000000.0,0.0538,0.0545,0.0535,0.054,614466.2
1735689600000.0,0.054,0.0562,0.0536,0.0552,2285047.4
1735693200000.0,0.0554,0.0559,0.0546,0.0547,1554509.7
1735696800000.0,0.0548,0.0553,0.0545,0.0553,400688.0
1735700400000.0,0.0553,0.057,0.0546,0.0548,1906466.8
1735704000000.0,0.0545,0.0549,0.0535,0.0539,2094061.7
1735707600000.0,0.0537,0.0543,0.0536,0.0536,333456.0
1735711200000.0,0.0539,0.0541,0.0535,0.0538,1085146.7
1735714800000.0,0.054,0.0543,0.0535,0.0543,1375332.1
1735718400000.0,0.0541,0.0543,0.0531,0.0532,1061418.1
1735722000000.0,0.0533,0.0539,0.0491,0.0523,4209200.9
1735725600000.0,0.0521,0.0526,0.0514,0.0519,820392.2
1735729200000.0,0.0521,0.0523,0.0513,0.0518,855231.4
1735732800000.0,0.0516,0.0523,0.0508,0.0512,933122.8
1735736400000.0,0.0512,0.0546,0.0507,0.0527,3059820.5
1735740000000.0,0.0529,0.0535,0.0517,0.0518,794465.3
1735743600000.0,0.0521,0.053,0.0516,0.053,990749.8
1735747200000.0,0.0531,0.0549,0.05,0.0515,5154829.7
1735750800000.0,0.0515,0.0521,0.0508,0.0517,2744613.4
1735754400000.0,0.0517,0.0531,0.0516,0.0531,1440175.9
1735758000000.0,0.053,0.0534,0.0525,0.053,1091403.7
1735761600000.0,0.053,0.0534,0.0526,0.0529,764549.3
1735765200000.0,0.0529,0.0532,0.0521,0.0523,1057267.5
1735768800000.0,0.0525,0.0532,0.0522,0.0532,784680.7
1735772400000.0,0.0532,0.0535,0.0522,0.0527,1354139.8
1735776000000.0,0.0528,0.0542,0.0523,0.0537,2104043.3
1735779600000.0,0.0536,0.0538,0.0527,0.0535,1186039.6
1735783200000.0,0.0534,0.0534,0.0527,0.0529,424931.2
1735786800000.0,0.053,0.0538,0.0529,0.0529,689770.1
1735790400000.0,0.0529,0.0555,0.0527,0.0541,8177710.3
1735794000000.0,0.0541,0.0552,0.054,0.0542,1773906.2
1735797600000.0,0.0544,0.055,0.0542,0.0548,1140147.8
1735801200000.0,0.0549,0.055,0.054,0.0543,403066.8
1735804800000.0,0.0543,0.0547,0.0539,0.0545,342819.5
1735808400000.0,0.0545,0.0549,0.0544,0.0547,615732.4
1735812000000.0,0.0549,0.0552,0.0546,0.0551,517252.1
1735815600000.0,0.0551,0.0553,0.0546,0.055,319339.8
1735819200000.0,0.0547,0.0562,0.0547,0.056,941058.0
1735822800000.0,0.0559,0.0577,0.0558,0.0562,4050251.5
1735826400000.0,0.0562,0.0568,0.0553,0.0554,1406042.8
1735830000000.0,0.0554,0.0557,0.0547,0.0551,593199.7
1735833600000.0,0.0551,0.0551,0.0546,0.055,541062.8
1735837200000.0,0.0547,0.0555,0.0547,0.0553,391578.2
1735840800000.0,0.055,0.0555,0.0546,0.0555,720876.2
1735844400000.0,0.0555,0.0557,0.0549,0.0554,550434.7
1735848000000.0,0.0554,0.0558,0.0551,0.0555,579219.2
1735851600000.0,0.0555,0.0565,0.0555,0.0564,1157091.4
1735855200000.0,0.0564,0.0567,0.0559,0.0564,945060.9
1735858800000.0,0.0561,0.0566,0.0559,0.0563,766387.2
1735862400000.0,0.056,0.0573,0.056,0.057,952599.5
1735866000000.0,0.0568,0.0571,0.0555,0.056,1237489.0
1735869600000.0,0.0559,0.0564,0.0552,0.0564,475325.7
1735873200000.0,0.0564,0.0564,0.0556,0.0564,321844.2
1735876800000.0,0.0564,0.0565,0.056,0.0564,220484.2
1735880400000.0,0.0563,0.0564,0.0558,0.0559,216480.7
1735884000000.0,0.0559,0.0566,0.0558,0.0566,221595.8
1735887600000.0,0.0565,0.0565,0.0561,0.0565,104757.5
1735891200000.0,0.0562,0.0565,0.0559,0.056,305365.5
1735894800000.0,0.056,0.0566,0.0558,0.0565,464201.9
1735898400000.0,0.0565,0.0588,0.0559,0.0569,2909000.8
1735902000000.0,0.0566,0.0572,0.0558,0.0559,701072.6
1735905600000.0,0.0559,0.0577,0.055,0.0566,1506335.9
1735909200000.0,0.0566,0.0566,0.0548,0.0555,1824762.7
1735912800000.0,0.0558,0.0568,0.0554,0.0567,809503.9
1735916400000.0,0.0567,0.0569,0.056,0.0564,539905.1
1735920000000.0,0.0567,0.0571,0.0564,0.0566,1211609.2
1735923600000.0,0.0569,0.0572,0.0562,0.0562,1743144.2
1735927200000.0,0.0565,0.0575,0.0564,0.0569,822414.3
1735930800000.0,0.0569,0.0576,0.0566,0.0566,1071542.3
1735934400000.0,0.0569,0.0583,0.0564,0.0571,2755444.1
1735938000000.0,0.0574,0.0582,0.0567,0.0571,2833819.9
1735941600000.0,0.0569,0.0579,0.0566,0.0572,1180217.2
1735945200000.0,0.0571,0.0577,0.0566,0.0574,764224.0
1735948800000.0,0.0572,0.0577,0.0564,0.0575,1046259.2
1735952400000.0,0.0572,0.0575,0.0561,0.0566,941231.0
1735956000000.0,0.0566,0.057,0.0561,0.0565,490954.0
1735959600000.0,0.0564,0.0568,0.0561,0.0564,350466.7
1735963200000.0,0.0565,0.0568,0.056,0.0565,919204.9
1735966800000.0,0.0565,0.0567,0.0561,0.0565,181282.1
1735970400000.0,0.0565,0.0569,0.0564,0.0567,259559.0
1735974000000.0,0.0567,0.0568,0.0561,0.0562,303072.9
1735977600000.0,0.0562,0.0567,0.056,0.0563,312806.2
1735981200000.0,0.0563,0.0567,0.0563,0.0563,122487.6
1735984800000.0,0.0564,0.0567,0.0562,0.0566,295958.6
1735988400000.0,0.0564,0.0565,0.0559,0.0564,243232.7
1735992000000.0,0.0564,0.0571,0.0559,0.0566,809216.6
1735995600000.0,0.0566,0.057,0.0562,0.0564,284509.2
1735999200000.0,0.0563,0.0568,0.0562,0.0563,284053.5
1736002800000.0,0.0567,0.0569,0.0559,0.0561,511382.3
1736006400000.0,0.0559,0.0561,0.0553,0.0553,1463871.6
1736010000000.0,0.0553,0.0556,0.0552,0.0555,927399.7
1736013600000.0,0.0555,0.0562,0.0553,0.0556,644972.1
1736017200000.0,0.0559,0.0561,0.0555,0.056,173471.6
1736020800000.0,0.056,0.0563,0.0557,0.0563,178859.0
1736024400000.0,0.0563,0.0565,0.0556,0.0559,507402.6
1736028000000.0,0.0559,0.0562,0.0554,0.0557,485249.2
1736031600000.0,0.0557,0.0559,0.0553,0.0556,266376.4
1736035200000.0,0.0556,0.056,0.0554,0.0556,175395.5
1736038800000.0,0.0556,0.0565,0.0553,0.0558,1326317.2
1736042400000.0,0.0561,0.0561,0.0555,0.056,288554.8
1736046000000.0,0.056,0.056,0.0554,0.0559,717592.7
1736049600000.0,0.0557,0.0562,0.0557,0.0562,34820.4
1736053200000.0,0.0562,0.0565,0.0558,0.0562,486226.3
1736056800000.0,0.056,0.0562,0.0559,0.0561,59776.4
1736060400000.0,0.0561,0.0565,0.056,0.0562,385568.7
1736064000000.0,0.0563,0.0563,0.0555,0.0563,831915.7
1736067600000.0,0.0563,0.0564,0.0558,0.0562,331414.6
1736071200000.0,0.0562,0.0562,0.0558,0.0562,171431.2
1736074800000.0,0.0562,0.0562,0.0559,0.0562,95757.8
1736078400000.0,0.0561,0.0561,0.0558,0.0558,454813.5
1736082000000.0,0.0558,0.056,0.0556,0.0559,274729.9
1736085600000.0,0.0559,0.0559,0.0554,0.0557,619065.8
1736089200000.0,0.0555,0.0557,0.0554,0.0557,454159.1
1736092800000.0,0.0557,0.0557,0.0552,0.0552,387709.4
1736096400000.0,0.0552,0.0557,0.055,0.0554,1380317.7
1736100000000.0,0.0555,0.0555,0.055,0.0553,353200.9
1736103600000.0,0.0553,0.0555,0.0551,0.0551,485690.3
1736107200000.0,0.0552,0.0559,0.0551,0.0558,192245.2
1736110800000.0,0.0558,0.0558,0.0554,0.0558,326193.1
1736114400000.0,0.0558,0.056,0.0556,0.0558,353273.7
1736118000000.0,0.0558,0.0561,0.0556,0.0558,563134.2
1736121600000.0,0.0556,0.0557,0.0552,0.0555,681243.8
1736125200000.0,0.0555,0.0556,0.0552,0.0556,306754.0
1736128800000.0,0.0555,0.0557,0.0554,0.0557,742164.3
1736132400000.0,0.0557,0.0566,0.0557,0.0563,1581337.2
1736136000000.0,0.0562,0.0563,0.0558,0.0558,368878.8
1736139600000.0,0.0558,0.057,0.0557,0.0565,1137883.9
1736143200000.0,0.0566,0.0566,0.0562,0.0565,298277.7
1736146800000.0,0.0564,0.057,0.0563,0.0568,337422.8
1736150400000.0,0.0568,0.0589,0.0566,0.0585,4517242.3
1736154000000.0,0.0585,0.0585,0.0577,0.0583,820916.4
1736157600000.0,0.0584,0.0584,0.0574,0.0574,977000.9
1736161200000.0,0.0576,0.0577,0.0574,0.0577,308373.6
1736164800000.0,0.0576,0.0585,0.0574,0.0578,750678.9
1736168400000.0,0.0579,0.0594,0.0577,0.0586,1877246.1
1736172000000.0,0.059,0.0591,0.0582,0.059,1013069.2
1736175600000.0,0.059,0.0606,0.0583,0.0605,2502113.6
1736179200000.0,0.0605,0.0625,0.0598,0.0612,3633040.2
1736182800000.0,0.0607,0.0644,0.0603,0.0639,5952192.2
1736186400000.0,0.0639,0.073,0.0635,0.0702,34209940.0
1736190000000.0,0.0705,0.0706,0.0666,0.0691,11731809.5
1736193600000.0,0.0691,0.0723,0.0688,0.0709,8843363.0
1736197200000.0,0.0706,0.0714,0.0669,0.0706,7434079.1
1736200800000.0,0.0705,0.0713,0.0676,0.0702,6610209.2
1736204400000.0,0.0705,0.0751,0.0686,0.0733,17658568.0
1736208000000.0,0.0733,0.0756,0.0703,0.0751,8517752.8
1736211600000.0,0.075,0.0779,0.0728,0.0745,12434620.6
1736215200000.0,0.0746,0.0757,0.0705,0.0721,7779524.5
1736218800000.0,0.0721,0.0722,0.0665,0.0699,10154301.2
1736222400000.0,0.0699,0.0701,0.0668,0.0696,3349778.8
1736226000000.0,0.0694,0.072,0.067,0.0716,4836163.1
1736229600000.0,0.0716,0.0718,0.069,0.0696,2657698.1
1736233200000.0,0.0696,0.0716,0.0678,0.0709,2110108.3
1736236800000.0,0.0709,0.0723,0.0704,0.0707,2163136.2
1736240400000.0,0.0704,0.0718,0.068,0.0683,2219141.9
1736244000000.0,0.0685,0.0698,0.0684,0.0689,1180647.1
1736247600000.0,0.0688,0.0723,0.0683,0.0717,2291738.4
1736251200000.0,0.0717,0.0734,0.0713,0.0726,4060336.8
1736254800000.0,0.0729,0.0731,0.0689,0.0704,3374500.8
1736258400000.0,0.0704,0.0709,0.0683,0.0688,2635391.0
1736262000000.0,0.0691,0.071,0.0662,0.0669,9966750.4
1736265600000.0,0.0667,0.0699,0.0667,0.0683,3861045.9
1736269200000.0,0.0688,0.0699,0.0679,0.0689,3157351.9
1736272800000.0,0.0687,0.0691,0.0655,0.0686,7125242.6
1736276400000.0,0.0686,0.0686,0.0645,0.0646,6071212.5
1736280000000.0,0.0646,0.0648,0.0604,0.062,9926556.0
1736283600000.0,0.0617,0.0643,0.0615,0.0628,2246968.0
1736287200000.0,0.0628,0.0637,0.0608,0.0624,3108503.5
1736290800000.0,0.0626,0.064,0.0611,0.0639,1642726.0
1736294400000.0,0.0639,0.0639,0.0592,0.0614,3228147.0
1736298000000.0,0.0613,0.0627,0.0602,0.0609,1845640.6
1736301600000.0,0.061,0.061,0.0589,0.0603,2758293.7
1736305200000.0,0.06,0.0639,0.0589,0.061,5080672.2
1736308800000.0,0.061,0.0611,0.0591,0.0597,2032250.4
1736312400000.0,0.06,0.0607,0.0596,0.0605,787640.8
1736316000000.0,0.0604,0.0619,0.0591,0.0598,1370052.6
1736319600000.0,0.0597,0.0597,0.0581,0.0594,1657989.6
1736323200000.0,0.0594,0.0619,0.0591,0.0611,743837.9
1736326800000.0,0.0611,0.0622,0.0605,0.0608,920705.4
1736330400000.0,0.0606,0.0615,0.0597,0.0604,419658.0
1736334000000.0,0.0601,0.0608,0.0591,0.0598,895295.1
1736337600000.0,0.0596,0.061,0.0591,0.0605,691077.8
1736341200000.0,0.0607,0.0623,0.0601,0.0601,932646.1
1736344800000.0,0.0605,0.0616,0.0597,0.0602,690018.9
1736348400000.0,0.0604,0.0608,0.058,0.0594,3321973.1
1736352000000.0,0.0595,0.0602,0.0586,0.06,774132.8
1736355600000.0,0.06,0.0602,0.058,0.0592,2895446.1
1736359200000.0,0.0593,0.061,0.0593,0.06,1057677.0
1736362800000.0,0.06,0.0605,0.0592,0.0597,826274.5
1736366400000.0,0.0593,0.0599,0.0585,0.0589,839707.1
1736370000000.0,0.0587,0.0594,0.0579,0.059,2102386.3
1736373600000.0,0.0591,0.0609,0.0584,0.0588,2138830.9
1736377200000.0,0.0588,0.06,0.0585,0.0596,490146.8
1736380800000.0,0.0597,0.0602,0.0589,0.0598,527734.9
1736384400000.0,0.0595,0.0602,0.0581,0.0585,633940.7
1736388000000.0,0.0585,0.0588,0.0576,0.0584,925560.2
1736391600000.0,0.0584,0.0585,0.0578,0.0579,436166.2
1736395200000.0,0.0579,0.0583,0.0579,0.0579,236982.4
1736398800000.0,0.0581,0.0595,0.0579,0.0591,731966.0
1736402400000.0,0.059,0.0596,0.0574,0.058,712184.1
1736406000000.0,0.058,0.0588,0.0556,0.0567,1549357.8
1736409600000.0,0.0571,0.0575,0.0557,0.0565,700091.4
1736413200000.0,0.0565,0.0582,0.0563,0.057,630332.9
1736416800000.0,0.0568,0.0571,0.0556,0.0565,684877.5
1736420400000.0,0.0565,0.0569,0.0554,0.0562,798628.1
1736424000000.0,0.0563,0.0581,0.0559,0.0565,777880.5
1736427600000.0,0.0565,0.057,0.055,0.0556,936183.7
1736431200000.0,0.0555,0.0569,0.055,0.0568,794016.8
1736434800000.0,0.0568,0.06,0.0562,0.059,2798551.1
1736438400000.0,0.059,0.0596,0.0574,0.059,1823591.4
1736442000000.0,0.059,0.0591,0.0571,0.0571,843806.5
1736445600000.0,0.0571,0.0594,0.0565,0.0579,2629918.1
1736449200000.0,0.0579,0.0583,0.0571,0.0575,606716.8
1736452800000.0,0.0575,0.0578,0.0567,0.0576,477423.7
1736456400000.0,0.0575,0.059,0.0571,0.0575,1178702.2
1736460000000.0,0.0571,0.06,0.0571,0.0592,2673533.5
1736463600000.0,0.059,0.0597,0.0586,0.0587,614383.8
1736467200000.0,0.0587,0.0594,0.0566,0.0576,1854507.4
1736470800000.0,0.0573,0.0581,0.0567,0.0575,504437.1
1736474400000.0,0.0576,0.0581,0.0572,0.0577,425736.5
1736478000000.0,0.0576,0.0585,0.0574,0.0584,574204.9
1736481600000.0,0.0581,0.0586,0.0576,0.0586,487836.9
1736485200000.0,0.0586,0.059,0.058,0.0589,383191.2
1736488800000.0,0.0589,0.059,0.0583,0.0586,127672.1
1736492400000.0,0.0585,0.0587,0.058,0.0584,125369.9
1736496000000.0,0.0584,0.0589,0.0579,0.058,493093.7
1736499600000.0,0.058,0.0588,0.0576,0.0576,556088.1
1736503200000.0,0.0577,0.0583,0.0576,0.0583,265506.9
1736506800000.0,0.0581,0.0584,0.0577,0.0581,191332.1
1736510400000.0,0.058,0.0588,0.058,0.0584,375785.8
1736514000000.0,0.0584,0.0595,0.0581,0.0585,864065.0
1736517600000.0,0.0588,0.0625,0.058,0.0625,2789067.9
1736521200000.0,0.0625,0.0676,0.06,0.0652,10595557.5
1736524800000.0,0.0651,0.0653,0.061,0.0626,4221601.2
1736528400000.0,0.0623,0.0649,0.0615,0.0639,5193425.9
1736532000000.0,0.0636,0.0639,0.0621,0.0634,1005375.3
1736535600000.0,0.0634,0.0635,0.0612,0.0616,1927370.5
1736539200000.0,0.0616,0.0621,0.0609,0.0621,870839.3
1736542800000.0,0.0619,0.0623,0.0604,0.0604,1153612.9
1736546400000.0,0.0604,0.0615,0.0604,0.0612,254612.8
1736550000000.0,0.0612,0.0628,0.0612,0.0628,1025305.5
1736553600000.0,0.0627,0.0628,0.0621,0.0621,475554.8
1736557200000.0,0.0623,0.0627,0.062,0.0625,368635.0
1736560800000.0,0.0625,0.0634,0.0622,0.063,1079324.7
1736564400000.0,0.0631,0.067,0.0631,0.0662,4967876.8
1736568000000.0,0.0665,0.0669,0.064,0.0655,2439107.6
1736571600000.0,0.0657,0.0661,0.0641,0.0655,1066922.3
1736575200000.0,0.0655,0.0659,0.0623,0.0626,2747790.1
1736578800000.0,0.0626,0.0636,0.0621,0.0636,539605.6
1736582400000.0,0.0637,0.0668,0.0632,0.0664,2574039.9
1736586000000.0,0.0663,0.067,0.0635,0.0655,3043863.7
1736589600000.0,0.0654,0.0676,0.0648,0.0662,1314194.4
1736593200000.0,0.0662,0.0673,0.0651,0.066,827873.4
1736596800000.0,0.066,0.0665,0.0649,0.0653,499406.2
1736600400000.0,0.065,0.0664,0.0638,0.0638,942366.1
1736604000000.0,0.0638,0.0647,0.0624,0.0645,1664294.7
1736607600000.0,0.0643,0.0649,0.0633,0.0646,699135.6
1736611200000.0,0.0646,0.0649,0.0606,0.0613,3302683.9
1736614800000.0,0.0613,0.0628,0.061,0.0619,1441517.0
1736618400000.0,0.062,0.0621,0.06,0.0601,2072823.3
1736622000000.0,0.0605,0.0617,0.0603,0.0612,1567384.4
1736625600000.0,0.0609,0.0618,0.0606,0.0611,479357.9
1736629200000.0,0.0614,0.0618,0.0599,0.0616,1228532.2
1736632800000.0,0.0614,0.0618,0.0599,0.0608,695731.9
1736636400000.0,0.0607,0.0614,0.0605,0.061,482193.7
1736640000000.0,0.061,0.0612,0.0601,0.0608,673783.0
1736643600000.0,0.0612,0.0613,0.0607,0.061,808521.8
1736647200000.0,0.0613,0.0613,0.0608,0.0608,205599.5
1736650800000.0,0.0608,0.0612,0.0604,0.061,349016.9
1736654400000.0,0.0608,0.0611,0.0607,0.0608,176325.6
1736658000000.0,0.061,0.0612,0.0608,0.0608,625996.7
1736661600000.0,0.0608,0.0611,0.0607,0.061,366461.6
1736665200000.0,0.0607,0.0612,0.0607,0.0612,490785.4
1736668800000.0,0.0612,0.0619,0.061,0.0618,724646.8
1736672400000.0,0.0618,0.065,0.0615,0.0637,2715098.1
1736676000000.0,0.0637,0.065,0.0628,0.0628,1702412.8
1736679600000.0,0.0628,0.0659,0.0628,0.0637,2750175.9
1736683200000.0,0.0636,0.0643,0.0631,0.064,211669.4
1736686800000.0,0.0638,0.064,0.0628,0.063,333233.2
1736690400000.0,0.063,0.0636,0.0629,0.0633,349456.4
1736694000000.0,0.0633,0.066,0.0628,0.0647,1833277.5
1736697600000.0,0.0647,0.066,0.0637,0.0641,1434353.8
1736701200000.0,0.0644,0.0648,0.0627,0.0627,911739.3
1736704800000.0,0.063,0.0636,0.0625,0.0634,896810.5
1736708400000.0,0.0632,0.0643,0.0626,0.0627,749419.5
1736712000000.0,0.0626,0.064,0.0626,0.0637,412438.6
1736715600000.0,0.0639,0.0648,0.0631,0.0634,882512.1
1736719200000.0,0.0638,0.0639,0.0625,0.0628,786296.3
1736722800000.0,0.0628,0.0639,0.0625,0.0634,1050339.7
1736726400000.0,0.0636,0.0639,0.062,0.063,1471584.5
1736730000000.0,0.0633,0.0633,0.0629,0.0629,53627.8
1736733600000.0,0.0628,0.0629,0.0621,0.0626,277677.6
1736737200000.0,0.0623,0.0624,0.0581,0.0609,6048845.7
1736740800000.0,0.0612,0.0614,0.0606,0.0612,230780.8
1736744400000.0,0.0612,0.0614,0.0602,0.0603,217538.0
1736748000000.0,0.0602,0.0609,0.06,0.06,419934.3
1736751600000.0,0.0601,0.0606,0.06,0.0602,537185.0
1736755200000.0,0.0602,0.0613,0.0602,0.0608,490722.5
1736758800000.0,0.0608,0.0609,0.0603,0.0603,153885.1
1736762400000.0,0.0603,0.0603,0.0578,0.0582,1291442.1
1736766000000.0,0.0583,0.0607,0.057,0.0583,2191059.0
1736769600000.0,0.0583,0.0593,0.057,0.0573,1670792.5
1736773200000.0,0.0573,0.0587,0.057,0.0573,1476526.5
1736776800000.0,0.0574,0.0581,0.057,0.0578,735768.8
1736780400000.0,0.0577,0.0595,0.0575,0.0586,1025555.3
1736784000000.0,0.0583,0.0593,0.058,0.0586,597769.6
1736787600000.0,0.0588,0.0595,0.0581,0.0586,271917.6
1736791200000.0,0.0586,0.059,0.0575,0.0577,560882.9
1736794800000.0,0.0577,0.0585,0.0575,0.0583,388265.9
1736798400000.0,0.0583,0.0603,0.0581,0.0596,1203558.9
1736802000000.0,0.0598,0.0599,0.0588,0.059,565996.6
1736805600000.0,0.059,0.06,0.0588,0.0594,470637.9
1736809200000.0,0.0593,0.0599,0.0591,0.0599,161704.3
1736812800000.0,0.0598,0.0615,0.0598,0.0609,1130991.5
1736816400000.0,0.061,0.0615,0.0598,0.0599,657919.6
1736820000000.0,0.0599,0.0602,0.0597,0.0598,248938.1
1736823600000.0,0.0599,0.0599,0.054,0.0581,8901933.8
1736827200000.0,0.058,0.0593,0.0575,0.058,675328.4
1736830800000.0,0.0583,0.0591,0.0578,0.0582,997650.5
1736834400000.0,0.0582,0.0587,0.0581,0.0585,235471.8
1736838000000.0,0.0585,0.0592,0.0582,0.0587,582416.0
1736841600000.0,0.0583,0.0589,0.0582,0.0584,169159.5
1736845200000.0,0.0583,0.0592,0.0575,0.0578,747164.0
1736848800000.0,0.0579,0.0592,0.0577,0.0591,395185.4
1736852400000.0,0.059,0.0593,0.0582,0.0585,254151.6
1736856000000.0,0.0585,0.059,0.0583,0.0587,192925.4
1736859600000.0,0.0587,0.0593,0.0576,0.0584,554954.8
1736863200000.0,0.0585,0.059,0.0577,0.0585,454961.5
1736866800000.0,0.0587,0.059,0.058,0.0587,977128.3
1736870400000.0,0.0587,0.059,0.0584,0.0587,303896.6
1736874000000.0,0.0587,0.0601,0.0579,0.0589,1186157.0
1736877600000.0,0.0589,0.061,0.0589,0.0601,1174595.8
1736881200000.0,0.0601,0.062,0.0597,0.0604,1249953.6
1736884800000.0,0.0604,0.0613,0.0595,0.0598,532734.0
1736888400000.0,0.0598,0.061,0.0596,0.0598,285555.9
1736892000000.0,0.0601,0.0611,0.0595,0.0603,861542.3
1736895600000.0,0.0603,0.0606,0.0595,0.06,418434.5
1736899200000.0,0.06,0.0606,0.0598,0.0603,125861.1
1736902800000.0,0.0602,0.0603,0.0593,0.0598,522449.6
1736906400000.0,0.0597,0.0599,0.0589,0.0591,576982.2
1736910000000.0,0.0589,0.0589,0.0558,0.0582,4200982.6
1736913600000.0,0.058,0.0584,0.0577,0.0581,441711.8
1736917200000.0,0.058,0.0582,0.0575,0.0582,189424.2
1736920800000.0,0.0582,0.0583,0.0576,0.0576,230387.0
1736924400000.0,0.0576,0.0584,0.0571,0.058,928069.0
1736928000000.0,0.0583,0.0586,0.0572,0.0581,745079.6
1736931600000.0,0.0582,0.0586,0.0578,0.0578,508171.1
1736935200000.0,0.0578,0.0585,0.0574,0.0585,739947.4
1736938800000.0,0.0585,0.0588,0.0578,0.0587,625437.9
1736942400000.0,0.0587,0.0587,0.0579,0.0579,483917.7
1736946000000.0,0.0579,0.0586,0.0567,0.0572,1343985.1
1736949600000.0,0.0574,0.06,0.0574,0.0598,2911505.7
1736953200000.0,0.0596,0.06,0.0577,0.059,2638946.0
1736956800000.0,0.0592,0.0599,0.0587,0.0589,749231.6
1736960400000.0,0.0588,0.0598,0.0583,0.0586,1103859.6
1736964000000.0,0.0587,0.0592,0.0576,0.0592,675617.2
1736967600000.0,0.0589,0.0594,0.0581,0.0588,717992.1
1736971200000.0,0.0591,0.0603,0.058,0.0598,1890323.6
1736974800000.0,0.0596,0.0609,0.0592,0.0597,1758031.8
1736978400000.0,0.0597,0.0605,0.0592,0.0593,1009178.3
1736982000000.0,0.0593,0.0603,0.0591,0.0599,407640.1
1736985600000.0,0.0599,0.061,0.0591,0.0601,1123471.4
1736989200000.0,0.0604,0.0607,0.0597,0.06,449109.9
1736992800000.0,0.0603,0.0625,0.0598,0.0609,3500191.0
1736996400000.0,0.061,0.0616,0.0603,0.0608,1277261.9
1737000000000.0,0.0609,0.0617,0.0601,0.0603,980056.0
1737003600000.0,0.0603,0.0613,0.0602,0.0609,905330.1
1737007200000.0,0.0609,0.0614,0.0602,0.0602,792668.3
1737010800000.0,0.0602,0.0604,0.0601,0.0603,51040.4
1737014400000.0,0.0602,0.0607,0.0598,0.0599,314487.8
1737018000000.0,0.0599,0.0602,0.0598,0.06,101843.6
1737021600000.0,0.0602,0.0611,0.0598,0.0605,355387.7
1737025200000.0,0.0607,0.0608,0.0599,0.0603,209387.4
1737028800000.0,0.0604,0.0606,0.057,0.0579,4080787.4
1737032400000.0,0.0577,0.0584,0.0565,0.0583,2493368.9
1737036000000.0,0.0581,0.0586,0.0569,0.0572,1800565.0
1737039600000.0,0.0572,0.0578,0.0561,0.0578,1821221.4
1737043200000.0,0.0578,0.0582,0.057,0.0572,1444730.6
1737046800000.0,0.0574,0.0584,0.0572,0.0581,827268.4
1737050400000.0,0.0581,0.0586,0.058,0.0582,1331104.6
1737054000000.0,0.0583,0.0586,0.0578,0.058,776060.6
1737057600000.0,0.0581,0.0585,0.0576,0.058,1067900.6
1737061200000.0,0.0578,0.0587,0.0576,0.0581,772754.8
1737064800000.0,0.058,0.0581,0.0577,0.058,881906.4
1737068400000.0,0.0579,0.0587,0.0578,0.0583,578023.4
1737072000000.0,0.0585,0.0588,0.0577,0.0581,671773.8
1737075600000.0,0.0582,0.0591,0.0578,0.0582,1128988.6
1737079200000.0,0.0582,0.059,0.0572,0.0581,1307429.9
1737082800000.0,0.0581,0.0583,0.0575,0.058,422362.1
1737086400000.0,0.0579,0.0585,0.0575,0.0581,638174.7
1737090000000.0,0.0582,0.0597,0.0581,0.0587,1866476.8
1737093600000.0,0.0588,0.0593,0.0581,0.0587,1183045.0
1737097200000.0,0.0587,0.059,0.058,0.0584,676061.0
1737100800000.0,0.0586,0.0599,0.058,0.0584,1479341.4
1737104400000.0,0.0585,0.059,0.0579,0.0585,691208.8
1737108000000.0,0.0585,0.0589,0.0579,0.0587,562787.1
1737111600000.0,0.0584,0.06,0.0578,0.0589,1222120.8
1737115200000.0,0.0589,0.0593,0.058,0.0588,1189400.6
1737118800000.0,0.0589,0.0597,0.0582,0.0593,1788390.9
1737122400000.0,0.0592,0.06,0.0588,0.0588,1054994.2
1737126000000.0,0.0588,0.0598,0.0586,0.059,1317457.6
1737129600000.0,0.0589,0.0596,0.0588,0.0592,815726.8
1737133200000.0,0.0589,0.0598,0.0589,0.0598,858013.3
1737136800000.0,0.0597,0.0597,0.0583,0.0588,1116518.0
1737140400000.0,0.0591,0.0591,0.0572,0.0581,3525224.2
1737144000000.0,0.0582,0.0589,0.0572,0.0586,1894954.0
1737147600000.0,0.0588,0.0592,0.0579,0.0584,1112571.4
1737151200000.0,0.0586,0.0598,0.0585,0.0594,1246720.5
1737154800000.0,0.0592,0.0598,0.0585,0.0587,1707130.6
1737158400000.0,0.0587,0.0595,0.058,0.0593,1467839.7
1737162000000.0,0.0593,0.0593,0.0586,0.0589,488595.1
1737165600000.0,0.0589,0.0593,0.0585,0.0585,744672.2
1737169200000.0,0.0585,0.0589,0.0569,0.0575,2727699.0
1737172800000.0,0.0576,0.059,0.0569,0.0575,982790.6
1737176400000.0,0.0572,0.0578,0.0555,0.0568,1906892.1
1737180000000.0,0.057,0.0575,0.0562,0.0573,776995.8
1737183600000.0,0.0573,0.0575,0.0567,0.057,206683.4
1737187200000.0,0.057,0.0575,0.0567,0.0575,690153.2
1737190800000.0,0.0575,0.0575,0.0567,0.0567,314557.9
1737194400000.0,0.0568,0.0568,0.0554,0.0563,1514751.4
1737198000000.0,0.0563,0.0578,0.0557,0.0575,780070.6
1737201600000.0,0.0575,0.0578,0.056,0.0561,1203005.0
1737205200000.0,0.0564,0.0569,0.0559,0.0563,495319.1
1737208800000.0,0.0566,0.0568,0.055,0.0558,1531323.4
1737212400000.0,0.0558,0.0571,0.0556,0.056,995779.8
1737216000000.0,0.056,0.0564,0.0527,0.0538,6673002.8
1737219600000.0,0.0541,0.055,0.0534,0.0545,3184718.1
1737223200000.0,0.0543,0.0553,0.054,0.0546,1264324.4
1737226800000.0,0.0546,0.0555,0.054,0.0543,1569744.0
1737230400000.0,0.0543,0.0548,0.0538,0.0548,684990.8
1737234000000.0,0.0545,0.056,0.0545,0.0556,900885.9
1737237600000.0,0.0558,0.0559,0.055,0.0553,558423.1
1737241200000.0,0.0555,0.0558,0.054,0.0544,977424.7
1737244800000.0,0.0545,0.0557,0.0541,0.0555,1943484.8
1737248400000.0,0.0555,0.0557,0.0515,0.0541,5133645.9
1737252000000.0,0.0543,0.055,0.0527,0.0547,2842082.0
1737255600000.0,0.0548,0.0563,0.0532,0.0545,2444304.0
1737259200000.0,0.0544,0.0552,0.054,0.0548,520572.7
1737262800000.0,0.0547,0.0556,0.0532,0.0538,2095949.2
1737266400000.0,0.0539,0.0543,0.053,0.0531,492125.0
1737270000000.0,0.0531,0.0546,0.0517,0.0531,4234956.6
1737273600000.0,0.0534,0.0536,0.0525,0.0526,408683.9
1737277200000.0,0.0526,0.0533,0.0523,0.053,682159.1
1737280800000.0,0.0531,0.0544,0.0521,0.0539,1174037.9
1737284400000.0,0.0539,0.054,0.0516,0.0522,1410464.9
1737288000000.0,0.0521,0.0537,0.0516,0.0529,736916.6
1737291600000.0,0.053,0.0547,0.052,0.0539,1582165.1
1737295200000.0,0.0541,0.0549,0.0529,0.0539,733872.8
1737298800000.0,0.0537,0.054,0.0531,0.0533,377540.9
1737302400000.0,0.0534,0.0541,0.0533,0.0536,521488.4
1737306000000.0,0.0536,0.0543,0.0533,0.0536,718619.1
1737309600000.0,0.0536,0.0544,0.0535,0.0543,619269.3
1737313200000.0,0.0541,0.0545,0.053,0.0533,611172.6
1737316800000.0,0.0535,0.0553,0.0534,0.0542,1191352.6
1737320400000.0,0.0542,0.0545,0.052,0.0523,1633853.4
1737324000000.0,0.0524,0.0531,0.0515,0.0519,4583268.4
1737327600000.0,0.0518,0.0524,0.05,0.0512,3149794.0
1737331200000.0,0.0513,0.052,0.0499,0.0501,2640191.2
1737334800000.0,0.0501,0.0514,0.0485,0.0492,2249326.9
1737338400000.0,0.0492,0.0505,0.048,0.0498,2081751.5
1737342000000.0,0.0499,0.051,0.0492,0.0503,1213221.7
1737345600000.0,0.0504,0.0504,0.0482,0.05,1402575.6
1737349200000.0,0.0499,0.0499,0.0483,0.0491,660988.9
1737352800000.0,0.0489,0.0506,0.0489,0.0505,650936.6
1737356400000.0,0.0505,0.0514,0.0501,0.051,1075354.9
1737360000000.0,0.0513,0.0518,0.0509,0.0513,1134044.7
1737363600000.0,0.0513,0.0517,0.0498,0.0504,621371.5
1737367200000.0,0.0505,0.0516,0.0497,0.0508,1210306.9
1737370800000.0,0.0506,0.051,0.0496,0.0504,2077168.3
1737374400000.0,0.0504,0.0508,0.049,0.0506,1121227.1
1737378000000.0,0.0505,0.0505,0.0485,0.0498,1405434.3
1737381600000.0,0.0496,0.0501,0.0487,0.0493,1018126.6
1737385200000.0,0.0491,0.0497,0.0485,0.0486,886681.8
1737388800000.0,0.0486,0.0506,0.0471,0.0489,3699508.4
1737392400000.0,0.0489,0.0505,0.0481,0.049,1275503.6
1737396000000.0,0.0489,0.0501,0.0485,0.0498,759669.1
1737399600000.0,0.0497,0.05,0.0478,0.0493,878806.4
1737403200000.0,0.049,0.05,0.0488,0.0498,343905.2
1737406800000.0,0.0496,0.0498,0.0483,0.0489,1021504.5
1737410400000.0,0.0489,0.0494,0.0485,0.0488,475573.1
1737414000000.0,0.0491,0.0493,0.0484,0.0484,243122.9
1737417600000.0,0.0483,0.05,0.0483,0.0484,1462220.6
1737421200000.0,0.0484,0.049,0.0478,0.0482,624031.9
1737424800000.0,0.0483,0.0489,0.0481,0.0483,242063.2
1737428400000.0,0.0486,0.0488,0.048,0.0483,110815.2
1737432000000.0,0.0484,0.0489,0.048,0.0483,323849.7
1737435600000.0,0.0481,0.0493,0.0481,0.049,475175.0
1737439200000.0,0.0487,0.0491,0.0483,0.0488,197682.4
1737442800000.0,0.0488,0.0493,0.0483,0.0488,227729.1
1737446400000.0,0.0487,0.0492,0.0478,0.0478,1441546.3
1737450000000.0,0.048,0.0483,0.0477,0.0479,229015.7
1737453600000.0,0.0479,0.0488,0.0479,0.0482,879554.5
1737457200000.0,0.0483,0.0483,0.0468,0.047,1383126.5
1737460800000.0,0.0472,0.0484,0.047,0.0481,868699.0
1737464400000.0,0.0482,0.0487,0.0476,0.0483,682194.5
1737468000000.0,0.0482,0.0485,0.0472,0.0479,679524.8
1737471600000.0,0.0479,0.051,0.0474,0.0493,3500073.6
1737475200000.0,0.0491,0.052,0.0491,0.052,1217161.0
1737478800000.0,0.0517,0.052,0.0502,0.0515,1758788.3
1737482400000.0,0.0514,0.052,0.0504,0.0508,983179.6
1737486000000.0,0.051,0.0514,0.0499,0.0507,419514.8
1737489600000.0,0.0507,0.051,0.0497,0.0499,472472.4
1737493200000.0,0.0499,0.0504,0.0491,0.0497,999807.2
1737496800000.0,0.0495,0.0498,0.0491,0.0495,540242.7
1737500400000.0,0.0496,0.05,0.049,0.0495,847968.4
1737504000000.0,0.0497,0.0498,0.0493,0.0494,360039.7
1737507600000.0,0.0496,0.0501,0.0485,0.049,944801.0
1737511200000.0,0.0487,0.0491,0.0482,0.0486,716244.8
1737514800000.0,0.0485,0.0489,0.0484,0.0486,508585.6
1737518400000.0,0.0486,0.049,0.0484,0.0487,193210.7
1737522000000.0,0.0485,0.0492,0.0481,0.0485,271795.9
1737525600000.0,0.0486,0.049,0.0485,0.0486,233673.4
1737529200000.0,0.0485,0.049,0.0485,0.0486,328295.4
1737532800000.0,0.0485,0.0486,0.0473,0.048,1009580.2
1737536400000.0,0.0479,0.0486,0.0479,0.0485,129929.7
1737540000000.0,0.0483,0.0484,0.0475,0.0481,891175.9
1737543600000.0,0.0484,0.049,0.0481,0.0486,786226.0
1737547200000.0,0.0488,0.0496,0.0486,0.0496,943934.0
1737550800000.0,0.0495,0.05,0.0488,0.049,337284.0
1737554400000.0,0.0491,0.05,0.0487,0.0489,372451.1
1737558000000.0,0.049,0.0534,0.0487,0.0518,5989608.1
1737561600000.0,0.0521,0.0552,0.0507,0.0535,6751636.4
1737565200000.0,0.0537,0.0561,0.0519,0.0551,6325022.9
1737568800000.0,0.0552,0.0552,0.0526,0.0533,4473522.6
1737572400000.0,0.053,0.055,0.0524,0.054,3113198.3
1737576000000.0,0.0543,0.0547,0.0525,0.0529,1103591.8
1737579600000.0,0.0529,0.0532,0.0513,0.0528,1696831.5
1737583200000.0,0.0527,0.0532,0.0521,0.0525,1832785.7
1737586800000.0,0.0527,0.0546,0.0516,0.0536,2480897.7
1737590400000.0,0.0533,0.0607,0.0529,0.0586,25090715.3
1737594000000.0,0.0586,0.0593,0.0513,0.0524,12472433.5
1737597600000.0,0.0524,0.0547,0.0523,0.0539,2638801.9
1737601200000.0,0.0538,0.0542,0.0531,0.0535,1042014.4
1737604800000.0,0.0536,0.0562,0.0529,0.0544,2396779.9
1737608400000.0,0.0544,0.0563,0.0533,0.0558,2088300.7
1737612000000.0,0.0558,0.0562,0.0543,0.0545,767344.8
1737615600000.0,0.0545,0.0563,0.0528,0.0548,2708685.0
1737619200000.0,0.0548,0.0551,0.0528,0.0545,1112239.0
1737622800000.0,0.0541,0.0544,0.0529,0.0533,729249.0
1737626400000.0,0.0529,0.0533,0.0516,0.0517,536421.7
1737630000000.0,0.0517,0.0519,0.0502,0.0511,1541314.6
1737633600000.0,0.0508,0.0529,0.0493,0.0524,2254057.4
1737637200000.0,0.0522,0.055,0.0501,0.055,4416781.0
1737640800000.0,0.0551,0.0551,0.0518,0.0527,1501368.2
1737644400000.0,0.0524,0.0528,0.0503,0.051,2388519.6
1737648000000.0,0.051,0.0512,0.05,0.0507,2319891.6
1737651600000.0,0.0508,0.0515,0.0492,0.0496,4120469.6
1737655200000.0,0.0496,0.0496,0.048,0.048,3000351.2
1737658800000.0,0.0483,0.0502,0.048,0.049,3370672.2
1737662400000.0,0.0491,0.0498,0.048,0.0487,1695150.4
1737666000000.0,0.049,0.0495,0.0483,0.0487,458616.3
1737669600000.0,0.0489,0.0539,0.0483,0.0508,4640079.3
1737673200000.0,0.0508,0.0515,0.0499,0.05,817454.8
1737676800000.0,0.05,0.0525,0.0497,0.05,3078897.1
1737680400000.0,0.0503,0.0504,0.0486,0.0493,2728063.0
1737684000000.0,0.0492,0.0497,0.0487,0.0489,1556562.3
1737687600000.0,0.0489,0.0497,0.0487,0.0493,486316.1
1737691200000.0,0.0495,0.0499,0.049,0.0495,380148.1
1737694800000.0,0.049,0.0505,0.049,0.0505,754421.1
1737698400000.0,0.0505,0.0518,0.0502,0.0516,1747146.8
1737702000000.0,0.0516,0.0519,0.0508,0.0514,937169.3
1737705600000.0,0.0515,0.0515,0.0501,0.0509,530181.3
1737709200000.0,0.0512,0.0517,0.0506,0.051,553901.3
1737712800000.0,0.051,0.0516,0.0508,0.0516,70504.7
1737716400000.0,0.0516,0.0516,0.051,0.051,117558.3
1737720000000.0,0.0514,0.0515,0.0503,0.0505,725988.4
1737723600000.0,0.051,0.0515,0.0505,0.051,550867.6
1737727200000.0,0.051,0.0514,0.0508,0.0513,190872.4
1737730800000.0,0.0513,0.0515,0.0487,0.0489,1373818.2
1737734400000.0,0.0493,0.0501,0.0481,0.0501,1669604.1
1737738000000.0,0.0497,0.0502,0.0486,0.0497,1117078.0
1737741600000.0,0.0497,0.0504,0.0491,0.0498,750633.4
1737745200000.0,0.0498,0.0504,0.049,0.05,708453.6
1737748800000.0,0.0497,0.05,0.049,0.0491,440626.9
1737752400000.0,0.0491,0.0495,0.0481,0.0492,965848.0
1737756000000.0,0.0496,0.0496,0.0485,0.0492,861875.1
1737759600000.0,0.049,0.0494,0.0483,0.0488,523989.6
1737763200000.0,0.0488,0.0491,0.0483,0.0491,492135.8
1737766800000.0,0.0491,0.0501,0.0489,0.0499,568237.1
1737770400000.0,0.0498,0.0503,0.0494,0.0497,323177.0
1737774000000.0,0.0497,0.0503,0.0493,0.0497,282029.8
1737777600000.0,0.0497,0.0505,0.0495,0.0498,484918.5
1737781200000.0,0.0498,0.0509,0.0497,0.0505,345507.0
1737784800000.0,0.0504,0.051,0.0493,0.0495,581340.7
1737788400000.0,0.0495,0.0498,0.0491,0.0492,122502.8
1737792000000.0,0.0492,0.0497,0.0487,0.0487,307080.4
1737795600000.0,0.0487,0.0501,0.0486,0.0496,233185.1
1737799200000.0,0.0495,0.0498,0.0487,0.0492,324326.2
1737802800000.0,0.0492,0.0502,0.0488,0.0498,730715.2
1737806400000.0,0.0498,0.0498,0.0491,0.0492,147411.3
1737810000000.0,0.0492,0.0496,0.0487,0.049,604674.7
1737813600000.0,0.049,0.0495,0.0482,0.0495,1127267.8
1737817200000.0,0.0492,0.0496,0.0474,0.0487,2251413.8
1737820800000.0,0.0487,0.0489,0.0481,0.0484,495405.1
1737824400000.0,0.0485,0.0491,0.0475,0.0479,1931674.0
1737828000000.0,0.048,0.0489,0.0476,0.0485,1198731.4
1737831600000.0,0.0485,0.049,0.048,0.0484,836717.3
1737835200000.0,0.0487,0.0493,0.0481,0.0493,469924.4
1737838800000.0,0.049,0.049,0.0476,0.0482,712144.2
1737842400000.0,0.048,0.0488,0.0478,0.0482,517176.0
1737846000000.0,0.0486,0.0487,0.0479,0.0484,546041.9
1737849600000.0,0.0483,0.0486,0.0477,0.0485,257463.7
1737853200000.0,0.0485,0.0488,0.0478,0.0484,484472.0
1737856800000.0,0.0484,0.0484,0.0475,0.0477,832072.4
1737860400000.0,0.0476,0.0486,0.0474,0.0486,145284.6
1737864000000.0,0.0484,0.0489,0.0482,0.0484,177537.7
1737867600000.0,0.0484,0.0486,0.0477,0.0484,932258.5
1737871200000.0,0.048,0.0482,0.0473,0.0475,852234.9
1737874800000.0,0.0477,0.0484,0.0476,0.0483,436279.3
1737878400000.0,0.0484,0.0489,0.0478,0.0483,448027.4
1737882000000.0,0.0481,0.0484,0.0475,0.048,1027515.9
1737885600000.0,0.0479,0.0479,0.0471,0.0473,506986.2
1737889200000.0,0.0477,0.0483,0.0476,0.0483,331620.0
1737892800000.0,0.0479,0.05,0.0479,0.0485,1967629.6
1737896400000.0,0.0485,0.0489,0.048,0.0489,341676.1
1737900000000.0,0.0486,0.0489,0.0482,0.0487,249373.7
1737903600000.0,0.0484,0.0487,0.047,0.0474,2661045.8
1737907200000.0,0.0474,0.0482,0.0472,0.0478,1328795.2
1737910800000.0,0.0478,0.0486,0.0476,0.0482,1338873.3
1737914400000.0,0.0483,0.0486,0.0473,0.0476,1318491.8
1737918000000.0,0.0476,0.0483,0.0473,0.0479,2494229.2
1737921600000.0,0.0479,0.0483,0.0476,0.0476,711022.0
1737925200000.0,0.0476,0.0481,0.0473,0.0476,1718899.6
1737928800000.0,0.0478,0.0479,0.047,0.0472,1541429.2
1737932400000.0,0.0472,0.0477,0.046,0.0465,1621113.6
1737936000000.0,0.0466,0.0469,0.045,0.0459,1562042.1
1737939600000.0,0.0461,0.0464,0.045,0.045,1217573.8
1737943200000.0,0.0451,0.0456,0.0443,0.0447,1828853.1
1737946800000.0,0.0447,0.0453,0.0442,0.0446,822815.5
1737950400000.0,0.0446,0.0451,0.0442,0.0449,827871.4
1737954000000.0,0.0449,0.0451,0.0444,0.0451,850503.3
1737957600000.0,0.0447,0.0453,0.0435,0.0435,1352724.2
1737961200000.0,0.0436,0.0444,0.0418,0.042,1618102.4
1737964800000.0,0.0423,0.0435,0.0422,0.0428,796679.7
1737968400000.0,0.0428,0.0442,0.0425,0.0442,503170.7
1737972000000.0,0.0439,0.0445,0.0435,0.0438,354080.7
1737975600000.0,0.0438,0.0493,0.0434,0.0455,3727850.0
1737979200000.0,0.0455,0.0463,0.045,0.0452,754721.7
1737982800000.0,0.0452,0.0461,0.045,0.0451,317357.0
1737986400000.0,0.0451,0.0458,0.0437,0.0452,1638959.3
1737990000000.0,0.0452,0.0458,0.0446,0.0455,283237.2
1737993600000.0,0.0457,0.0458,0.0438,0.0445,957374.5
1737997200000.0,0.0444,0.045,0.0442,0.0445,844739.4
1738000800000.0,0.0445,0.0449,0.0421,0.0438,1993674.1
1738004400000.0,0.0436,0.0442,0.0434,0.0435,554605.2
1738008000000.0,0.0437,0.0445,0.043,0.0444,1127666.4
1738011600000.0,0.0445,0.0453,0.0444,0.0447,1062414.5
1738015200000.0,0.0448,0.0457,0.0443,0.0454,588219.7
1738018800000.0,0.0456,0.0457,0.0447,0.0455,220443.7
1738022400000.0,0.0455,0.0475,0.0449,0.0467,937059.8
1738026000000.0,0.0466,0.0472,0.046,0.0462,1148726.9
1738029600000.0,0.0462,0.0467,0.046,0.0461,226217.8
1738033200000.0,0.0464,0.0471,0.0461,0.0468,390149.3
1738036800000.0,0.0469,0.047,0.0462,0.0463,606374.7
1738040400000.0,0.0466,0.0477,0.0464,0.0469,163508.8
1738044000000.0,0.047,0.048,0.0469,0.0475,202107.5
1738047600000.0,0.0473,0.0473,0.0464,0.0471,462856.5
1738051200000.0,0.0471,0.0475,0.0471,0.0471,71351.1
1738054800000.0,0.0474,0.0474,0.0459,0.0462,339679.3
1738058400000.0,0.0462,0.0468,0.0459,0.0463,638938.5
1738062000000.0,0.0463,0.0466,0.0459,0.0459,90109.7
1738065600000.0,0.0462,0.0465,0.0458,0.0463,227890.2
1738069200000.0,0.0463,0.0463,0.0455,0.0458,377690.2
1738072800000.0,0.0457,0.0457,0.0448,0.0453,391742.1
1738076400000.0,0.0452,0.0455,0.0449,0.0454,268487.2
1738080000000.0,0.0451,0.0454,0.0447,0.0448,158158.9
1738083600000.0,0.0448,0.0453,0.0443,0.0448,604760.3
1738087200000.0,0.0451,0.0452,0.0441,0.0441,515921.3
1738090800000.0,0.0441,0.0445,0.044,0.0442,314058.2
1738094400000.0,0.0445,0.0447,0.0441,0.0441,520011.2
1738098000000.0,0.0441,0.0446,0.044,0.0445,324860.3
1738101600000.0,0.0445,0.0446,0.0431,0.0439,1046861.5
1738105200000.0,0.0439,0.0441,0.0436,0.0441,203611.6
1738108800000.0,0.0441,0.045,0.0439,0.0446,726625.7
1738112400000.0,0.0449,0.0449,0.0445,0.0447,90661.8
1738116000000.0,0.0446,0.0461,0.0446,0.0455,1056913.0
1738119600000.0,0.0454,0.0454,0.0447,0.0451,372573.9
1738123200000.0,0.0449,0.0451,0.0448,0.0451,44747.6
1738126800000.0,0.0448,0.0451,0.0448,0.0449,32402.3
1738130400000.0,0.0449,0.0453,0.0449,0.0453,150729.0
1738134000000.0,0.0451,0.0457,0.0451,0.0454,188320.7
1738137600000.0,0.0456,0.046,0.0456,0.0456,404831.8
1738141200000.0,0.0456,0.0457,0.0453,0.0457,221481.2
1738144800000.0,0.0456,0.0463,0.0454,0.0457,507079.4
1738148400000.0,0.046,0.0464,0.0457,0.0458,466128.0
1738152000000.0,0.0457,0.0462,0.0454,0.0457,981894.0
1738155600000.0,0.0457,0.0457,0.0442,0.0444,907326.1
1738159200000.0,0.0444,0.0446,0.0437,0.0438,657666.4
1738162800000.0,0.044,0.0446,0.0436,0.0446,653597.2
1738166400000.0,0.0446,0.0447,0.0434,0.044,1007961.5
1738170000000.0,0.0443,0.0446,0.044,0.0441,222284.1
1738173600000.0,0.0441,0.0443,0.0439,0.0443,145052.8
1738177200000.0,0.0443,0.0447,0.0436,0.0447,1089795.1
1738180800000.0,0.0447,0.0454,0.0445,0.0447,522771.9
1738184400000.0,0.0448,0.0457,0.0447,0.0454,533135.7
1738188000000.0,0.0454,0.0456,0.0451,0.0455,332238.0
1738191600000.0,0.0455,0.0455,0.0444,0.0448,335308.9
1738195200000.0,0.0448,0.0455,0.0441,0.0455,777960.5
1738198800000.0,0.0455,0.0459,0.045,0.0451,251427.2
1738202400000.0,0.0454,0.0455,0.0449,0.0453,217848.3
1738206000000.0,0.0452,0.0458,0.045,0.0456,136564.6
1738209600000.0,0.0458,0.046,0.0455,0.0456,100552.9
1738213200000.0,0.0456,0.0456,0.0453,0.0455,22155.2
1738216800000.0,0.0454,0.0466,0.0454,0.0461,600457.2
1738220400000.0,0.0463,0.0468,0.0461,0.0461,71342.2
1738224000000.0,0.0461,0.0469,0.0461,0.0464,131455.7
1738227600000.0,0.0466,0.047,0.0466,0.047,38692.9
1738231200000.0,0.047,0.047,0.0462,0.0465,136476.9
1738234800000.0,0.0465,0.0467,0.0465,0.0467,18949.6
1738238400000.0,0.0465,0.0465,0.046,0.0464,295271.0
1738242000000.0,0.0464,0.0467,0.046,0.0466,252408.7
1738245600000.0,0.0464,0.0466,0.0462,0.0464,57314.1
1738249200000.0,0.0467,0.047,0.0464,0.0466,334315.0
1738252800000.0,0.0465,0.0466,0.0461,0.0464,294459.0
1738256400000.0,0.0463,0.0469,0.0461,0.0464,249935.8
1738260000000.0,0.0462,0.0466,0.0461,0.0461,162324.1
1738263600000.0,0.0461,0.0465,0.0458,0.0458,188809.4
1738267200000.0,0.0459,0.0463,0.0454,0.0458,316276.1
1738270800000.0,0.0455,0.0458,0.0452,0.0452,169618.6
1738274400000.0,0.0453,0.0457,0.0451,0.0454,811748.7
1738278000000.0,0.0453,0.046,0.0453,0.0458,444265.5
1738281600000.0,0.046,0.0461,0.0458,0.046,164834.7
1738285200000.0,0.0461,0.0463,0.046,0.0461,82376.8
1738288800000.0,0.0463,0.0464,0.0458,0.0458,303477.1
1738292400000.0,0.0457,0.0463,0.0454,0.046,219381.6
1738296000000.0,0.046,0.0464,0.0458,0.0463,144519.4
1738299600000.0,0.0464,0.0468,0.0462,0.0468,149937.8
1738303200000.0,0.0466,0.0477,0.0462,0.0474,240610.2
1738306800000.0,0.0474,0.0507,0.0473,0.0488,3339370.8
1738310400000.0,0.0488,0.052,0.0485,0.0508,2737614.3
1738314000000.0,0.0508,0.0545,0.0505,0.0512,5991848.4
1738317600000.0,0.051,0.0534,0.0506,0.0534,1527335.2
1738321200000.0,0.0534,0.0565,0.0507,0.0515,5937374.9
1738324800000.0,0.0515,0.0539,0.0497,0.0508,2427339.4
1738328400000.0,0.0505,0.0508,0.0474,0.048,2533858.6
1738332000000.0,0.048,0.0511,0.048,0.0507,3224343.1
1738335600000.0,0.0505,0.0507,0.0488,0.0492,1673158.6
1738339200000.0,0.0492,0.0533,0.0486,0.0512,2573232.0
1738342800000.0,0.0515,0.052,0.0493,0.0518,847164.7
1738346400000.0,0.0518,0.052,0.0489,0.0493,973476.8
1738350000000.0,0.0496,0.0509,0.0489,0.0509,1194731.4
1738353600000.0,0.0508,0.051,0.0496,0.0507,683201.8
1738357200000.0,0.0507,0.0556,0.0496,0.0556,2903500.3
1738360800000.0,0.0551,0.056,0.0513,0.0528,7499703.4
1738364400000.0,0.0527,0.0527,0.0504,0.0518,2037203.7
1738368000000.0,0.0519,0.0564,0.0515,0.0548,7105632.9
1738371600000.0,0.0545,0.0563,0.0524,0.053,4661703.4
1738375200000.0,0.0531,0.0539,0.0521,0.0521,1240197.6
1738378800000.0,0.052,0.053,0.0517,0.0528,571482.0
1738382400000.0,0.0528,0.0538,0.0512,0.0533,2104123.8
1738386000000.0,0.0532,0.0557,0.0529,0.0549,2033533.4
1738389600000.0,0.055,0.0564,0.0499,0.0523,6866772.0
1738393200000.0,0.0523,0.0534,0.051,0.053,608321.4
1738396800000.0,0.053,0.0536,0.052,0.0525,592950.2
1738400400000.0,0.0523,0.0533,0.0511,0.0516,562822.3
1738404000000.0,0.0516,0.0526,0.0513,0.0514,415328.0
1738407600000.0,0.0515,0.052,0.0492,0.0501,1213651.5
1738411200000.0,0.05,0.0504,0.0491,0.0494,739098.1
1738414800000.0,0.0492,0.0508,0.049,0.0499,563338.9
1738418400000.0,0.0499,0.0499,0.0476,0.0482,1400061.2
1738422000000.0,0.0483,0.0488,0.0478,0.0482,737858.8
1738425600000.0,0.048,0.0494,0.0479,0.048,1353942.9
1738429200000.0,0.048,0.0499,0.0478,0.0499,872776.5
1738432800000.0,0.0495,0.0496,0.0481,0.0482,406166.3
1738436400000.0,0.0482,0.0483,0.046,0.0473,3081974.7
1738440000000.0,0.0472,0.0473,0.0437,0.0459,5012054.4
1738443600000.0,0.0459,0.0465,0.0454,0.0462,624389.4
1738447200000.0,0.0461,0.0468,0.045,0.0463,788603.5
1738450800000.0,0.0463,0.0463,0.0451,0.0456,291166.7
1738454400000.0,0.0456,0.0467,0.045,0.0463,385948.1
1738458000000.0,0.0466,0.0473,0.0459,0.0459,613559.2
1738461600000.0,0.0461,0.0476,0.0453,0.0463,805242.1
1738465200000.0,0.0464,0.0465,0.0449,0.0452,358125.3
1738468800000.0,0.0449,0.0457,0.0448,0.0453,174505.5
1738472400000.0,0.0453,0.0464,0.0452,0.0461,266084.2
1738476000000.0,0.0462,0.0469,0.0458,0.0462,155802.1
1738479600000.0,0.0459,0.0459,0.0451,0.0452,47070.9
1738483200000.0,0.0455,0.047,0.0452,0.0464,436649.7
1738486800000.0,0.0464,0.0468,0.0459,0.0464,250919.6
1738490400000.0,0.0464,0.0469,0.0462,0.0465,279826.8
1738494000000.0,0.0464,0.0466,0.0457,0.046,147509.4
1738497600000.0,0.046,0.046,0.0449,0.0456,267614.2
1738501200000.0,0.0456,0.0463,0.0453,0.0461,503974.4
1738504800000.0,0.046,0.0473,0.0455,0.0465,513411.2
1738508400000.0,0.0462,0.0509,0.0454,0.0499,4118843.5
1738512000000.0,0.0501,0.0509,0.0469,0.0469,1305188.4
1738515600000.0,0.0472,0.05,0.0465,0.0468,3051511.8
1738519200000.0,0.0468,0.0469,0.0443,0.0448,2097442.5
1738522800000.0,0.0446,0.0456,0.0434,0.0456,1489020.5
1738526400000.0,0.0456,0.0459,0.0429,0.044,2243646.7
1738530000000.0,0.0437,0.0447,0.0431,0.0438,611437.2
1738533600000.0,0.0437,0.0444,0.0425,0.0431,907985.0
1738537200000.0,0.0432,0.0433,0.0418,0.0422,915896.3
1738540800000.0,0.0421,0.0435,0.041,0.0415,1354683.0
1738544400000.0,0.0414,0.0419,0.0398,0.0398,2702829.0
1738548000000.0,0.0398,0.04,0.035,0.0382,3821820.9
1738551600000.0,0.0384,0.0407,0.0382,0.0397,916860.4
1738555200000.0,0.0395,0.0395,0.0366,0.0366,1349534.3
1738558800000.0,0.0366,0.0393,0.0365,0.0385,1032925.8
1738562400000.0,0.0388,0.0398,0.0377,0.0382,608861.8
1738566000000.0,0.0383,0.0404,0.0377,0.0397,1126931.3
1738569600000.0,0.04,0.0404,0.0394,0.0394,442277.1
1738573200000.0,0.0395,0.0401,0.0391,0.0393,267713.9
1738576800000.0,0.0393,0.0399,0.0385,0.0399,669255.8
1738580400000.0,0.0399,0.0406,0.0396,0.0402,344710.9
1738584000000.0,0.0403,0.0411,0.0402,0.0407,283519.3
1738587600000.0,0.041,0.041,0.0392,0.0396,252909.1
1738591200000.0,0.0394,0.0419,0.0383,0.0418,1083223.9
1738594800000.0,0.0418,0.042,0.0402,0.0413,674108.0
1738598400000.0,0.0413,0.0431,0.0411,0.0423,813686.8
1738602000000.0,0.0421,0.0425,0.0415,0.0416,187424.4
1738605600000.0,0.0416,0.0431,0.0416,0.0428,351413.0
1738609200000.0,0.0429,0.0449,0.0426,0.0446,855512.8
1738612800000.0,0.0446,0.0452,0.0425,0.0435,489462.1
1738616400000.0,0.0433,0.044,0.043,0.0438,110025.3
1738620000000.0,0.044,0.0441,0.0422,0.0434,915787.5
1738623600000.0,0.0433,0.0442,0.0432,0.0439,476231.4
1738627200000.0,0.0439,0.0445,0.0436,0.0438,351057.9
1738630800000.0,0.0438,0.0455,0.0437,0.045,505075.2
1738634400000.0,0.0448,0.0448,0.0433,0.0437,555206.0
1738638000000.0,0.0437,0.0438,0.0428,0.0432,185131.5
1738641600000.0,0.0432,0.0439,0.0431,0.0435,124607.1
1738645200000.0,0.0435,0.0437,0.0401,0.042,1963371.9
1738648800000.0,0.0417,0.0419,0.0403,0.0414,728364.5
1738652400000.0,0.0414,0.0421,0.0411,0.0419,273911.7
1738656000000.0,0.0419,0.0423,0.0415,0.0419,119919.0
1738659600000.0,0.0419,0.0423,0.0415,0.042,631858.7
1738663200000.0,0.0421,0.0421,0.0401,0.0405,1257686.2
1738666800000.0,0.0406,0.042,0.0404,0.0417,963053.6
1738670400000.0,0.0417,0.0424,0.0416,0.0418,167833.8
1738674000000.0,0.042,0.043,0.0415,0.0419,822087.1
1738677600000.0,0.0418,0.0427,0.0414,0.0426,402763.2
1738681200000.0,0.0425,0.0425,0.0414,0.0421,235947.0
1738684800000.0,0.0418,0.0428,0.0416,0.0426,164554.5
1738688400000.0,0.0424,0.0429,0.0415,0.0417,461793.9
1738692000000.0,0.0417,0.0421,0.0414,0.0419,270606.8
1738695600000.0,0.0419,0.043,0.0419,0.042,395375.5
1738699200000.0,0.042,0.0421,0.0401,0.0407,1233014.7
1738702800000.0,0.0409,0.0409,0.039,0.0396,819921.4
1738706400000.0,0.0397,0.0406,0.0394,0.0399,660909.5
1738710000000.0,0.0399,0.0407,0.0396,0.0403,355730.9
1738713600000.0,0.0403,0.0408,0.0397,0.0403,345264.2
1738717200000.0,0.0402,0.0404,0.0399,0.0399,414933.2
1738720800000.0,0.0399,0.0414,0.0398,0.0411,952902.6
1738724400000.0,0.0413,0.0413,0.0408,0.0408,195207.4
1738728000000.0,0.0408,0.0413,0.0408,0.0411,35915.4
1738731600000.0,0.0411,0.0418,0.041,0.0414,149193.4
1738735200000.0,0.0413,0.042,0.0413,0.0419,272133.4
1738738800000.0,0.0419,0.0419,0.0414,0.0419,111313.2
1738742400000.0,0.0418,0.0419,0.0412,0.0416,169359.9
1738746000000.0,0.0416,0.0417,0.0412,0.0414,225805.2
1738749600000.0,0.0416,0.0417,0.0411,0.0415,40790.7
1738753200000.0,0.0413,0.0417,0.0412,0.0416,80544.1
1738756800000.0,0.0414,0.0418,0.0413,0.0413,190511.7
1738760400000.0,0.0413,0.0418,0.0412,0.0415,72827.9
1738764000000.0,0.0415,0.0418,0.0411,0.0414,396306.4
1738767600000.0,0.0415,0.0418,0.0409,0.0412,590118.7
1738771200000.0,0.0412,0.0414,0.0406,0.0406,1721054.4
1738774800000.0,0.0409,0.0415,0.0406,0.041,435945.4
1738778400000.0,0.0407,0.041,0.0402,0.0402,299924.8
1738782000000.0,0.0404,0.0407,0.0401,0.0406,596834.9
1738785600000.0,0.0408,0.0413,0.0404,0.0412,1005018.6
1738789200000.0,0.0412,0.0455,0.0409,0.0439,4512984.9
1738792800000.0,0.0439,0.0526,0.0437,0.0465,18066825.5
1738796400000.0,0.0466,0.0468,0.044,0.0462,4647834.9
1738800000000.0,0.046,0.0465,0.0419,0.0445,3325561.4
1738803600000.0,0.0441,0.048,0.0421,0.0434,5271995.5
1738807200000.0,0.0434,0.0451,0.0432,0.0443,772067.2
1738810800000.0,0.0442,0.0445,0.0427,0.0435,746518.9
1738814400000.0,0.0439,0.0442,0.0425,0.0432,455615.4
1738818000000.0,0.0431,0.0453,0.0427,0.0432,1213631.9
1738821600000.0,0.0432,0.0444,0.043,0.0434,477866.5
1738825200000.0,0.0434,0.0435,0.0425,0.0429,446212.2
1738828800000.0,0.0429,0.0432,0.0423,0.0432,381472.6
1738832400000.0,0.0429,0.0437,0.0427,0.0433,207607.4
1738836000000.0,0.043,0.0432,0.0426,0.0427,143978.4
1738839600000.0,0.0427,0.0474,0.0427,0.0465,1445421.2
1738843200000.0,0.0467,0.0518,0.0458,0.0461,8789516.7
1738846800000.0,0.0464,0.0487,0.0451,0.0457,2470734.9
1738850400000.0,0.0458,0.0479,0.0443,0.0445,1794120.0
1738854000000.0,0.0445,0.0496,0.0443,0.049,5173393.4
1738857600000.0,0.0492,0.0496,0.0442,0.046,3390158.3
1738861200000.0,0.0463,0.0478,0.0443,0.045,4092988.0
1738864800000.0,0.0453,0.0485,0.0453,0.0474,3067243.6
1738868400000.0,0.0472,0.0516,0.045,0.0507,11186754.2
1738872000000.0,0.0508,0.055,0.0475,0.0495,18853478.9
1738875600000.0,0.0494,0.0511,0.044,0.0469,8577270.8
1738879200000.0,0.0467,0.0495,0.0445,0.0465,4069467.4
1738882800000.0,0.0465,0.0495,0.0456,0.0478,4424265.7
1738886400000.0,0.0482,0.0488,0.0457,0.0463,1338728.5
1738890000000.0,0.0458,0.0461,0.0438,0.0458,3497678.4
1738893600000.0,0.0458,0.0459,0.0438,0.0445,790974.3
1738897200000.0,0.0445,0.0458,0.0445,0.0451,566722.8
1738900800000.0,0.0451,0.0452,0.0439,0.0452,714954.9
1738904400000.0,0.0451,0.0478,0.0446,0.0471,1448084.9
1738908000000.0,0.0471,0.0475,0.0458,0.0468,488240.0
1738911600000.0,0.0468,0.0484,0.0467,0.0483,654155.3
1738915200000.0,0.0481,0.0503,0.0472,0.0476,3062024.5
1738918800000.0,0.0477,0.0509,0.0476,0.0481,2583245.3
1738922400000.0,0.048,0.0491,0.0475,0.0489,590303.7
1738926000000.0,0.0492,0.0497,0.0472,0.0478,691355.0
1738929600000.0,0.0476,0.0477,0.0464,0.0468,1206507.7
1738933200000.0,0.0467,0.0472,0.046,0.046,2868306.5
1738936800000.0,0.046,0.047,0.0451,0.0465,2154338.9
1738940400000.0,0.0465,0.0493,0.046,0.0471,2650237.6
1738944000000.0,0.0472,0.048,0.0457,0.047,2938219.2
1738947600000.0,0.0466,0.0474,0.0458,0.0466,858095.5
1738951200000.0,0.0471,0.0471,0.0456,0.0462,707688.7
1738954800000.0,0.0462,0.0462,0.0448,0.045,1219756.8
1738958400000.0,0.0454,0.0475,0.0443,0.0468,1384713.5
1738962000000.0,0.0468,0.0483,0.0456,0.0468,647838.9
1738965600000.0,0.047,0.0473,0.0455,0.0461,407249.2
1738969200000.0,0.0461,0.0471,0.0456,0.0456,522752.7
1738972800000.0,0.0455,0.046,0.0443,0.0448,717636.8
1738976400000.0,0.0448,0.0452,0.0447,0.0449,327059.7
1738980000000.0,0.0449,0.0452,0.0447,0.0451,189582.3
1738983600000.0,0.0448,0.0454,0.0441,0.0454,512339.1
1738987200000.0,0.045,0.0458,0.0448,0.045,219771.3
1738990800000.0,0.0453,0.0494,0.0453,0.0473,1716845.7
1738994400000.0,0.0473,0.0473,0.0448,0.0459,1742341.8
1738998000000.0,0.0463,0.0464,0.0455,0.046,334771.4
1739001600000.0,0.046,0.0461,0.0455,0.0459,46267.4
1739005200000.0,0.0459,0.0462,0.0455,0.0461,46380.7
1739008800000.0,0.046,0.0461,0.0455,0.0455,113511.4
1739012400000.0,0.0455,0.0459,0.0455,0.0455,114828.8
1739016000000.0,0.0458,0.0473,0.0455,0.0456,1312267.8
1739019600000.0,0.0456,0.0461,0.0455,0.0456,62715.4
1739023200000.0,0.0459,0.0465,0.0457,0.046,463508.0
1739026800000.0,0.0459,0.0498,0.0453,0.0474,3240389.2
1739030400000.0,0.0477,0.0477,0.0462,0.0463,253541.1
1739034000000.0,0.0463,0.0467,0.0455,0.0459,600904.4
1739037600000.0,0.0459,0.0462,0.0451,0.046,954614.5
1739041200000.0,0.0461,0.0461,0.0423,0.044,4037399.2
1739044800000.0,0.0441,0.0453,0.0439,0.0451,822422.2
1739048400000.0,0.0451,0.0455,0.0448,0.0454,119281.5
1739052000000.0,0.0452,0.0457,0.045,0.0453,344629.0
1739055600000.0,0.0452,0.0459,0.0449,0.0454,434208.4
1739059200000.0,0.0452,0.0453,0.0447,0.0449,249798.7
1739062800000.0,0.0448,0.0463,0.0446,0.0458,243172.5
1739066400000.0,0.046,0.0462,0.0454,0.0454,53805.6
1739070000000.0,0.0456,0.0459,0.0428,0.0445,1921755.7
1739073600000.0,0.0445,0.0461,0.0442,0.0444,668279.7
1739077200000.0,0.0444,0.0453,0.0444,0.0444,226806.2
1739080800000.0,0.0444,0.0451,0.0444,0.045,27132.4
1739084400000.0,0.0448,0.0451,0.0445,0.0449,44994.3
1739088000000.0,0.0452,0.0459,0.0441,0.0453,971850.7
1739091600000.0,0.0454,0.0454,0.0447,0.0447,106975.4
1739095200000.0,0.0447,0.0451,0.0446,0.0447,36805.1
1739098800000.0,0.0447,0.0452,0.0445,0.0452,127672.6
1739102400000.0,0.0452,0.0452,0.0444,0.0445,82514.1
1739106000000.0,0.0445,0.0457,0.0444,0.0447,251363.4
1739109600000.0,0.0447,0.0448,0.0439,0.0445,212017.7
1739113200000.0,0.0446,0.0467,0.0446,0.0454,511061.5
1739116800000.0,0.0452,0.0458,0.0451,0.0456,48980.1
1739120400000.0,0.0456,0.0456,0.0444,0.0445,210407.5
1739124000000.0,0.0445,0.0449,0.0441,0.0446,157265.1
1739127600000.0,0.0444,0.0448,0.0436,0.0441,311866.0
1739131200000.0,0.0441,0.0444,0.0438,0.0439,101907.1
1739134800000.0,0.0438,0.0444,0.0428,0.0431,213977.1
1739138400000.0,0.0429,0.0436,0.042,0.0434,814476.1
1739142000000.0,0.0435,0.0444,0.0433,0.0437,289225.2
1739145600000.0,0.0435,0.0448,0.0434,0.044,610160.2
1739149200000.0,0.0441,0.0442,0.0423,0.0431,862122.6
1739152800000.0,0.0428,0.043,0.0424,0.0427,152324.7
1739156400000.0,0.0427,0.0435,0.0424,0.0431,358723.0
1739160000000.0,0.0431,0.0436,0.0431,0.0433,18504.7
1739163600000.0,0.0433,0.0438,0.0431,0.0436,25613.3
1739167200000.0,0.0436,0.0438,0.0433,0.0438,39234.3
1739170800000.0,0.0439,0.0439,0.0433,0.0433,82143.2
1739174400000.0,0.0435,0.0439,0.0433,0.0438,114222.4
1739178000000.0,0.0436,0.0439,0.0433,0.0436,26086.7
1739181600000.0,0.0436,0.0439,0.0435,0.0439,9760.7
1739185200000.0,0.0436,0.0439,0.0435,0.0439,8622.6
1739188800000.0,0.0439,0.0439,0.0437,0.0437,187690.7
1739192400000.0,0.0437,0.0441,0.0437,0.044,155753.3
1739196000000.0,0.0439,0.0442,0.0439,0.0442,278692.4
1739199600000.0,0.044,0.0442,0.0439,0.0441,199883.4
1739203200000.0,0.0439,0.0441,0.0439,0.0441,75966.1
1739206800000.0,0.0441,0.0443,0.0438,0.044,306993.4
1739210400000.0,0.0439,0.0443,0.0439,0.044,201060.7
1739214000000.0,0.044,0.0445,0.0436,0.0437,178837.4
1739217600000.0,0.0438,0.0441,0.0437,0.0441,799200.2
1739221200000.0,0.0441,0.0441,0.044,0.044,75152.8
1739224800000.0,0.044,0.0459,0.044,0.0453,719153.8
1739228400000.0,0.0455,0.0456,0.0431,0.0435,2826885.8
1739232000000.0,0.0435,0.0444,0.0434,0.0444,455946.6
1739235600000.0,0.0442,0.0444,0.0439,0.0441,68559.6
1739239200000.0,0.0441,0.0444,0.0437,0.0437,135297.4
1739242800000.0,0.044,0.0441,0.0437,0.044,54037.7
1739246400000.0,0.0439,0.0442,0.0438,0.0442,24487.1
1739250000000.0,0.0442,0.0452,0.0439,0.0448,429523.7
1739253600000.0,0.045,0.0451,0.0444,0.0446,202187.3
1739257200000.0,0.0448,0.045,0.0443,0.0444,64301.8
1739260800000.0,0.0444,0.0452,0.0443,0.0448,725805.7
1739264400000.0,0.0447,0.0449,0.0444,0.0445,35098.0
1739268000000.0,0.0445,0.0445,0.0439,0.0439,110895.4
1739271600000.0,0.0439,0.0446,0.0439,0.0445,152233.8
1739275200000.0,0.0446,0.0454,0.0439,0.0444,151184.9
1739278800000.0,0.0444,0.0445,0.0438,0.0441,149884.6
1739282400000.0,0.044,0.0444,0.0438,0.0439,402636.0
1739286000000.0,0.0441,0.0443,0.0438,0.0438,29147.4
1739289600000.0,0.0438,0.0438,0.0422,0.0431,1491713.9
1739293200000.0,0.0431,0.0432,0.042,0.0423,579299.6
1739296800000.0,0.0423,0.043,0.0423,0.0428,219309.8
1739300400000.0,0.0428,0.0428,0.0421,0.0425,161545.7
1739304000000.0,0.0425,0.0429,0.042,0.0421,482954.9
1739307600000.0,0.0422,0.043,0.0421,0.0427,182119.7
1739311200000.0,0.0426,0.0433,0.0422,0.0422,377305.2
1739314800000.0,0.0421,0.0428,0.0421,0.0427,67197.8
1739318400000.0,0.0426,0.0428,0.0408,0.0416,1194233.6
1739322000000.0,0.0417,0.0423,0.0416,0.042,392844.7
1739325600000.0,0.0422,0.0428,0.0419,0.0421,312068.1
1739329200000.0,0.042,0.0422,0.0412,0.0417,355642.8
1739332800000.0,0.0416,0.0416,0.0382,0.0398,4256539.6
1739336400000.0,0.0399,0.0407,0.0386,0.0393,2543203.2
1739340000000.0,0.0393,0.0402,0.0389,0.0399,1070820.8
1739343600000.0,0.04,0.0403,0.0397,0.0401,546904.4
1739347200000.0,0.04,0.0403,0.04,0.0403,327864.0
1739350800000.0,0.0402,0.0416,0.0402,0.0409,1181156.6
1739354400000.0,0.0409,0.041,0.0406,0.041,119453.3
1739358000000.0,0.041,0.0417,0.0408,0.0414,336588.4
1739361600000.0,0.0414,0.0414,0.0407,0.0407,232593.9
1739365200000.0,0.0408,0.0415,0.0404,0.0405,313406.3
1739368800000.0,0.0406,0.0406,0.0395,0.0401,207958.1
1739372400000.0,0.0401,0.0407,0.0399,0.0402,591977.3
1739376000000.0,0.0402,0.0406,0.0398,0.0404,582922.6
1739379600000.0,0.0405,0.0417,0.0405,0.0416,844117.2
1739383200000.0,0.0417,0.0423,0.0413,0.0416,416820.9
1739386800000.0,0.0416,0.0417,0.0412,0.0414,284154.4
1739390400000.0,0.0415,0.0422,0.0414,0.0418,320430.6
1739394000000.0,0.0418,0.0422,0.0417,0.042,313246.9
1739397600000.0,0.042,0.0423,0.0419,0.0422,325961.8
1739401200000.0,0.0422,0.0428,0.042,0.0421,335931.5
1739404800000.0,0.0422,0.0426,0.042,0.0421,233434.7
1739408400000.0,0.042,0.0421,0.042,0.042,97968.9
1739412000000.0,0.042,0.0422,0.0418,0.042,613252.1
1739415600000.0,0.042,0.042,0.0412,0.0414,329313.0
1739419200000.0,0.0415,0.0416,0.0414,0.0415,16225.3
1739422800000.0,0.0414,0.0414,0.0408,0.0409,438317.9
1739426400000.0,0.0409,0.0412,0.0404,0.0411,321421.9
1739430000000.0,0.0411,0.0411,0.0404,0.0408,612358.4
1739433600000.0,0.041,0.041,0.0405,0.0406,193314.3
1739437200000.0,0.0407,0.0411,0.0406,0.041,269285.8
1739440800000.0,0.041,0.041,0.0403,0.0403,202634.8
1739444400000.0,0.0405,0.0409,0.0405,0.0407,82729.6
1739448000000.0,0.0407,0.0411,0.0406,0.0411,93759.4
1739451600000.0,0.0409,0.0411,0.0394,0.041,4036690.1
1739455200000.0,0.0408,0.0408,0.0398,0.0403,586686.7
1739458800000.0,0.0403,0.041,0.04,0.0405,386281.9
1739462400000.0,0.0406,0.041,0.0405,0.0406,906238.0
1739466000000.0,0.0404,0.041,0.0402,0.0405,343509.1
1739469600000.0,0.0403,0.0406,0.04,0.0405,169993.3
1739473200000.0,0.0406,0.0411,0.0402,0.0407,244727.3
1739476800000.0,0.0406,0.0409,0.0402,0.0408,612677.4
1739480400000.0,0.0408,0.0409,0.0406,0.0409,83420.7
1739484000000.0,0.0409,0.0409,0.0407,0.0409,180660.7
1739487600000.0,0.0409,0.0409,0.0406,0.0407,381844.5
1739491200000.0,0.0409,0.0409,0.0405,0.0405,1241202.5
1739494800000.0,0.0405,0.0405,0.0401,0.0404,176564.5
1739498400000.0,0.0406,0.0408,0.0404,0.0407,158463.5
1739502000000.0,0.0407,0.0408,0.0405,0.0406,118886.0
1739505600000.0,0.0405,0.0409,0.0405,0.0409,211678.1
1739509200000.0,0.0409,0.0409,0.0405,0.0405,189523.5
1739512800000.0,0.0405,0.0409,0.0405,0.0408,115968.0
1739516400000.0,0.0408,0.0409,0.0405,0.0406,135740.5
1739520000000.0,0.0406,0.0409,0.0401,0.0406,348193.2
1739523600000.0,0.0405,0.0411,0.0405,0.0411,137777.0
1739527200000.0,0.041,0.0419,0.0402,0.0412,1446202.2
1739530800000.0,0.0411,0.0413,0.0409,0.0409,51081.1
1739534400000.0,0.0409,0.041,0.0399,0.0401,552362.3
1739538000000.0,0.04,0.0401,0.039,0.04,1651416.4
1739541600000.0,0.04,0.0406,0.0399,0.0402,684989.4
1739545200000.0,0.0402,0.0407,0.0402,0.0404,99530.9
1739548800000.0,0.0405,0.0407,0.0404,0.0406,33149.8
1739552400000.0,0.0406,0.0419,0.0405,0.0414,830290.0
1739556000000.0,0.0415,0.0425,0.0414,0.0422,1095863.3
1739559600000.0,0.0421,0.0421,0.0413,0.0417,506590.9
1739563200000.0,0.0416,0.0422,0.0415,0.0415,138399.9
1739566800000.0,0.0415,0.042,0.0412,0.0418,226015.0
1739570400000.0,0.0419,0.0419,0.0415,0.0416,89277.1
1739574000000.0,0.0415,0.0416,0.041,0.0411,129909.1
1739577600000.0,0.0413,0.0413,0.0407,0.0409,360208.2
1739581200000.0,0.0408,0.0411,0.0407,0.0411,122876.9
1739584800000.0,0.0409,0.041,0.0408,0.0408,9729.7
1739588400000.0,0.041,0.041,0.0406,0.0408,933039.2
1739592000000.0,0.0409,0.0411,0.0399,0.04,695484.6
1739595600000.0,0.0401,0.0402,0.0388,0.0395,1280918.5
1739599200000.0,0.0396,0.0405,0.0395,0.0399,408582.6
1739602800000.0,0.0398,0.0407,0.0397,0.0402,638621.7
1739606400000.0,0.0403,0.0406,0.0392,0.0399,613001.0
1739610000000.0,0.0399,0.0404,0.0397,0.0399,439240.5
1739613600000.0,0.04,0.0402,0.0397,0.0399,155970.8
1739617200000.0,0.0399,0.0401,0.0394,0.0398,33225.7
1739620800000.0,0.0398,0.0402,0.0395,0.0401,384878.1
1739624400000.0,0.04,0.0402,0.0398,0.0399,85691.5
1739628000000.0,0.04,0.0405,0.0396,0.0402,534392.4
1739631600000.0,0.0404,0.0405,0.0397,0.0403,818244.1
1739635200000.0,0.0402,0.0403,0.0394,0.04,990798.7
1739638800000.0,0.0401,0.0402,0.04,0.0401,199125.8
1739642400000.0,0.0401,0.0402,0.0399,0.0402,171338.3
1739646000000.0,0.0402,0.0403,0.0398,0.0398,390781.2
1739649600000.0,0.04,0.0408,0.04,0.0404,700811.0
1739653200000.0,0.0405,0.0408,0.0405,0.0408,38184.2
1739656800000.0,0.0409,0.0418,0.0405,0.0414,645445.2
1739660400000.0,0.0414,0.0428,0.0414,0.0421,619894.2
1739664000000.0,0.0423,0.0423,0.0412,0.0412,431469.5
1739667600000.0,0.0413,0.0417,0.0411,0.0415,287223.7
1739671200000.0,0.0414,0.0414,0.0395,0.0402,1246922.5
1739674800000.0,0.0403,0.0404,0.0399,0.0404,140548.7
1739678400000.0,0.0403,0.0406,0.0401,0.0404,21876.5
1739682000000.0,0.0404,0.0407,0.0402,0.0407,175515.6
1739685600000.0,0.0405,0.041,0.0405,0.0407,168471.0
1739689200000.0,0.0407,0.0453,0.0406,0.0443,2997672.9
1739692800000.0,0.0442,0.0451,0.0406,0.041,3506297.9
1739696400000.0,0.0411,0.0419,0.0405,0.0417,1179773.8
1739700000000.0,0.0417,0.0419,0.0413,0.0419,405187.6
1739703600000.0,0.0416,0.0424,0.0416,0.0421,142157.4
1739707200000.0,0.0421,0.0424,0.0419,0.042,139961.8
1739710800000.0,0.0418,0.042,0.0411,0.0412,218786.3
1739714400000.0,0.0413,0.0417,0.0402,0.0412,742032.3
1739718000000.0,0.0412,0.0421,0.0408,0.0415,399213.0
1739721600000.0,0.0415,0.0415,0.0406,0.0409,254638.6
1739725200000.0,0.0409,0.0412,0.0406,0.0408,194139.0
1739728800000.0,0.0408,0.0409,0.0399,0.0399,915305.5
1739732400000.0,0.0401,0.0404,0.0397,0.0401,554086.5
1739736000000.0,0.0401,0.0402,0.0398,0.04,348183.9
1739739600000.0,0.04,0.0405,0.0396,0.0404,274864.3
1739743200000.0,0.0405,0.0405,0.0397,0.04,261962.5
1739746800000.0,0.0401,0.0409,0.0401,0.0407,510855.6
1739750400000.0,0.0407,0.0407,0.0403,0.0405,17848.4
1739754000000.0,0.0405,0.0407,0.0405,0.0406,35401.1
1739757600000.0,0.0405,0.0411,0.0403,0.0406,660936.0
1739761200000.0,0.0407,0.0407,0.0402,0.0406,279053.7
1739764800000.0,0.0404,0.0419,0.0404,0.0416,1016356.9
1739768400000.0,0.0416,0.0416,0.0413,0.0415,67216.0
1739772000000.0,0.0415,0.0415,0.041,0.0413,136571.3
1739775600000.0,0.0413,0.0416,0.041,0.0413,154900.3
1739779200000.0,0.0414,0.0415,0.0412,0.0412,14010.8
1739782800000.0,0.0412,0.0413,0.0406,0.0408,289316.7
1739786400000.0,0.0408,0.041,0.0404,0.0405,192949.8
1739790000000.0,0.0407,0.0408,0.0406,0.0408,68491.6
1739793600000.0,0.0408,0.0411,0.0405,0.0411,276121.3
1739797200000.0,0.041,0.0413,0.0409,0.0412,126679.2
1739800800000.0,0.0413,0.0434,0.0409,0.0413,2016596.1
1739804400000.0,0.0413,0.0416,0.0411,0.0412,124715.8
1739808000000.0,0.0412,0.0412,0.04,0.0403,817204.8
1739811600000.0,0.0402,0.0402,0.0396,0.04,264172.1
1739815200000.0,0.04,0.04,0.0389,0.0394,829691.6
1739818800000.0,0.0393,0.0395,0.0388,0.0392,1794463.3
1739822400000.0,0.0394,0.0399,0.0391,0.0395,883360.6
1739826000000.0,0.0395,0.0413,0.0395,0.0401,1137567.6
1739829600000.0,0.0403,0.0406,0.0392,0.0399,1003763.0
1739833200000.0,0.0398,0.04,0.0395,0.0399,70713.6
1739836800000.0,0.0399,0.0399,0.0392,0.0395,169893.1
1739840400000.0,0.0396,0.0397,0.0393,0.0394,127961.4
1739844000000.0,0.0395,0.04,0.0395,0.0397,292422.5
1739847600000.0,0.0398,0.04,0.0397,0.0397,79077.2
1739851200000.0,0.0398,0.0403,0.0397,0.0399,295838.6
1739854800000.0,0.0399,0.0399,0.0392,0.0392,262198.4
1739858400000.0,0.0393,0.0396,0.039,0.0393,248623.4
1739862000000.0,0.0394,0.0398,0.0391,0.0396,254435.6
1739865600000.0,0.0395,0.0398,0.0392,0.0397,475947.4
1739869200000.0,0.0397,0.0399,0.0394,0.0397,69695.0
1739872800000.0,0.0397,0.04,0.0395,0.0396,43235.0
1739876400000.0,0.0395,0.0397,0.0392,0.0394,220918.1
1739880000000.0,0.0395,0.0397,0.0393,0.0397,68191.8
1739883600000.0,0.0394,0.0397,0.0394,0.0395,33136.1
1739887200000.0,0.0395,0.0399,0.0393,0.0395,131926.5
1739890800000.0,0.0395,0.0395,0.0389,0.0392,207062.5
1739894400000.0,0.039,0.0395,0.0388,0.0391,476745.8
1739898000000.0,0.0391,0.0396,0.0387,0.0392,384338.4
1739901600000.0,0.0391,0.04,0.0386,0.0389,509467.5
1739905200000.0,0.0388,0.039,0.0383,0.0387,733184.1
1739908800000.0,0.0387,0.0391,0.0385,0.039,470652.5
1739912400000.0,0.039,0.0401,0.0384,0.0399,646666.5
1739916000000.0,0.0399,0.0399,0.0393,0.0395,123537.3
1739919600000.0,0.0395,0.0396,0.0393,0.0393,23622.7
1739923200000.0,0.0395,0.0396,0.0392,0.0395,6824.7
1739926800000.0,0.0393,0.0396,0.0393,0.0393,93547.4
1739930400000.0,0.0393,0.0393,0.0386,0.0391,292297.1
1739934000000.0,0.0391,0.0403,0.0388,0.0391,402130.9
1739937600000.0,0.0391,0.0393,0.0387,0.0389,94329.7
1739941200000.0,0.0387,0.0399,0.0384,0.0388,270776.9
1739944800000.0,0.0388,0.0392,0.0383,0.0392,194446.7
1739948400000.0,0.0392,0.0402,0.0392,0.0396,322255.9
1739952000000.0,0.0398,0.0402,0.0398,0.0402,50777.6
1739955600000.0,0.04,0.0409,0.0399,0.0407,208624.6
1739959200000.0,0.0406,0.0406,0.0396,0.0399,264729.0
1739962800000.0,0.0398,0.0403,0.0397,0.0403,179556.0
1739966400000.0,0.04,0.0402,0.0396,0.0396,136681.4
1739970000000.0,0.0397,0.0398,0.0397,0.0398,23749.9
1739973600000.0,0.0399,0.0402,0.0396,0.0396,143730.6
1739977200000.0,0.0396,0.0397,0.0391,0.0395,315278.9
1739980800000.0,0.0393,0.0396,0.039,0.0392,275694.1
1739984400000.0,0.0391,0.0393,0.039,0.0391,100629.5
1739988000000.0,0.0391,0.0392,0.0386,0.0387,286054.8
1739991600000.0,0.0388,0.039,0.0386,0.0388,122817.2
1739995200000.0,0.0388,0.0389,0.0388,0.0388,30272.1
1739998800000.0,0.0388,0.0388,0.0386,0.0387,254160.7
1740002400000.0,0.0387,0.0387,0.0383,0.0385,533830.8
1740006000000.0,0.0385,0.0391,0.038,0.0387,1142616.5
1740009600000.0,0.0387,0.0389,0.0384,0.0388,92619.0
1740013200000.0,0.0388,0.0388,0.0384,0.0387,100790.2
1740016800000.0,0.0387,0.0389,0.0386,0.0387,33683.0
1740020400000.0,0.0386,0.0391,0.0385,0.0388,453398.7
1740024000000.0,0.039,0.0395,0.039,0.0392,675857.1
1740027600000.0,0.0393,0.0398,0.0392,0.0398,219341.3
1740031200000.0,0.0396,0.0396,0.039,0.039,483687.0
1740034800000.0,0.0391,0.0393,0.0391,0.0391,173646.0
1740038400000.0,0.0391,0.0393,0.0388,0.0388,170751.6
1740042000000.0,0.0388,0.039,0.0384,0.0389,128987.6
1740045600000.0,0.0389,0.0391,0.0385,0.0388,105039.7
1740049200000.0,0.0388,0.0391,0.0386,0.0388,52078.7
1740052800000.0,0.0388,0.0389,0.0385,0.0389,31078.4
1740056400000.0,0.0389,0.0392,0.0383,0.0388,851969.2
1740060000000.0,0.0389,0.0393,0.0387,0.0388,204958.5
1740063600000.0,0.0388,0.0388,0.0384,0.0387,141737.6
1740067200000.0,0.0386,0.0388,0.0385,0.0385,69327.7
1740070800000.0,0.0385,0.0388,0.0384,0.0388,277854.2
1740074400000.0,0.0386,0.0391,0.0385,0.0389,216271.7
1740078000000.0,0.039,0.0393,0.0389,0.0393,62493.1
1740081600000.0,0.0392,0.0392,0.0381,0.0385,857695.7
1740085200000.0,0.0385,0.0387,0.0383,0.0386,390776.4
1740088800000.0,0.0386,0.0387,0.0382,0.0387,642300.0
1740092400000.0,0.0386,0.0391,0.0382,0.0386,818830.3
1740096000000.0,0.0386,0.0387,0.0382,0.0384,404722.6
1740099600000.0,0.0384,0.0387,0.038,0.0385,403896.1
1740103200000.0,0.0384,0.0385,0.0374,0.0381,1062921.2
1740106800000.0,0.0382,0.0385,0.0376,0.0379,398251.4
1740110400000.0,0.0378,0.038,0.0375,0.038,194474.7
1740114000000.0,0.038,0.0383,0.0371,0.0378,620623.3
1740117600000.0,0.0379,0.0383,0.0379,0.0381,96027.8
1740121200000.0,0.0381,0.0386,0.038,0.0381,241165.2
1740124800000.0,0.0381,0.0387,0.0381,0.0382,645783.8
1740128400000.0,0.0382,0.0386,0.0368,0.0381,1313136.0
1740132000000.0,0.0381,0.0388,0.0377,0.0385,648157.3
1740135600000.0,0.0384,0.0389,0.0383,0.0387,177316.0
1740139200000.0,0.0387,0.0389,0.0384,0.0386,289625.9
1740142800000.0,0.0387,0.0394,0.0387,0.0392,644284.1
1740146400000.0,0.0391,0.0393,0.0386,0.0387,199871.8
1740150000000.0,0.0388,0.0389,0.0372,0.0378,1718508.9
1740153600000.0,0.0379,0.0382,0.0376,0.0382,346807.9
1740157200000.0,0.0381,0.0382,0.0374,0.0376,799410.5
1740160800000.0,0.0376,0.0377,0.0371,0.0375,292021.2
1740164400000.0,0.0375,0.0375,0.0359,0.0363,1227289.4
1740168000000.0,0.0363,0.0376,0.036,0.037,794421.7
1740171600000.0,0.0371,0.0374,0.0364,0.0372,305952.6
1740175200000.0,0.0371,0.038,0.0369,0.0373,283142.8
1740178800000.0,0.0373,0.0379,0.0371,0.0374,499402.8
1740182400000.0,0.0376,0.0376,0.0369,0.0371,194178.1
1740186000000.0,0.0372,0.0375,0.037,0.0375,105154.5
1740189600000.0,0.0375,0.0375,0.0373,0.0375,66038.4
1740193200000.0,0.0375,0.0377,0.0374,0.0376,41366.7
1740196800000.0,0.0376,0.0377,0.0374,0.0374,10589.9
1740200400000.0,0.0375,0.0377,0.0374,0.0377,8607.1
1740204000000.0,0.0376,0.0378,0.0373,0.0375,80809.7
1740207600000.0,0.0376,0.0379,0.0375,0.0378,75196.2
1740211200000.0,0.0378,0.0391,0.0378,0.0389,917704.8
1740214800000.0,0.0388,0.0389,0.0384,0.0385,136528.3
1740218400000.0,0.0384,0.0391,0.0383,0.0386,222491.9
1740222000000.0,0.0386,0.0389,0.0382,0.0389,85798.0
1740225600000.0,0.0388,0.0389,0.038,0.0381,112561.5
1740229200000.0,0.0381,0.0391,0.038,0.0381,674463.5
1740232800000.0,0.0383,0.0388,0.0381,0.0384,256194.0
1740236400000.0,0.0382,0.0388,0.0381,0.0387,89230.1
1740240000000.0,0.0385,0.0387,0.0381,0.0387,132222.6
1740243600000.0,0.0386,0.039,0.0373,0.0378,904808.5
1740247200000.0,0.0378,0.0382,0.0375,0.0379,531986.2
1740250800000.0,0.038,0.0385,0.0379,0.0384,246336.4
1740254400000.0,0.0384,0.0398,0.0382,0.0391,1128320.9
1740258000000.0,0.0391,0.0391,0.0386,0.0389,79380.2
1740261600000.0,0.039,0.0397,0.0389,0.0396,338793.0
1740265200000.0,0.0394,0.0398,0.0391,0.0398,237739.8
1740268800000.0,0.0397,0.0401,0.0393,0.0401,309118.8
1740272400000.0,0.04,0.0402,0.0388,0.0396,1065129.3
1740276000000.0,0.0396,0.0401,0.0393,0.0397,163029.1
1740279600000.0,0.0397,0.0399,0.0384,0.0392,750073.0
1740283200000.0,0.0392,0.0393,0.0389,0.0391,20113.0
1740286800000.0,0.0391,0.0395,0.0388,0.039,121087.0
1740290400000.0,0.039,0.0397,0.0389,0.0392,613114.7
1740294000000.0,0.0392,0.0395,0.0389,0.0395,14653.7
1740297600000.0,0.0396,0.0396,0.0391,0.0392,40480.7
1740301200000.0,0.0391,0.0394,0.039,0.0392,28462.9
1740304800000.0,0.0391,0.0393,0.038,0.0385,670053.5
1740308400000.0,0.0385,0.0388,0.0382,0.0382,166047.8
1740312000000.0,0.0383,0.0385,0.038,0.0385,171223.3
1740315600000.0,0.0385,0.0385,0.0382,0.0383,95308.2
1740319200000.0,0.0384,0.0386,0.0381,0.0382,150424.7
1740322800000.0,0.0382,0.0385,0.0381,0.0381,45883.9
1740326400000.0,0.038,0.0384,0.0379,0.0379,152389.4
1740330000000.0,0.0379,0.0382,0.0378,0.0381,98150.2
1740333600000.0,0.0382,0.0385,0.038,0.0383,165467.5
1740337200000.0,0.0383,0.0385,0.0382,0.0383,105166.4
1740340800000.0,0.0384,0.0386,0.0379,0.0382,503728.6
1740344400000.0,0.0382,0.0384,0.0379,0.0382,23924.4
1740348000000.0,0.0381,0.0383,0.038,0.0381,52446.8
1740351600000.0,0.0381,0.0383,0.038,0.0383,31961.5
1740355200000.0,0.0382,0.0383,0.0381,0.0381,16801.8
1740358800000.0,0.0381,0.0383,0.0374,0.0375,315755.7
1740362400000.0,0.0376,0.0386,0.0374,0.0382,390314.8
1740366000000.0,0.0382,0.0382,0.0373,0.0373,101004.7
1740369600000.0,0.0373,0.0375,0.037,0.0371,148168.3
1740373200000.0,0.0371,0.0372,0.0369,0.0371,101898.0
1740376800000.0,0.037,0.0377,0.0369,0.0372,555315.2
1740380400000.0,0.0372,0.0375,0.037,0.037,163063.6
1740384000000.0,0.0369,0.0371,0.0368,0.0368,144000.1
1740387600000.0,0.0368,0.0378,0.0365,0.0374,493683.2
1740391200000.0,0.0373,0.0375,0.0368,0.0369,122027.2
1740394800000.0,0.0371,0.0372,0.0358,0.0369,1052544.5
1740398400000.0,0.0368,0.0369,0.0366,0.0368,17734.4
1740402000000.0,0.0368,0.0371,0.0366,0.037,208379.7
1740405600000.0,0.0369,0.0369,0.0363,0.0366,153536.4
1740409200000.0,0.0366,0.037,0.0363,0.0363,460917.7
1740412800000.0,0.0364,0.0373,0.0361,0.0365,943908.5
1740416400000.0,0.0364,0.0368,0.0359,0.0367,427828.2
1740420000000.0,0.0367,0.0369,0.0353,0.0359,1099844.7
1740423600000.0,0.0358,0.0359,0.0354,0.0355,427127.3
1740427200000.0,0.0355,0.0356,0.0351,0.0354,339357.2
1740430800000.0,0.0353,0.0355,0.0346,0.0347,716094.2
1740434400000.0,0.0347,0.0347,0.0336,0.0342,1402825.0
1740438000000.0,0.0343,0.0344,0.0334,0.0337,1397142.7
1740441600000.0,0.0337,0.0371,0.0321,0.0347,4217128.7
1740445200000.0,0.0346,0.0354,0.034,0.0342,1083109.3
1740448800000.0,0.0342,0.0345,0.034,0.0343,225996.7
1740452400000.0,0.0343,0.0349,0.0343,0.0347,206304.3
1740456000000.0,0.0347,0.035,0.0346,0.035,40371.0
1740459600000.0,0.0349,0.035,0.0346,0.0349,96675.3
1740463200000.0,0.0348,0.0351,0.0345,0.0346,204474.8
1740466800000.0,0.0346,0.0347,0.0333,0.0335,399518.1
1740470400000.0,0.0334,0.0337,0.0329,0.0336,557930.6
1740474000000.0,0.0336,0.0338,0.033,0.0334,306198.0
1740477600000.0,0.0333,0.0333,0.0316,0.0318,1214444.3
1740481200000.0,0.0317,0.0337,0.0317,0.0334,753904.2
1740484800000.0,0.0333,0.034,0.033,0.0335,361672.2
1740488400000.0,0.0334,0.0336,0.0329,0.0329,279870.7
1740492000000.0,0.0331,0.0331,0.0322,0.0324,728341.5
1740495600000.0,0.0324,0.0336,0.0319,0.0335,770629.0
1740499200000.0,0.0335,0.0341,0.0325,0.0331,1069780.1
1740502800000.0,0.033,0.0334,0.0325,0.0328,777806.9
1740506400000.0,0.0329,0.0339,0.0329,0.0333,964499.2
1740510000000.0,0.0335,0.034,0.0331,0.0334,552302.9
1740513600000.0,0.0334,0.0341,0.0333,0.0336,371219.2
1740517200000.0,0.0337,0.0341,0.0336,0.034,490347.0
1740520800000.0,0.0341,0.0343,0.034,0.0343,81956.8
1740524400000.0,0.0341,0.0361,0.034,0.0353,1376661.2
1740528000000.0,0.0352,0.0356,0.035,0.0352,183491.3
1740531600000.0,0.0352,0.0352,0.0341,0.0344,297862.5
1740535200000.0,0.0344,0.0344,0.0338,0.034,161510.7
1740538800000.0,0.0339,0.0349,0.0339,0.0347,1049937.3
1740542400000.0,0.0347,0.0347,0.034,0.0341,485450.7
1740546000000.0,0.0343,0.0343,0.034,0.034,17858.3
1740549600000.0,0.034,0.0342,0.034,0.034,68175.6
1740553200000.0,0.034,0.0344,0.0338,0.0341,222926.5
1740556800000.0,0.0341,0.0342,0.0337,0.034,223556.1
1740560400000.0,0.0339,0.0341,0.0336,0.034,156473.2
1740564000000.0,0.034,0.034,0.0338,0.0338,108512.6
1740567600000.0,0.0337,0.0339,0.0334,0.0336,91335.3
1740571200000.0,0.0336,0.0338,0.0333,0.0334,180483.9
1740574800000.0,0.0335,0.035,0.0334,0.0343,1246121.4
1740578400000.0,0.0343,0.0345,0.0332,0.0342,856017.2
1740582000000.0,0.0343,0.0345,0.0334,0.0338,821197.2
1740585600000.0,0.0338,0.0338,0.0333,0.0333,122772.2
1740589200000.0,0.0334,0.0336,0.033,0.0331,178580.5
1740592800000.0,0.0331,0.0331,0.0326,0.0326,216656.0
1740596400000.0,0.0326,0.0326,0.0319,0.0323,332112.2
1740600000000.0,0.0323,0.0327,0.0318,0.0326,370632.1
1740603600000.0,0.0327,0.0331,0.0324,0.0328,279256.3
1740607200000.0,0.0329,0.0332,0.0328,0.0328,83330.8
1740610800000.0,0.0329,0.0331,0.0325,0.0329,228217.7
1740614400000.0,0.033,0.033,0.0325,0.0326,115481.8
1740618000000.0,0.0326,0.0328,0.0317,0.0324,1197074.8
1740621600000.0,0.0325,0.0328,0.0323,0.0327,140961.7
1740625200000.0,0.0328,0.033,0.0326,0.0328,132280.4
1740628800000.0,0.0327,0.0331,0.0327,0.0329,107759.8
1740632400000.0,0.0329,0.0331,0.0328,0.033,45195.6
1740636000000.0,0.033,0.0334,0.033,0.0332,149925.6
1740639600000.0,0.0332,0.0334,0.0332,0.0334,43725.8
1740643200000.0,0.0333,0.0335,0.0332,0.0334,244544.9
1740646800000.0,0.0334,0.0335,0.0333,0.0334,197439.5
1740650400000.0,0.0335,0.0336,0.0334,0.0336,48360.6
1740654000000.0,0.0335,0.0337,0.0333,0.0333,55932.1
1740657600000.0,0.0334,0.0335,0.0332,0.0334,45654.3
1740661200000.0,0.0333,0.0336,0.0332,0.0332,75766.0
1740664800000.0,0.0331,0.0335,0.0331,0.0333,174584.1
1740668400000.0,0.0333,0.0334,0.0332,0.0332,311574.2
1740672000000.0,0.0332,0.0332,0.0326,0.0327,249209.8
1740675600000.0,0.0327,0.0329,0.0327,0.0329,9054.0
1740679200000.0,0.0329,0.0329,0.0327,0.0327,57271.0
1740682800000.0,0.0326,0.0327,0.0319,0.0321,392516.8
1740686400000.0,0.0321,0.0345,0.0318,0.0344,2900829.9
1740690000000.0,0.0343,0.0344,0.033,0.0342,1759228.9
1740693600000.0,0.0341,0.0343,0.0329,0.0333,1058180.3
1740697200000.0,0.0332,0.0337,0.0329,0.0334,498759.8
1740700800000.0,0.0334,0.0337,0.033,0.0333,166077.0
1740704400000.0,0.0333,0.0333,0.0321,0.0325,585407.4
1740708000000.0,0.0325,0.0328,0.0321,0.0322,385548.6
1740711600000.0,0.0322,0.0325,0.0321,0.0321,973912.9
1740715200000.0,0.0321,0.0325,0.0321,0.0323,215591.3
1740718800000.0,0.0323,0.0324,0.032,0.0321,85024.9
1740722400000.0,0.032,0.0326,0.0311,0.0315,378414.9
1740726000000.0,0.0314,0.0323,0.031,0.0315,553688.7
1740729600000.0,0.0316,0.0335,0.0316,0.033,813305.9
1740733200000.0,0.0329,0.0332,0.0318,0.0321,430877.4
1740736800000.0,0.0321,0.0322,0.0317,0.0319,303241.7
1740740400000.0,0.0319,0.0323,0.0315,0.0318,749245.9
1740744000000.0,0.0317,0.0321,0.0317,0.0317,74997.4
1740747600000.0,0.0316,0.0324,0.0316,0.0323,146123.1
1740751200000.0,0.0323,0.0326,0.032,0.0325,170142.6
1740754800000.0,0.0326,0.0331,0.0324,0.033,296149.2
1740758400000.0,0.0329,0.0333,0.0319,0.0321,981417.9
1740762000000.0,0.0321,0.0329,0.0321,0.0328,1001190.3
1740765600000.0,0.0327,0.0331,0.0324,0.0329,234235.0
1740769200000.0,0.0328,0.0331,0.0326,0.0331,417986.6
1740772800000.0,0.033,0.033,0.0328,0.033,213901.2
1740776400000.0,0.033,0.0331,0.0326,0.0327,423527.0
1740780000000.0,0.0327,0.033,0.0326,0.0328,114890.0
1740783600000.0,0.0327,0.0329,0.0327,0.0329,33198.2
1740787200000.0,0.0328,0.0329,0.0321,0.0324,147530.3
1740790800000.0,0.0324,0.0326,0.032,0.0324,235124.0
1740794400000.0,0.0325,0.0329,0.0323,0.0328,164303.0
1740798000000.0,0.0328,0.0332,0.0327,0.0329,95956.8
1740801600000.0,0.033,0.0338,0.033,0.0337,664700.8
1740805200000.0,0.0337,0.0337,0.0332,0.0334,70330.4
1740808800000.0,0.0334,0.0336,0.033,0.0336,216358.4
1740812400000.0,0.0336,0.0337,0.0327,0.0331,181166.9
1740816000000.0,0.033,0.0332,0.0327,0.0329,57462.9
1740819600000.0,0.033,0.0332,0.0328,0.033,40526.8
1740823200000.0,0.033,0.033,0.0323,0.0323,118683.8
1740826800000.0,0.0322,0.0325,0.0322,0.0322,83129.0
1740830400000.0,0.0323,0.0323,0.0321,0.0323,24182.3
1740834000000.0,0.0323,0.0324,0.0318,0.032,130643.3
1740837600000.0,0.032,0.0323,0.032,0.0322,105859.2
1740841200000.0,0.0322,0.0326,0.0319,0.0326,167153.5
1740844800000.0,0.0324,0.0339,0.0323,0.0335,852455.4
1740848400000.0,0.0335,0.0345,0.0327,0.033,2400459.2
1740852000000.0,0.0331,0.0332,0.0322,0.0324,1270554.9
1740855600000.0,0.0325,0.0326,0.0323,0.0325,216352.2
1740859200000.0,0.0325,0.0345,0.0323,0.0336,1221757.3
1740862800000.0,0.0336,0.0341,0.0325,0.0341,1327671.2
1740866400000.0,0.034,0.034,0.0334,0.0335,182618.3
1740870000000.0,0.0334,0.0336,0.0332,0.0333,327726.5
1740873600000.0,0.0333,0.0333,0.033,0.0331,104198.1
1740877200000.0,0.033,0.0332,0.0329,0.0332,211566.6
1740880800000.0,0.033,0.033,0.0327,0.0328,31582.6
1740884400000.0,0.0327,0.033,0.0325,0.0328,245352.6
1740888000000.0,0.0327,0.0329,0.0326,0.0328,33375.0
1740891600000.0,0.0329,0.0343,0.0329,0.0343,598592.1
1740895200000.0,0.0343,0.0347,0.0329,0.0333,1293793.8
1740898800000.0,0.0332,0.0345,0.0329,0.034,842235.6
1740902400000.0,0.0341,0.0346,0.0338,0.0343,287841.2
1740906000000.0,0.0344,0.035,0.0331,0.0332,1519518.5
1740909600000.0,0.0332,0.0335,0.0332,0.0335,241596.0
1740913200000.0,0.0335,0.0336,0.0331,0.0333,251154.0
1740916800000.0,0.0333,0.0334,0.0331,0.0333,44879.6
1740920400000.0,0.0334,0.0335,0.0331,0.0332,56396.8
1740924000000.0,0.0333,0.0333,0.0329,0.0331,105674.7
1740927600000.0,0.0331,0.0339,0.0328,0.0336,1464166.2
1740931200000.0,0.0336,0.0345,0.0333,0.0343,2170513.0
1740934800000.0,0.0343,0.036,0.034,0.0358,2545858.1
1740938400000.0,0.0356,0.0356,0.0341,0.0345,1538094.3
1740942000000.0,0.0344,0.0352,0.0344,0.0351,1113108.3
1740945600000.0,0.0351,0.0354,0.0347,0.0351,563850.8
1740949200000.0,0.0351,0.0355,0.035,0.0352,939636.4
1740952800000.0,0.035,0.0352,0.0342,0.0347,811497.9
1740956400000.0,0.0347,0.0347,0.0343,0.0345,207530.7
1740960000000.0,0.0345,0.0345,0.0341,0.0343,172688.5
1740963600000.0,0.0344,0.0344,0.0338,0.034,187364.4
1740967200000.0,0.0339,0.0342,0.0338,0.034,633565.0
1740970800000.0,0.034,0.034,0.0338,0.0338,108936.1
1740974400000.0,0.0338,0.0339,0.0336,0.0337,313431.9
1740978000000.0,0.0337,0.0338,0.0336,0.0338,184129.8
1740981600000.0,0.0338,0.0338,0.0334,0.0335,178484.7
1740985200000.0,0.0335,0.0336,0.0332,0.0335,584910.8
1740988800000.0,0.0335,0.0337,0.0331,0.0333,364910.0
1740992400000.0,0.0333,0.0334,0.0332,0.0334,188212.6
1740996000000.0,0.0332,0.0334,0.0332,0.0332,121066.2
1740999600000.0,0.0333,0.0335,0.0332,0.0333,83604.1
1741003200000.0,0.0333,0.0334,0.033,0.0331,251094.1
1741006800000.0,0.0332,0.0333,0.0329,0.0332,632339.0
1741010400000.0,0.0331,0.0333,0.0326,0.0328,422432.3
1741014000000.0,0.0328,0.0329,0.0323,0.0325,757093.8
1741017600000.0,0.0325,0.0325,0.0317,0.0319,844077.2
1741021200000.0,0.0319,0.0322,0.0315,0.032,887904.7
1741024800000.0,0.0321,0.0321,0.0317,0.0318,198372.7
1741028400000.0,0.0318,0.0318,0.031,0.0311,455313.0
1741032000000.0,0.0311,0.0312,0.0297,0.03,1478694.5
1741035600000.0,0.03,0.0301,0.0293,0.0295,1308596.7
1741039200000.0,0.0295,0.0307,0.0295,0.0307,1501077.8
1741042800000.0,0.0308,0.0313,0.0306,0.031,269982.3
1741046400000.0,0.0307,0.0309,0.0303,0.0303,176282.0
1741050000000.0,0.0302,0.0304,0.029,0.0293,1022200.4
1741053600000.0,0.0293,0.0296,0.0287,0.0296,294901.0
1741057200000.0,0.0296,0.0297,0.029,0.0293,253843.3
1741060800000.0,0.0294,0.0295,0.029,0.0294,39493.7
1741064400000.0,0.0295,0.03,0.0293,0.0297,283511.1
1741068000000.0,0.0298,0.03,0.0292,0.0294,180190.9
1741071600000.0,0.0294,0.03,0.0292,0.03,121907.4
1741075200000.0,0.03,0.0308,0.0297,0.0302,326653.4
1741078800000.0,0.0303,0.0303,0.0287,0.0289,1172273.5
1741082400000.0,0.029,0.0292,0.0285,0.029,312591.1
1741086000000.0,0.0291,0.0292,0.0288,0.029,73591.5
1741089600000.0,0.029,0.029,0.0281,0.0286,217514.3
1741093200000.0,0.0285,0.0297,0.0278,0.0293,588889.6
1741096800000.0,0.0293,0.0299,0.0293,0.0297,116726.0
1741100400000.0,0.0297,0.0297,0.0288,0.029,462497.3
1741104000000.0,0.0291,0.0291,0.0266,0.0274,1480107.4
1741107600000.0,0.0274,0.0294,0.0273,0.0291,748868.2
1741111200000.0,0.0291,0.0302,0.0287,0.0298,1027099.5
1741114800000.0,0.0299,0.031,0.0299,0.0302,713189.0
1741118400000.0,0.0303,0.0306,0.0297,0.0298,234055.7
1741122000000.0,0.0297,0.0301,0.0294,0.0296,548816.7
1741125600000.0,0.0296,0.0298,0.0295,0.0297,51077.1
1741129200000.0,0.0296,0.0298,0.0295,0.0298,61306.4
1741132800000.0,0.0297,0.0299,0.0295,0.0296,59528.1
1741136400000.0,0.0296,0.0298,0.0295,0.0297,59593.4
1741140000000.0,0.0297,0.0299,0.0294,0.0296,74225.5
1741143600000.0,0.0296,0.0296,0.0288,0.0289,374116.9
1741147200000.0,0.0289,0.0294,0.0287,0.0293,217973.6
1741150800000.0,0.0291,0.0294,0.0289,0.0291,126260.5
1741154400000.0,0.0291,0.0293,0.029,0.029,118550.3
1741158000000.0,0.0291,0.0293,0.0284,0.029,193335.9
1741161600000.0,0.0292,0.0292,0.0287,0.0289,434569.6
1741165200000.0,0.029,0.0294,0.029,0.0293,99912.2
1741168800000.0,0.0293,0.0295,0.0292,0.0295,30856.7
1741172400000.0,0.0295,0.0297,0.0295,0.0296,167442.3
1741176000000.0,0.0296,0.0342,0.0293,0.0335,2768814.6
1741179600000.0,0.0335,0.0355,0.0314,0.0321,4410566.2
1741183200000.0,0.032,0.038,0.0319,0.037,7143762.8
1741186800000.0,0.0371,0.0438,0.0346,0.0413,24841053.3
1741190400000.0,0.0413,0.0414,0.0364,0.037,11989311.8
1741194000000.0,0.0372,0.0378,0.035,0.0354,7840540.7
1741197600000.0,0.0355,0.0435,0.0355,0.0409,13092094.7
1741201200000.0,0.0409,0.0421,0.0382,0.0396,12769400.2
1741204800000.0,0.0396,0.0398,0.0377,0.038,6617157.6
1741208400000.0,0.0379,0.0393,0.0371,0.0375,4657648.1
1741212000000.0,0.0376,0.0387,0.0361,0.0369,6865426.9
1741215600000.0,0.0368,0.0389,0.0361,0.0381,3706942.4
1741219200000.0,0.038,0.044,0.0375,0.043,19152937.1
1741222800000.0,0.0427,0.0483,0.0414,0.0426,34073492.0
1741226400000.0,0.0424,0.0428,0.039,0.0406,12477118.5
1741230000000.0,0.0405,0.0471,0.0378,0.0429,22000278.7
1741233600000.0,0.0429,0.044,0.0412,0.0435,6303251.6
1741237200000.0,0.0435,0.0455,0.0423,0.0429,6932114.0
1741240800000.0,0.0431,0.053,0.043,0.0478,24416587.7
1741244400000.0,0.0475,0.054,0.0472,0.0529,21169207.2
1741248000000.0,0.0526,0.0535,0.0465,0.0473,17697679.6
1741251600000.0,0.0472,0.0509,0.0469,0.0483,6726921.8
1741255200000.0,0.0482,0.049,0.0447,0.0484,11368174.1
1741258800000.0,0.0483,0.0532,0.0466,0.0516,7281106.4
1741262400000.0,0.0512,0.0575,0.05,0.0566,22599156.4
1741266000000.0,0.0571,0.06,0.0525,0.0599,23718986.0
1741269600000.0,0.0599,0.064,0.0551,0.0562,37860035.3
1741273200000.0,0.0561,0.0633,0.0557,0.059,24184449.6
1741276800000.0,0.0594,0.0628,0.0581,0.0606,18419457.7
1741280400000.0,0.0606,0.0614,0.0541,0.0563,21828334.1
1741284000000.0,0.0563,0.0593,0.0554,0.0589,8648110.8
1741287600000.0,0.0592,0.0684,0.0575,0.0627,27627738.5
1741291200000.0,0.0627,0.069,0.0604,0.0658,25140136.7
1741294800000.0,0.0658,0.0835,0.0655,0.0775,66751550.1
1741298400000.0,0.0775,0.0811,0.0752,0.0769,30785141.0
1741302000000.0,0.0769,0.0777,0.0686,0.0725,31392466.7
1741305600000.0,0.0727,0.075,0.0588,0.0635,53883882.7
1741309200000.0,0.0637,0.0673,0.0519,0.0537,49933584.6
1741312800000.0,0.0537,0.0611,0.0535,0.0555,25734677.5
1741316400000.0,0.0554,0.0619,0.055,0.059,17820738.4
1741320000000.0,0.0591,0.0595,0.0539,0.0548,10290410.2
1741323600000.0,0.0549,0.068,0.0546,0.0652,25929414.8
1741327200000.0,0.0654,0.0659,0.0607,0.0629,10876595.8
1741330800000.0,0.0626,0.0638,0.0557,0.0559,7847748.1
1741334400000.0,0.0559,0.0607,0.0556,0.06,5892478.4
1741338000000.0,0.06,0.075,0.0597,0.0703,24207797.3
1741341600000.0,0.0703,0.0715,0.0647,0.0667,17482157.1
1741345200000.0,0.0665,0.069,0.0625,0.0669,15114417.6
1741348800000.0,0.0669,0.067,0.062,0.0641,11242096.9
1741352400000.0,0.0642,0.0654,0.06,0.0641,18083284.8
1741356000000.0,0.064,0.0642,0.0576,0.0586,12858563.6
1741359600000.0,0.0588,0.0598,0.0561,0.0572,13285751.8
1741363200000.0,0.0572,0.0575,0.0502,0.0524,22683869.5
1741366800000.0,0.0525,0.0552,0.0512,0.0539,8155466.1
1741370400000.0,0.0538,0.0555,0.0505,0.0505,9512544.5
1741374000000.0,0.0507,0.052,0.0479,0.0509,16603572.5
1741377600000.0,0.0508,0.054,0.0496,0.0526,11237114.8
1741381200000.0,0.0526,0.0538,0.0495,0.0511,11798671.9
1741384800000.0,0.051,0.0524,0.0494,0.0513,4021928.1
1741388400000.0,0.0513,0.0535,0.0504,0.0534,2626245.3
1741392000000.0,0.0533,0.0556,0.0507,0.0521,8188716.0
1741395600000.0,0.0523,0.054,0.0507,0.051,3232248.3
1741399200000.0,0.0511,0.0513,0.0475,0.0478,6100372.5
1741402800000.0,0.0476,0.0485,0.047,0.0473,3518694.3
1741406400000.0,0.0473,0.0492,0.0455,0.0489,7820552.9
1741410000000.0,0.049,0.049,0.047,0.0475,1644636.1
1741413600000.0,0.0473,0.0483,0.0456,0.0461,2502111.5
1741417200000.0,0.0461,0.0482,0.0459,0.0476,2419310.4
1741420800000.0,0.0474,0.0515,0.0461,0.05,5527809.0
1741424400000.0,0.0502,0.051,0.0481,0.051,3922307.5
1741428000000.0,0.051,0.0584,0.0506,0.0546,10048214.4
1741431600000.0,0.0545,0.0556,0.0522,0.0529,4097267.6
1741435200000.0,0.0529,0.0545,0.05,0.0523,3295484.6
1741438800000.0,0.0524,0.0549,0.0486,0.0539,3254956.9
1741442400000.0,0.0538,0.0541,0.0483,0.0489,2876415.2
1741446000000.0,0.0486,0.0502,0.0481,0.0491,2736719.6
1741449600000.0,0.0492,0.0497,0.048,0.0487,691598.3
1741453200000.0,0.0487,0.0492,0.046,0.0467,3872689.5
1741456800000.0,0.0469,0.0476,0.0461,0.0472,1837163.9
1741460400000.0,0.0471,0.0474,0.0464,0.0465,602382.4
1741464000000.0,0.0465,0.0469,0.046,0.0467,1826673.8
1741467600000.0,0.0465,0.047,0.0461,0.0469,666683.7
1741471200000.0,0.047,0.047,0.0461,0.0462,1262459.6
1741474800000.0,0.0462,0.0481,0.0455,0.0458,5046916.0
1741478400000.0,0.0458,0.046,0.0437,0.044,6228835.7
1741482000000.0,0.0443,0.0449,0.0438,0.0442,1252755.0
1741485600000.0,0.0441,0.0445,0.0437,0.0438,864825.8
1741489200000.0,0.0438,0.0438,0.0415,0.0418,3203657.5
1741492800000.0,0.0419,0.0428,0.0416,0.0428,972297.0
1741496400000.0,0.0428,0.0451,0.0427,0.0432,2010038.5
1741500000000.0,0.0434,0.0435,0.0419,0.0419,494693.4
1741503600000.0,0.0419,0.043,0.0414,0.0427,1918087.7
1741507200000.0,0.0427,0.0427,0.0418,0.0423,1566728.7
1741510800000.0,0.0423,0.0429,0.042,0.0424,624740.0
1741514400000.0,0.0424,0.0428,0.0401,0.0403,2392887.2
1741518000000.0,0.0403,0.0405,0.0391,0.0395,3671264.4
1741521600000.0,0.0396,0.04,0.039,0.0393,1752996.0
1741525200000.0,0.0395,0.0395,0.038,0.038,2758385.5
1741528800000.0,0.0382,0.0394,0.0377,0.0392,2052901.4
1741532400000.0,0.0392,0.0393,0.038,0.0386,2075434.7
1741536000000.0,0.0385,0.0393,0.0375,0.0392,3496094.3
1741539600000.0,0.0393,0.0431,0.037,0.0404,6676271.8
1741543200000.0,0.0406,0.0417,0.0385,0.04,5276175.2
1741546800000.0,0.0397,0.0414,0.0381,0.0389,4570621.2
1741550400000.0,0.0387,0.0504,0.0382,0.0465,27260194.9
1741554000000.0,0.0463,0.0535,0.0441,0.0483,16893223.8
1741557600000.0,0.0483,0.0523,0.0455,0.048,7784467.5
1741561200000.0,0.0479,0.048,0.0413,0.0426,7347854.7
1741564800000.0,0.0427,0.0431,0.0402,0.0413,2125593.1
1741568400000.0,0.0413,0.0428,0.0391,0.0393,4060745.7
1741572000000.0,0.0393,0.0404,0.0388,0.0399,2394485.4
1741575600000.0,0.0398,0.0411,0.039,0.0401,2783247.5
1741579200000.0,0.0401,0.041,0.0396,0.0407,1505695.8
1741582800000.0,0.0406,0.0408,0.0388,0.0391,2067471.3
1741586400000.0,0.0391,0.0404,0.0388,0.0399,925940.6
1741590000000.0,0.04,0.0454,0.0399,0.0432,8184311.1
1741593600000.0,0.0431,0.0494,0.0428,0.0439,8788454.8
1741597200000.0,0.0439,0.0495,0.0435,0.0453,7408627.7
1741600800000.0,0.0453,0.0459,0.0431,0.0431,1041255.9
1741604400000.0,0.0433,0.0505,0.0424,0.046,5677701.4
1741608000000.0,0.0459,0.0508,0.045,0.0477,11287194.5
1741611600000.0,0.0477,0.0493,0.046,0.0476,8388216.5
1741615200000.0,0.0475,0.0476,0.0437,0.0445,6155118.1
1741618800000.0,0.0445,0.0569,0.044,0.0551,9789638.8
1741622400000.0,0.0551,0.0578,0.0492,0.0563,26951444.5
1741626000000.0,0.0563,0.0599,0.0533,0.0557,23975502.0
1741629600000.0,0.0557,0.0575,0.0467,0.05,16885448.0
1741633200000.0,0.05,0.052,0.0466,0.0513,14677592.1
1741636800000.0,0.0514,0.0547,0.048,0.0482,10945791.1
1741640400000.0,0.0482,0.05,0.045,0.0455,7329641.4
1741644000000.0,0.0455,0.0483,0.0419,0.0427,4631346.8
1741647600000.0,0.0427,0.0522,0.0422,0.0485,9070175.8
1741651200000.0,0.0484,0.0485,0.0426,0.046,10114873.6
1741654800000.0,0.0462,0.0482,0.0438,0.0455,5549524.8
1741658400000.0,0.0455,0.051,0.0452,0.0498,7684453.9
1741662000000.0,0.0497,0.0509,0.046,0.0483,6700141.5
1741665600000.0,0.0484,0.0488,0.045,0.0466,8409132.4
1741669200000.0,0.0468,0.049,0.046,0.0472,2370764.5
1741672800000.0,0.0471,0.0476,0.046,0.0463,1842144.1
1741676400000.0,0.0464,0.0479,0.0452,0.0466,1525856.2
1741680000000.0,0.0466,0.0499,0.0464,0.0488,3683114.6
1741683600000.0,0.0488,0.0499,0.048,0.0485,1363796.5
1741687200000.0,0.0485,0.049,0.0461,0.047,2354432.0
1741690800000.0,0.047,0.0488,0.0463,0.047,2015277.2
1741694400000.0,0.047,0.0489,0.0461,0.0483,2355186.0
1741698000000.0,0.0482,0.0488,0.047,0.0478,1137704.4
1741701600000.0,0.0478,0.0517,0.0476,0.0495,4655018.6
1741705200000.0,0.0495,0.0517,0.0483,0.0502,5601230.3
1741708800000.0,0.0502,0.0504,0.0471,0.0485,4140143.4
1741712400000.0,0.0484,0.0489,0.0469,0.0471,2018755.7
1741716000000.0,0.0469,0.0484,0.046,0.0464,4529910.9
1741719600000.0,0.0462,0.047,0.044,0.0457,5397123.4
1741723200000.0,0.0457,0.046,0.043,0.0439,4659934.1
1741726800000.0,0.044,0.047,0.0439,0.0454,2340581.3
1741730400000.0,0.0457,0.0462,0.0445,0.0454,2372576.5
1741734000000.0,0.0455,0.0467,0.0449,0.0458,1920452.8
1741737600000.0,0.0458,0.0466,0.0449,0.0451,1860513.3
1741741200000.0,0.0451,0.0459,0.0446,0.0451,2102461.9
1741744800000.0,0.0449,0.0466,0.0444,0.0452,2845713.7
1741748400000.0,0.0452,0.0461,0.0441,0.0442,1046979.3
1741752000000.0,0.0444,0.0448,0.043,0.0435,1401496.6
1741755600000.0,0.0435,0.0448,0.0435,0.0446,1598367.6
1741759200000.0,0.0447,0.0449,0.043,0.0433,1237552.9
1741762800000.0,0.0433,0.0436,0.0427,0.043,1314450.1
1741766400000.0,0.0429,0.0431,0.0406,0.0427,3901404.5
1741770000000.0,0.0427,0.0436,0.042,0.0434,1495889.2
1741773600000.0,0.0433,0.0438,0.0429,0.0435,767405.1
1741777200000.0,0.0436,0.0442,0.0431,0.0432,977439.8
1741780800000.0,0.0432,0.0458,0.0419,0.0438,3965739.8
1741784400000.0,0.0438,0.0451,0.0429,0.0431,2394981.1
1741788000000.0,0.0431,0.0441,0.0417,0.0431,2885542.6
1741791600000.0,0.0432,0.0432,0.0421,0.0426,1043167.4
1741795200000.0,0.0425,0.0425,0.0393,0.0416,7623249.6
1741798800000.0,0.0417,0.0423,0.0414,0.0418,876746.1
1741802400000.0,0.0419,0.0425,0.0412,0.0423,710396.4
1741806000000.0,0.0423,0.0424,0.0409,0.0414,1867124.5
1741809600000.0,0.0413,0.0417,0.0404,0.0407,1067435.1
1741813200000.0,0.0408,0.0414,0.0402,0.0409,1363112.5
1741816800000.0,0.0407,0.0415,0.0405,0.0415,624859.6
1741820400000.0,0.0413,0.0429,0.0411,0.0416,2416208.9
1741824000000.0,0.0416,0.043,0.0415,0.042,1329373.1
1741827600000.0,0.0422,0.0432,0.0414,0.0425,1279335.7
1741831200000.0,0.0426,0.0432,0.0417,0.0423,1195287.4
1741834800000.0,0.0424,0.0434,0.0415,0.0415,1297484.3
1741838400000.0,0.0415,0.0419,0.0408,0.0416,476195.4
1741842000000.0,0.0416,0.0417,0.0406,0.0409,1622401.2
1741845600000.0,0.0408,0.0408,0.0399,0.0403,794477.1
1741849200000.0,0.0403,0.041,0.04,0.041,564420.8
1741852800000.0,0.0408,0.041,0.0406,0.0406,180372.2
1741856400000.0,0.0408,0.0409,0.0402,0.0404,351522.3
1741860000000.0,0.0403,0.0404,0.0386,0.0397,2882030.3
1741863600000.0,0.0397,0.0402,0.0392,0.0402,827037.7
1741867200000.0,0.0402,0.0403,0.0386,0.0397,1824979.6
1741870800000.0,0.0396,0.0397,0.0382,0.0394,1457931.7
1741874400000.0,0.0393,0.0393,0.038,0.0386,2224970.5
1741878000000.0,0.0387,0.0393,0.038,0.0391,1310730.1
1741881600000.0,0.0391,0.0391,0.0384,0.0385,571382.2
1741885200000.0,0.0384,0.0389,0.038,0.0388,806306.5
1741888800000.0,0.0389,0.0407,0.0388,0.0393,2222562.5
1741892400000.0,0.0393,0.0393,0.0374,0.0376,1975684.2
1741896000000.0,0.0376,0.0387,0.0376,0.0382,1069754.3
1741899600000.0,0.0382,0.0382,0.0356,0.0368,4654751.9
1741903200000.0,0.0368,0.0379,0.0363,0.0376,1638424.0
1741906800000.0,0.0378,0.0378,0.0367,0.0372,2382673.4
1741910400000.0,0.0371,0.0372,0.0369,0.0371,560983.3
1741914000000.0,0.0372,0.0397,0.0369,0.0385,4215171.5
1741917600000.0,0.0386,0.0405,0.0381,0.0405,2897773.2
1741921200000.0,0.0403,0.0404,0.0383,0.0395,1284790.0
1741924800000.0,0.0392,0.0395,0.0387,0.0389,290494.4
1741928400000.0,0.0391,0.0403,0.0389,0.039,545187.2
1741932000000.0,0.039,0.04,0.0389,0.0389,238133.6
1741935600000.0,0.0389,0.0395,0.0389,0.0391,246440.3
1741939200000.0,0.0393,0.0406,0.0392,0.0401,862032.8
1741942800000.0,0.0403,0.0403,0.0395,0.0397,338126.9
1741946400000.0,0.0399,0.0399,0.0391,0.0395,317943.3
1741950000000.0,0.0395,0.0398,0.0391,0.0395,715790.9
1741953600000.0,0.0397,0.0402,0.0384,0.0399,1692831.1
1741957200000.0,0.0397,0.045,0.0396,0.042,11291163.9
1741960800000.0,0.0421,0.0438,0.0406,0.0408,6236059.7
1741964400000.0,0.0409,0.0416,0.04,0.0408,2245995.5
1741968000000.0,0.0407,0.041,0.0401,0.0403,1031838.9
1741971600000.0,0.0403,0.0407,0.0389,0.0394,2659994.7
1741975200000.0,0.0394,0.0409,0.0392,0.0397,2251058.7
1741978800000.0,0.0397,0.0411,0.0395,0.04,2526975.4
1741982400000.0,0.0399,0.0403,0.0398,0.0401,352761.9
1741986000000.0,0.04,0.0404,0.0397,0.0398,630070.9
1741989600000.0,0.0398,0.04,0.0393,0.0396,319587.5
1741993200000.0,0.0394,0.0401,0.0393,0.0398,682980.7
1741996800000.0,0.0395,0.04,0.0387,0.0392,945951.7
1742000400000.0,0.0391,0.0395,0.0387,0.0395,458813.3
1742004000000.0,0.0392,0.0405,0.0387,0.04,1036769.9
1742007600000.0,0.0402,0.0409,0.0399,0.04,997536.7
1742011200000.0,0.04,0.0403,0.0397,0.0403,322044.3
1742014800000.0,0.0403,0.042,0.0393,0.0395,2331744.3
1742018400000.0,0.0395,0.0407,0.0392,0.0397,1810222.2
1742022000000.0,0.0398,0.0404,0.0398,0.0402,236863.1
1742025600000.0,0.0402,0.0405,0.0395,0.0399,862452.9
1742029200000.0,0.0398,0.0402,0.0392,0.04,924742.8
1742032800000.0,0.04,0.0401,0.0392,0.0395,247533.1
1742036400000.0,0.0396,0.044,0.0396,0.0429,4816455.1
1742040000000.0,0.0429,0.0445,0.0408,0.0415,3869538.1
1742043600000.0,0.0416,0.0427,0.0411,0.0413,788403.2
1742047200000.0,0.0416,0.0417,0.0411,0.0416,270712.7
1742050800000.0,0.0414,0.0439,0.0405,0.0422,2523005.0
1742054400000.0,0.0424,0.0425,0.0409,0.0415,1112300.1
1742058000000.0,0.0414,0.0418,0.0409,0.041,675191.9
1742061600000.0,0.0411,0.0413,0.0406,0.0408,578233.3
1742065200000.0,0.0408,0.0414,0.0395,0.0405,1903086.1
1742068800000.0,0.0405,0.0409,0.039,0.0405,4328689.7
1742072400000.0,0.0407,0.0412,0.0398,0.0408,1748163.5
1742076000000.0,0.0407,0.041,0.0404,0.0406,294096.7
1742079600000.0,0.0406,0.0408,0.0396,0.0406,1963713.4
1742083200000.0,0.0406,0.0406,0.0399,0.0401,722215.7
1742086800000.0,0.0401,0.0424,0.0401,0.0405,1435912.2
1742090400000.0,0.0407,0.0407,0.0398,0.0402,623937.4
1742094000000.0,0.04,0.0403,0.04,0.04,157810.2
1742097600000.0,0.04,0.04,0.0395,0.0398,119424.5
1742101200000.0,0.0398,0.0406,0.0397,0.0404,458372.5
1742104800000.0,0.0405,0.0405,0.0402,0.0405,81739.1
1742108400000.0,0.0402,0.0407,0.0399,0.0405,506266.7
1742112000000.0,0.0405,0.0412,0.0403,0.041,147449.8
1742115600000.0,0.0408,0.041,0.0403,0.0405,279460.9
1742119200000.0,0.0405,0.0406,0.0394,0.0396,449698.7
1742122800000.0,0.0394,0.0407,0.0393,0.0407,721852.0
1742126400000.0,0.0407,0.0416,0.0396,0.0398,2032721.8
1742130000000.0,0.0397,0.0414,0.0385,0.0392,2245978.1
1742133600000.0,0.039,0.0404,0.0384,0.0392,2445971.8
1742137200000.0,0.0392,0.0405,0.0388,0.0392,1288729.7
1742140800000.0,0.039,0.0402,0.039,0.0397,449857.4
1742144400000.0,0.0399,0.04,0.0388,0.0391,409856.0
1742148000000.0,0.0391,0.0392,0.0383,0.0386,776307.5
1742151600000.0,0.0386,0.0387,0.0382,0.0386,560855.7
1742155200000.0,0.0386,0.0389,0.038,0.0384,2934359.9
1742158800000.0,0.0384,0.0385,0.0382,0.0383,192731.2
1742162400000.0,0.0382,0.0389,0.0378,0.0381,1287072.5
1742166000000.0,0.0381,0.0398,0.0367,0.0383,3730934.5
1742169600000.0,0.0385,0.0393,0.0365,0.037,4376229.7
1742173200000.0,0.037,0.0377,0.0363,0.0376,2248611.1
1742176800000.0,0.0377,0.0388,0.0376,0.0378,1160119.9
1742180400000.0,0.038,0.0381,0.0377,0.0379,392366.8
1742184000000.0,0.038,0.0381,0.0377,0.0379,318539.1
1742187600000.0,0.0379,0.0384,0.0378,0.0382,330645.2
1742191200000.0,0.0382,0.0382,0.0374,0.0379,675540.9
1742194800000.0,0.0379,0.038,0.0375,0.0378,308891.5
1742198400000.0,0.0378,0.0394,0.0377,0.039,804025.2
1742202000000.0,0.039,0.0391,0.0384,0.0384,312076.7
1742205600000.0,0.0387,0.0392,0.0387,0.0389,173747.7
1742209200000.0,0.0392,0.0394,0.039,0.0392,235704.4
1742212800000.0,0.039,0.0402,0.0388,0.0397,1164529.5
1742216400000.0,0.0399,0.0407,0.0389,0.0394,932615.9
1742220000000.0,0.0396,0.0404,0.0387,0.0389,1194307.0
1742223600000.0,0.0389,0.0418,0.0389,0.0399,4267544.6
1742227200000.0,0.0399,0.0404,0.0393,0.0393,219257.3
1742230800000.0,0.0391,0.0394,0.0386,0.039,812113.9
1742234400000.0,0.039,0.0392,0.0386,0.0391,1248971.4
1742238000000.0,0.0391,0.0392,0.0389,0.0389,127847.2
